185 2 16
7503 6 52
7619 8 63
7642 10 57
7747 5 34
7851 19 66
7865 23 52
7916 32 76
7940 28 85
7972 12 62
8175 9 80
8233 3 16
8266 8 34
8442 3 14
8459 3 22
8791 9 3
8929 21 32
9104 36 29
9374 24 76
9380 24 73
9407 35 73
9451 41 55
9481 22 61
9582 42 71
9657 91 54
9728 97 41
9809 120 68
9854 138 69
10148 87 47
10219 107 47
10253 94 54
10316 103 64
10329 108 67
10402 102 45
10462 137 62
10524 123 66
10628 58 30
10974 89 42
11007 120 61
11031 102 62
11047 117 60
11127 96 44
11146 88 42
11264 142 56
11280 125 39
11706 94 56
11753 78 48
11759 71 44
11992 71 41
12393 104 49
12405 101 51
12588 101 51
12660 117 66
12698 101 58
12705 95 49
12721 105 56
12756 107 45
13001 77 42
13046 87 30
13088 137 74
13143 131 65
13594 102 45
14020 99 43
14347 102 42
16152 85 41
16321 113 57
16855 106 52
18822 68 77
19005 11 61
19087 44 43
19141 10 46
19162 15 42
19168 10 47
19204 5 40
19216 7 50
19375 8 37
19710 12 27
20333 17 39
20457 14 49
20542 4 31
20737 44 114
20761 11 62
20788 9 55
21166 35 62
21235 12 52
21868 6 51
22054 4 20
22555 2 17
22865 6 44
24089 10 12
24112 10 30
24172 9 4
24224 5 6
24328 6 10
24382 19 27
24433 11 65
24444 7 57
24562 24 121
24595 51 112
24658 40 116
24668 29 148
24682 25 137
24703 17 123
24847 37 57
24970 27 87
25000 35 71
25009 38 85
25074 37 65
25090 43 45
25159 45 86
25184 31 119
25192 27 105
25198 53 79
25203 22 119
25216 17 111
25264 72 60
25284 51 46
25315 51 41
25321 57 42
25342 42 35
25431 52 47
25487 37 45
25500 38 46
25514 47 53
25545 52 64
25575 59 74
25586 63 70
25595 58 65
25605 58 70
25668 56 62
25714 46 67
25721 32 53
25745 31 44
25820 49 46
25848 66 59
25886 70 70
25910 77 76
25920 72 81
25926 66 71
25955 53 56
25965 54 61
25975 61 52
25986 55 54
26119 46 69
26137 50 44
26153 50 46
26201 46 42
26263 49 57
26298 53 66
26304 51 73
26311 48 66
26316 51 66
26330 45 60
26362 62 65
26431 55 51
26493 46 51
26588 43 35
26596 45 45
26601 47 49
26627 59 57
26698 56 59
26730 52 51
26823 34 40
26839 34 31
26849 31 55
26871 28 49
26881 58 56
26897 59 79
26966 40 61
26996 42 63
27025 31 40
27104 53 60
27127 58 53
27163 52 50
27198 37 44
27263 45 73
27284 45 68
27295 44 75
27334 29 51
27436 60 61
27527 61 65
27756 25 35
28074 40 40
28400 45 57
28463 29 62
28512 19 50
28520 21 50
28533 21 32
28552 21 41
28605 58 77
28641 42 80
28708 39 72
29049 63 64
29059 57 53
29128 22 29
29275 69 75
29341 56 57
29437 39 47
29659 64 54
29800 49 57
29824 55 59
30031 54 44
30286 57 50
30296 57 47
30400 59 50
30509 45 51
30633 65 47
30660 59 58
30757 62 65
30788 52 48
30848 63 47
31032 55 70
31210 40 44
31261 39 39
31384 47 52
31702 53 51
32068 38 38
32188 45 54
32469 33 23
32521 25 33
32565 22 25
32580 16 25
32732 40 37
32858 38 49
32942 47 52
32987 44 41
33029 48 51
33218 33 47
33257 45 42
33317 60 47
33491 47 47
33526 44 49
33569 56 59
33644 43 64
33661 51 65
33681 53 69
33956 21 17
34095 48 51
34158 41 51
34359 55 45
34461 44 43
34549 48 57
34613 70 68
34815 53 49
35116 48 50
35557 49 59
35629 54 52
35641 70 63
35752 44 48
35882 59 59
35929 45 59
36025 51 42
36054 56 52
36573 36 59
36585 43 62
36683 35 26
36902 52 51
37316 54 61
37355 55 65
37758 41 45
37901 40 36
38189 39 44
38381 32 35
38387 28 35
38434 45 40
38678 49 45
38792 37 37
38977 60 45
39002 60 46
39404 39 42
39508 42 47
39636 14 26
39778 54 51
39811 52 47
39836 35 41
40635 50 43
40836 53 52
40902 38 47
40968 34 43
41304 44 55
42066 51 48
42960 33 37
43331 34 32
43895 47 56
44096 45 52
44243 54 52
44366 51 60
44414 63 54
44432 58 44
44447 52 39
44690 37 42
44726 45 42
44774 64 52
44933 48 48
45032 56 60
45038 54 63
45180 77 60
45210 82 80
45365 35 46
45428 40 56
45749 38 46
45772 48 49
45822 78 68
46038 37 55
46455 42 57
46575 56 54
46623 60 44
46758 51 48
46767 68 69
46893 47 49
46978 80 72
47124 39 36
47195 56 68
47735 45 53
47790 43 52
47874 62 51
47904 50 46
47931 56 52
47964 39 47
48172 60 59
48666 62 48
48807 43 40
48841 44 52
48867 43 47
48891 41 46
48954 51 43
49071 41 53
49119 59 68
49294 68 66
50192 58 51
50203 67 56
50371 63 55
50506 53 58
50725 49 53
50839 63 44
50947 47 39
51358 45 51
51373 48 59
51720 71 52
52693 66 50
52702 81 65
52943 80 54
52974 65 47
53042 60 52
53047 60 52
53066 57 35
53077 66 42
53423 48 44
53529 46 48
53681 59 45
53733 54 31
53807 53 46
53890 57 39
53997 28 33
54002 27 31
54728 46 39
54840 48 59
55156 46 50
56016 32 53
56166 40 67
56316 32 57
56519 48 49
56595 33 68
56667 30 51
56751 40 58
56871 38 61
56916 52 59
57507 38 57
57720 44 40
57789 20 48
57939 50 50
58296 41 54
58434 37 55
58641 50 54
58918 43 37
59512 42 51
59575 37 54
59632 36 44
60413 31 56
60470 45 64
60980 33 65
61040 34 71
61300 44 57
61340 38 68
61614 37 78
61985 48 85
61997 38 86
62474 56 28
62556 52 35
62885 58 42
63111 34 15
63565 54 34
63690 48 36
64068 34 60
64642 46 63
64818 55 52
66200 44 30
66281 60 38
66480 51 29
67106 47 16
67124 49 15
67153 44 12
67218 33 11
67223 33 10
67357 18 7
67493 36 13
67742 64 18
67783 80 24
67908 60 12
67976 85 21
68189 54 10
68200 39 9
68211 39 11
68392 24 0
68456 10 4
68796 82 12
68827 69 11
69704 90 16
70373 84 16
70463 59 16
70628 71 20
71312 74 23
71366 61 20
71382 64 19
71481 54 21
72049 81 15
72156 67 28
72371 96 20
73058 62 13
73415 71 16
73538 59 26
74369 73 17
74525 55 11
75383 91 14
75770 72 24
75788 63 22
75845 69 32
77827 111 22
78055 86 23
78754 75 15
79105 109 26
79192 65 18
79342 87 17
79713 65 17
79745 67 17
80470 64 12
80530 90 22
80810 82 27
81076 84 22
81221 82 17
81607 75 19
81820 86 16
82399 55 14
82537 62 20
82768 75 18
82876 101 25
83161 93 22
83447 78 15
83521 94 28
83587 73 19
83667 85 15
84404 70 30
84710 59 22
84993 49 18
85283 98 19
85414 87 31
85715 70 21
86141 77 27
86148 69 28
86248 91 24
86498 75 20
86801 55 8
86933 71 14
87020 109 18
87084 83 12
87265 65 19
87308 65 11
87609 94 19
87671 85 22
88019 87 18
88031 91 15
88484 126 42
88524 89 32
88613 63 13
88651 78 16
88817 79 22
88865 98 35
89315 83 20
90226 54 8
90269 67 11
90614 59 19
90638 62 18
90926 73 10
91075 66 16
91104 79 18
91258 71 10
91367 76 21
91706 80 17
91916 111 20
92080 60 8
92184 92 13
92545 96 17
92550 84 14
92575 95 18
92693 87 16
93054 74 12
93190 70 12
93549 80 14
93813 83 17
95304 79 15
95361 83 12
95428 63 13
96876 101 17
97023 89 18
97047 105 16
97112 97 19
97431 82 10
97462 44 8
97487 50 7
97761 91 10
98328 69 12
99037 82 14
99053 56 12
99071 67 16
100189 91 20
100309 94 20
100966 90 21
101392 84 14
102780 81 18
103267 80 16
103273 86 11
103575 47 6
103594 58 8
103602 68 7
103646 97 14
104071 104 20
104443 63 5
104568 73 12
104680 79 10
104995 92 13
105340 92 15
105574 93 15
105916 74 16
106353 72 9
106358 87 11
106369 76 10
106432 63 15
106456 72 15
107139 82 18
107272 105 21
107434 88 18
107473 75 22
107635 102 16
107675 83 14
107689 86 14
108211 45 8
108464 78 6
108728 71 14
109064 84 14
109202 67 16
109214 63 15
109364 79 15
109568 72 10
109600 76 15
109690 100 21
109704 82 19
109916 71 12
110129 75 21
111103 95 17
111151 59 14
111376 68 12
111598 90 9
111744 88 18
112328 71 15
112548 63 11
112620 108 15
112653 101 14
112669 97 12
112944 61 13
113092 73 19
113280 98 23
113286 89 21
113463 74 14
113484 79 11
113523 77 12
114589 103 8
114855 100 14
115086 98 12
115194 91 19
115602 94 38
115617 89 36
115629 88 34
116092 55 18
116209 101 26
116251 95 22
116505 88 21
116536 86 23
116653 75 20
116728 91 27
116836 84 16
117091 103 24
117864 70 19
118766 59 10
119282 68 13
119435 89 18
119462 95 20
120254 79 20
120281 70 23
120332 67 21
120545 71 18
120868 65 23
120914 74 20
121412 92 18
121481 68 19
121487 65 17
121782 89 23
121799 106 21
121861 92 20
121948 82 20
121980 86 16
122261 67 15
122392 61 12
122637 71 11
122700 88 24
124142 70 9
124392 11 0
124518 44 5
124891 88 27
125496 31 8
125544 37 5
125617 21 11
125931 58 11
126360 67 19
126519 114 23
126972 61 17
127013 44 13
127125 64 19
127152 70 19
127227 70 17
127759 102 23
128121 44 14
128187 94 16
128381 72 19
128414 74 19
128799 60 14
129035 77 22
129080 64 15
129131 59 21
129501 74 17
129551 61 18
129964 73 20
130018 81 20
130424 50 8
130474 79 15
130490 81 23
130630 61 14
130694 88 15
130857 86 16
130864 84 19
130925 57 17
131245 53 18
131596 86 19
131752 84 24
131824 77 20
131910 70 14
132027 88 23
132083 101 21
132158 71 10
132718 75 24
132913 62 18
133323 68 7
133448 78 24
133750 82 16
134406 78 22
134465 61 12
134559 96 18
134628 62 14
134644 64 15
134663 77 16
134733 62 15
134760 70 14
135656 84 28
136301 73 22
136551 72 21
136902 69 24
137165 82 21
137819 31 13
137858 15 10
137870 11 9
137891 18 12
137948 18 10
138815 94 29
138983 62 13
139457 40 7
139750 26 7
140017 38 20
140543 79 25
141074 44 13
141113 88 25
141256 64 15
141281 70 15
141778 89 14
143089 106 22
143109 105 22
143197 96 24
144177 108 25
144889 63 10
144943 73 16
145073 87 17
145192 59 24
146743 72 18
146929 63 15
147937 57 18
148278 94 16
148444 55 20
148782 75 14
148808 79 24
148996 67 12
149001 67 13
149456 70 12
149489 54 11
149534 32 11
149811 56 18
150203 96 20
150488 86 25
150949 83 24
151692 106 22
151978 77 21
152468 52 18
152966 111 24
153016 92 25
153226 91 29
153768 93 19
153789 82 15
153822 70 13
153858 75 21
154012 82 23
154028 103 25
154058 89 25
154125 56 16
154423 45 13
154573 105 22
154588 110 22
154608 96 26
154902 87 17
154936 75 17
155038 73 16
155386 88 11
155563 81 20
155854 85 17
156071 80 21
156115 81 20
157001 95 23
157746 76 25
157780 91 22
159154 82 15
159299 105 25
159715 54 10
159993 79 19
161016 103 25
161169 76 22
161178 70 20
162104 103 22
162485 123 28
162917 82 13
163467 73 14
163566 39 8
163631 80 16
163694 87 25
163819 51 10
163970 88 19
164383 100 15
164392 99 13
164509 62 14
164566 78 12
164881 84 10
165499 78 15
165505 72 15
165910 71 23
166850 103 14
166893 90 13
166996 91 15
167062 71 10
167112 71 10
167268 83 10
167388 81 14
167473 103 21
167834 63 14
167843 70 14
167907 82 19
167969 83 11
168231 100 21
168258 80 21
168384 83 14
168395 79 13
168485 71 18
168637 93 17
168653 104 18
168818 76 14
169204 85 22
169263 77 18
169394 71 13
169448 62 14
169561 110 28
169569 93 19
169597 79 15
169719 97 18
169774 72 23
169926 70 18
169985 53 12
170011 44 9
170077 74 19
170099 91 22
170115 92 19
170138 79 21
170166 87 27
170218 85 20
170241 82 14
170525 70 22
170686 66 19
170784 57 13
170923 63 21
170974 60 22
171030 70 18
171151 76 20
171298 87 16
171309 80 14
171321 64 9
171333 66 7
171360 92 19
171488 64 21
171587 66 16
171607 59 14
171643 62 16
171731 61 20
171858 55 17
171886 55 21
172176 80 27
172182 80 25
172227 99 24
172317 100 21
172437 85 21
172465 98 20
172484 86 13
172818 83 26
172858 81 19
172910 110 21
173089 82 27
173128 90 34
173143 101 27
173180 90 19
173305 124 31
173571 92 21
173715 98 15
173732 85 12
173744 74 11
173771 59 14
173782 61 15
173870 66 12
173911 81 23
174052 42 8
174205 37 17
174236 40 15
174402 29 33
174412 31 32
174662 2 14
183084 4 20
183093 4 18
183201 26 22
183279 64 20
183447 87 18
183829 51 56
183913 59 70
185022 34 49
185191 30 62
185495 35 30
185737 33 18
185754 29 11
186047 36 21
186119 49 29
186455 39 24
186473 46 28
186515 51 40
186653 41 45
186672 39 43
187040 47 34
187049 57 39
187055 72 48
187131 36 49
187233 43 42
187335 33 60
187375 49 57
187565 52 48
187950 54 62
188142 37 40
188155 35 47
188513 61 62
188528 59 59
189437 41 50
189571 51 57
189747 22 36
189882 59 59
189888 58 51
190020 32 51
190319 46 50
190341 51 42
190398 46 51
190421 50 51
190478 74 65
190517 44 43
190539 43 48
190566 37 39
190589 45 50
190600 47 52
190716 56 75
190751 48 50
190782 55 40
190799 64 38
190807 63 34
190820 54 36
190843 53 43
190857 29 75
190966 53 53
190971 57 58
190984 43 58
190992 48 71
191019 30 77
191078 48 79
191095 38 67
191108 40 61
191157 33 36
191196 44 54
191366 57 45
191399 51 52
191404 57 52
191435 50 52
191499 46 57
191507 35 57
191514 48 60
191521 42 62
191547 51 54
191597 37 30
191713 64 78
191732 63 72
191747 55 74
191767 44 50
191788 40 46
191933 60 74
192076 31 34
192241 54 53
192328 48 56
193148 53 63
193348 48 53
193586 36 49
193794 46 74
193799 44 75
194031 47 58
194340 55 75
194574 43 49
194649 52 72
194682 51 62
194952 37 65
195206 39 38
195471 54 82
195570 52 50
195703 46 48
195799 49 37
196181 44 54
196191 49 62
196701 44 46
196859 19 23
197535 48 58
198062 61 61
198701 61 65
199029 56 64
199291 46 37
199615 54 62
199910 48 46
200095 66 85
200152 63 71
200196 45 50
200273 49 56
200371 41 44
200411 37 43
201797 50 59
201821 51 69
202071 38 49
202115 7 37
202292 4 24
202391 12 5
205001 3 14
206621 21 8
206627 12 18
206636 11 19
206660 10 13
206975 28 40
206981 27 37
207013 5 39
207123 11 75
207262 49 66
207399 21 101
207407 12 101
207443 14 94
207471 22 106
207482 24 97
207561 13 92
207617 17 120
207634 16 129
207656 42 64
207682 12 101
207699 17 90
207715 42 53
207732 28 84
207788 20 63
207816 29 92
207959 10 36
208229 7 50
219196 14 57
219212 16 39
219223 15 56
219228 15 41
219370 10 45
219378 14 45
219385 14 39
219430 22 65
219480 15 57
219535 9 42
219575 14 34
220581 14 22
220607 19 34
220682 14 57
220767 10 17
221229 17 21
221259 9 15
221307 2 16
222439 6 6
222499 9 24
222538 13 23
222544 13 26
222595 3 23
222781 36 41
222850 6 13
222931 5 6
223612 14 17
223990 3 25
224006 9 39
224071 8 33
224077 3 19
224114 2 12
225017 7 31
225026 7 36
225055 3 27
225149 7 39
225173 8 48
225178 8 48
226106 13 27
226320 9 13
226364 9 12
226385 5 10
226401 4 12
226742 6 31
226766 4 13
227195 4 31
227214 6 26
227282 4 13
227303 3 20
227378 6 11
227390 6 7
227468 5 24
227507 4 21
227578 4 12
227664 7 38
227670 14 43
227881 7 44
227913 16 61
228167 9 38
228478 66 49
228626 15 35
228764 20 35
228843 25 174
228851 28 204
229154 39 38
229415 14 35
229853 5 27
229859 4 29
229864 5 29
230030 16 31
230056 28 48
230066 28 47
230258 27 53
230336 29 47
230348 19 44
230375 3 22
230436 14 24
230574 5 6
