224 5 18
268 4 20
398 2 16
470 4 21
644 4 23
658 6 25
677 4 35
864 16 42
977 11 29
982 9 30
990 9 27
1094 7 47
1142 58 49
1171 70 36
1189 58 36
1265 18 24
1336 25 70
1350 32 73
1355 32 74
1356 41 68
1377 33 100
1389 28 94
1493 61 32
1549 7 53
1578 14 22
1628 7 26
1633 4 29
1650 6 24
1747 3 18
1774 8 18
1786 8 19
1808 4 22
1814 3 22
1820 3 24
1837 6 14
1850 2 18
1916 7 13
2666 4 28
2685 4 34
2877 38 21
2884 41 21
2950 22 20
2977 18 22
3070 71 21
3147 98 24
3170 85 22
3210 98 27
3312 69 22
3470 65 29
3613 75 36
3632 76 35
3729 70 27
3764 57 26
3859 75 30
3892 62 24
3996 75 21
4012 77 23
4017 77 24
4194 69 24
4235 66 25
4246 58 23
4253 56 23
4268 55 22
4414 92 36
4501 69 23
4683 45 29
4728 81 22
5462 112 32
5484 103 36
5745 58 19
5759 60 17
6592 52 22
8072 79 26
8229 73 32
8449 68 23
8619 88 33
8827 83 31
9575 81 31
9800 62 26
10304 53 27
10572 55 23
10938 58 22
11018 53 33
11044 66 27
11075 70 27
11090 63 18
11200 72 17
11217 46 14
11309 40 15
11393 71 33
11421 60 20
11446 75 10
11455 77 9
11497 83 17
11504 71 15
11543 62 25
11573 53 21
11720 60 17
12279 72 30
12878 60 25
12896 44 23
12932 58 25
12977 73 26
13473 88 29
13522 91 19
13642 81 21
13795 96 22
13950 78 30
14376 69 32
15000 63 21
15758 33 9
15883 77 22
16192 49 16
16295 46 28
16887 13 2
17491 49 18
17906 59 18
17984 37 34
18107 50 14
18218 52 22
18650 81 31
18798 87 27
18941 80 12
19514 62 13
19728 81 25
19786 98 32
19859 48 14
19886 37 26
19930 84 30
20151 46 22
20388 32 22
20548 60 18
20934 71 27
21109 82 35
21124 85 39
21434 56 20
21503 53 18
21736 56 19
21833 80 29
22280 75 22
22347 66 23
22587 90 38
23509 89 32
23821 84 38
23991 41 19
24160 79 25
24619 68 26
25207 84 27
25213 85 29
25333 66 17
26316 56 16
26386 59 25
26409 69 28
26530 21 6
27535 60 19
28204 80 24
28326 67 16
28923 46 19
28939 67 22
29139 76 19
29260 70 29
29577 83 25
30126 63 20
30198 67 13
30681 53 15
30812 92 22
30961 51 10
31577 73 25
31764 73 18
31845 75 27
31866 69 24
31969 54 28
32226 53 17
32389 42 18
32407 52 24
32424 41 23
32435 35 17
32497 77 18
33143 56 36
34162 88 20
34302 84 20
35167 84 26
35446 70 24
35714 67 17
36436 66 30
36497 64 26
36708 80 18
37204 68 21
37277 73 25
37535 92 14
37561 86 18
37955 70 18
37995 60 17
38171 73 29
38309 57 19
39033 87 24
39178 72 28
39402 86 23
39717 84 23
40088 91 40
40116 75 33
40416 72 33
40599 87 36
40728 73 22
40734 77 23
40812 71 20
41025 96 20
41372 105 25
41595 75 25
41789 85 20
41867 89 15
41946 61 19
42978 53 16
43964 46 9
44406 59 25
45720 28 26
45729 24 29
45774 27 33
45792 16 16
45807 10 16
45864 10 20
46196 70 26
46306 81 23
46425 68 29
46455 80 26
46530 68 23
46741 65 20
46904 82 16
47413 79 13
49568 72 35
50090 67 37
50098 68 34
50213 37 31
50574 65 38
50588 76 44
50646 73 36
50669 62 38
50824 40 33
50849 51 28
50871 52 25
51045 49 31
51100 61 37
51600 24 8
51725 37 29
51756 28 19
51765 27 19
51782 40 22
52112 41 23
52223 71 53
52518 72 36
52956 68 34
53410 70 31
53652 48 28
53691 64 32
53723 55 35
53804 71 34
53887 52 29
53919 58 27
54381 41 22
54520 71 33
54776 59 34
54954 62 26
55116 50 39
55539 97 41
55927 66 53
56033 52 24
56059 52 23
56211 68 43
57065 61 40
57144 53 19
57910 59 23
57918 55 22
57933 72 28
57992 69 30
58129 44 25
58350 68 43
58536 31 34
58626 56 35
58698 52 27
59120 63 37
59157 51 27
59174 59 26
59315 67 41
59336 76 43
59348 80 48
59550 48 27
59641 54 37
59745 61 26
59871 69 44
60042 64 22
60128 58 30
60294 83 26
60438 66 39
60620 62 42
60762 74 40
60780 78 40
61191 72 36
61219 59 27
61293 43 26
62042 46 27
62947 46 34
63197 28 31
63213 41 26
63791 59 38
64171 50 26
64196 52 24
64365 41 29
64484 56 26
64633 54 34
64684 50 23
64826 49 32
65119 61 23
65131 71 31
65485 46 29
65948 65 39
66213 54 25
66549 53 35
66663 49 29
66669 46 23
66823 48 23
67264 29 13
67332 43 37
67699 51 35
67705 49 32
68175 80 28
68676 57 43
68707 73 39
68716 63 34
68818 54 30
68944 50 27
69048 46 38
69078 51 33
69432 77 36
69507 33 37
69633 52 36
69658 57 32
69693 56 33
69698 57 37
69722 60 32
69746 59 30
69752 60 27
69779 66 34
70427 67 30
70467 62 28
70684 51 32
70932 71 27
71055 73 35
72107 81 43
72245 79 50
72433 53 41
74451 65 42
74987 56 32
75321 60 41
75364 82 54
75402 101 56
75891 66 41
75913 60 45
76020 58 47
76275 58 36
76491 62 30
76750 49 37
76878 55 36
78705 59 33
78786 43 30
79087 48 29
79145 77 54
79168 77 44
79224 63 29
79242 69 31
79589 50 37
79616 40 28
79700 67 39
80191 82 0
80725 113 1
80906 78 0
81061 114 0
81185 79 0
81193 76 0
81346 118 0
81386 99 1
81401 92 1
81426 71 0
81455 67 0
81481 58 0
81625 125 0
81652 83 0
81715 69 0
83447 66 0
83521 84 0
83922 87 0
83947 91 0
83992 119 0
84018 98 0
84213 90 0
84234 98 0
84299 107 0
84473 108 0
84486 92 0
84802 98 0
85173 79 0
85829 77 0
86582 103 0
86814 94 0
86867 81 0
87060 94 0
87083 78 0
87361 89 0
87372 90 0
87388 96 0
87632 66 0
87739 83 0
87746 85 0
88121 76 1
88284 111 0
88430 67 0
88591 87 0
89561 80 0
89734 86 0
89881 75 0
90130 89 0
90154 85 0
90196 87 0
90217 94 0
90520 90 0
90562 86 0
90589 102 0
90728 65 26
90790 49 26
90814 64 21
91674 94 55
91949 58 27
92064 55 24
92175 40 17
92299 34 21
92529 57 30
92625 42 23
92942 51 40
93072 58 29
93207 50 26
93707 15 3
94401 58 30
94885 57 39
95370 50 36
95387 47 34
95514 56 17
95522 62 23
95666 57 44
95703 55 35
95796 49 34
96164 53 35
96518 56 28
96845 28 27
96955 38 29
97064 45 40
97097 33 45
97193 48 30
97244 70 45
97271 76 43
97775 67 39
98238 49 42
98261 49 45
98268 45 46
98420 56 29
98540 47 30
98822 41 34
99088 54 32
99207 46 26
99238 57 25
99266 57 27
99294 79 34
99387 31 25
99418 54 24
99543 63 27
99969 56 25
100288 68 40
100481 47 30
100502 62 31
100606 49 23
100665 37 24
101085 52 25
101337 59 22
101653 54 35
101691 50 34
101699 49 30
101841 65 33
102073 67 24
102079 65 22
103053 65 33
103149 60 37
103461 68 36
103594 52 25
103932 51 32
103956 47 36
103983 51 35
104088 64 34
104342 46 23
104486 59 40
104593 53 21
105045 46 25
105069 48 33
105756 48 20
105830 69 47
106024 62 31
106342 50 23
106349 58 22
106829 36 18
106853 41 22
106874 49 26
107060 55 25
107119 55 28
107676 54 32
107875 43 17
107901 26 14
108123 70 40
108413 52 25
108488 53 36
108857 66 43
108896 49 38
108941 44 30
108969 52 38
109031 62 39
109256 46 30
109346 55 35
109979 46 21
110069 51 31
110432 38 22
111287 60 28
111293 62 27
111671 55 36
112140 62 31
112167 51 35
112287 54 31
112348 71 39
112429 54 29
112845 54 38
112928 61 41
113208 57 32
113283 59 24
113721 36 34
113763 50 38
114433 45 23
114447 62 37
114705 55 26
114985 79 36
115022 76 32
115145 52 23
115254 54 33
115443 66 43
115772 48 37
115867 54 14
116010 69 38
116398 74 38
116603 52 29
116621 58 28
116962 45 17
117001 42 19
117202 40 31
117457 46 34
117736 57 49
117769 70 36
118285 68 40
118821 47 35
118839 57 31
118869 58 43
119034 73 37
119522 61 39
120946 57 41
121153 43 37
121660 54 46
121942 40 37
121978 50 33
122448 51 39
123575 45 30
123707 35 16
123811 59 34
124004 42 19
124092 45 35
125300 35 42
125609 49 34
125645 47 37
125744 58 38
126270 53 26
126410 44 33
126526 52 32
126644 47 28
126891 54 36
127051 47 38
128022 39 24
128386 36 41
128460 42 43
128892 27 31
130556 25 18
130697 52 50
130706 47 47
130750 52 49
131075 38 32
131306 50 31
131432 28 31
131462 42 34
131531 50 29
131563 54 35
131698 37 27
131814 38 35
132109 39 26
132162 46 40
132423 57 36
132471 42 37
133053 43 37
133948 31 38
134125 30 27
134131 20 21
134255 45 33
134354 33 29
134403 34 24
134826 48 55
135018 28 23
136031 42 33
136410 34 35
136529 63 40
136604 64 47
136855 59 36
137002 37 49
137475 41 26
137614 41 33
137958 48 39
139642 35 24
139945 34 28
139975 37 26
140458 55 56
140515 39 45
141339 46 32
141354 46 38
142292 60 41
142304 61 42
142310 61 44
142316 56 39
142374 52 32
142397 59 33
143288 51 45
143300 47 42
143312 48 41
143556 59 51
144013 38 55
144341 40 45
144605 38 53
144677 34 40
145255 47 45
145350 40 44
145704 33 36
145943 41 54
146918 9 58
147012 11 59
148144 14 81
148291 7 57
150012 17 54
150019 15 55
150271 15 53
150397 11 84
150765 14 66
151222 19 98
151291 15 71
151390 13 72
151429 17 59
151579 19 83
152143 16 66
152719 9 71
152793 18 72
153217 21 93
153238 19 87
153298 20 66
153538 21 89
154498 10 52
154615 14 75
155119 11 61
155509 7 37
155680 14 63
155724 17 74
155842 7 41
155932 13 69
155968 8 57
156673 10 68
156730 7 61
157005 10 57
157125 13 66
157282 9 62
157294 8 64
157692 8 61
158082 8 65
158272 15 72
158489 15 80
158504 13 77
158540 18 82
158713 19 81
158778 10 71
158838 14 101
158849 14 89
158856 12 73
158866 15 81
159014 13 66
159300 14 52
159885 9 51
160036 13 84
160046 13 83
160254 12 63
160300 9 66
161050 18 87
161110 13 96
161922 9 62
161940 9 73
163013 10 53
163368 11 71
163377 11 67
163395 9 65
163641 12 75
163764 7 48
164759 5 39
165266 10 74
165944 14 76
166551 25 76
166792 15 72
166821 24 88
166860 22 66
167584 14 85
168756 14 58
168774 12 60
168886 15 67
169347 14 92
169692 6 37
170448 12 59
170484 18 64
170771 13 49
171947 16 70
172767 16 66
173094 20 59
173716 41 27
173900 26 36
174169 31 21
174286 32 23
174388 37 51
174598 16 30
174694 34 34
175262 70 38
175462 51 32
175477 54 28
175525 51 31
175582 63 34
176289 60 35
176450 53 36
176521 49 31
176834 49 33
176894 42 38
177287 46 41
177752 39 25
178111 40 32
178461 59 34
178474 51 32
178636 55 35
178776 51 35
178859 49 43
179018 37 17
179245 42 31
179286 42 21
179337 43 33
179349 39 32
179541 47 36
180204 50 27
180220 35 23
180321 46 33
180468 56 22
180580 39 18
181513 52 33
181544 43 31
181590 38 25
181629 39 29
182384 53 30
182853 46 29
183170 54 26
183245 55 38
183293 36 24
184242 47 23
184344 37 26
184423 56 39
184524 37 18
184566 32 21
184785 46 38
184929 47 30
185526 49 35
185583 37 26
185628 44 23
185676 31 15
185895 46 28
186482 62 43
186579 43 36
186681 45 24
186824 50 37
187221 53 36
187314 47 26
187368 50 23
187628 45 33
187742 62 40
187994 48 27
188259 51 29
188299 41 32
189641 72 44
189665 62 31
189737 27 20
189773 33 25
190289 39 42
190637 40 40
190880 42 25
190982 51 30
191543 48 40
191594 53 25
191803 38 29
191822 38 22
191841 50 21
191849 48 19
191976 40 30
192364 53 34
192380 48 33
192559 53 26
192568 32 19
192679 38 34
192700 50 32
192732 60 43
192754 53 33
192767 54 33
192779 50 34
193766 50 35
194756 46 11
194891 67 33
195278 31 37
196007 49 35
196376 34 35
196607 70 35
196676 36 23
196811 48 35
199461 52 30
200375 43 31
200518 56 26
200917 46 20
201019 57 25
201216 61 22
201642 41 33
201754 32 39
202201 39 21
202336 47 29
202411 41 11
202419 41 12
202427 40 10
202490 42 32
202547 47 42
202581 49 37
202614 42 39
202777 29 33
202854 34 36
202990 39 40
203172 42 44
203320 29 22
203364 47 29
203432 46 30
203531 56 31
203565 43 27
203602 43 22
203670 49 32
203787 54 33
203844 53 24
204285 51 36
205857 45 27
206763 35 12
207264 44 23
208137 35 21
208392 41 28
208560 44 39
208635 36 27
209616 74 40
210455 34 7
210803 44 22
210829 30 21
211717 38 24
211815 42 17
211976 24 13
211997 23 5
212016 38 17
212086 7 31
212153 19 9
212370 54 27
212650 58 25
213079 63 30
213238 53 34
214216 32 21
215796 58 20
215950 36 18
216408 48 25
216976 39 26
217098 76 29
217192 37 22
217286 44 26
217447 85 40
218090 62 37
218211 42 41
218621 42 28
218657 51 26
219247 70 42
219915 46 29
219987 56 24
220005 50 26
220632 51 37
220955 71 39
221013 63 34
221265 60 31
221615 54 34
221799 49 24
222919 69 33
224351 59 27
225601 62 27
226445 48 44
226556 51 29
226662 53 22
226672 45 25
226809 55 28
227162 51 29
227414 13 18
227600 14 33
227606 16 36
227627 11 29
228029 30 20
228628 44 25
228908 46 33
229049 33 47
229070 34 36
229828 55 31
229921 54 36
230195 50 31
230425 60 28
230693 50 30
230717 52 30
230932 44 31
231057 37 20
231161 58 29
231778 47 21
231873 29 20
232129 40 20
232309 45 27
232603 42 33
232666 45 32
232705 42 27
232730 62 33
233272 43 23
233447 50 18
233498 69 44
233620 28 11
233629 24 13
233646 38 16
234412 62 19
234919 56 29
235106 52 35
235541 71 21
236039 55 26
236573 63 34
236804 40 30
237053 44 24
237101 57 25
237362 39 17
237383 47 24
237467 58 33
237502 50 30
237773 38 19
237902 48 29
238444 46 26
238553 46 15
239136 51 30
239163 60 31
239553 43 25
239685 55 17
239722 65 22
239811 50 18
239826 47 14
240177 41 17
240702 53 33
241142 43 28
241450 33 24
241464 35 33
241519 41 28
241704 52 29
242461 43 23
242773 51 27
242896 58 28
243097 47 28
243952 53 16
244010 53 17
244228 55 43
244617 47 15
244902 41 27
245415 39 13
245441 35 25
246194 44 28
246442 40 22
248496 52 25
248908 44 32
249025 50 22
249055 44 19
249823 49 22
250159 50 21
250952 43 19
251133 48 21
251478 44 24
252445 65 30
253439 60 18
253590 49 30
253854 68 19
253986 42 22
254043 44 22
254590 70 22
254670 54 20
254742 51 22
254761 46 19
254827 43 15
255116 38 17
255657 54 21
255987 56 18
256189 57 15
256737 33 27
256760 53 29
257067 76 28
257121 69 27
257163 56 23
257823 50 27
258265 61 27
258532 60 26
258548 56 23
258586 63 30
258625 59 27
258652 62 27
258704 62 31
258925 65 40
259037 54 25
259921 63 32
260719 53 28
260990 45 15
261295 51 23
261688 44 27
261921 55 21
263027 43 27
263327 41 21
263685 63 33
263836 34 17
264961 37 17
264989 55 16
265311 46 16
265523 37 21
265554 30 20
265566 31 18
265944 48 26
266025 48 19
266081 42 31
266208 60 22
266270 54 22
266276 61 22
266334 53 17
266457 38 19
266723 30 14
267969 58 25
268077 50 10
268238 70 27
268251 64 27
268267 71 28
268272 69 27
268635 77 28
268820 53 22
268887 40 25
268943 42 18
269014 42 24
269428 39 11
269926 41 24
270567 43 27
270616 40 16
270712 49 30
270946 52 33
270994 53 37
271041 34 25
271165 57 29
271195 66 32
271207 65 27
271558 52 28
271918 40 25
272497 55 28
272695 31 28
272755 51 31
272872 30 21
273298 41 30
273391 44 26
273708 31 22
274206 50 26
274279 39 28
274404 44 25
274603 48 28
274651 54 35
274673 48 26
275041 46 17
275095 48 21
275128 50 33
275170 41 30
275254 36 23
275263 41 25
275548 34 26
275590 36 21
275851 46 22
276094 58 23
276210 61 20
276221 47 15
276283 54 30
276292 49 24
276339 70 31
276502 40 31
276704 44 18
276809 63 25
276830 53 27
277118 47 19
277874 48 17
278204 58 23
278564 60 22
279329 48 25
279706 64 27
279760 48 21
279870 48 19
280230 44 27
280431 62 22
280840 42 18
280884 38 16
281055 30 18
281370 46 20
281547 46 20
281601 49 26
282389 40 22
282683 50 19
283119 43 24
284279 50 25
284447 54 20
284541 39 19
284584 59 24
285042 55 22
285133 35 31
285437 46 23
285531 39 28
285759 42 24
285891 39 19
285897 37 17
286369 40 21
286396 27 18
286975 55 18
287071 48 25
287125 55 36
287293 56 22
288085 49 29
288124 61 36
288133 54 37
288289 47 25
289032 55 22
289051 40 20
289151 51 19
289820 66 5
291118 69 3
291233 78 3
291269 88 4
291274 83 4
291284 77 3
291301 81 2
291382 60 3
291541 95 7
291572 79 8
291675 62 4
291746 74 3
291755 86 4
291813 66 4
291853 79 7
292955 70 2
293486 55 1
293927 79 3
293963 80 9
294053 70 6
294179 57 6
294233 82 7
294521 70 7
294574 79 8
294898 56 2
295055 83 6
295061 89 6
295324 62 3
295598 94 1
295634 82 0
295685 70 2
297461 40 3
297748 76 1
297935 74 7
298114 54 3
298147 51 4
298406 61 7
298735 65 6
299143 54 6
299299 67 3
299343 60 3
300568 59 7
300781 74 4
301785 59 7
301966 24 5
301986 48 9
302498 49 3
302626 57 3
302636 65 3
302642 63 3
302678 49 2
303222 76 4
303344 72 5
303424 80 7
303546 79 6
304092 74 7
304409 48 4
304751 66 9
305092 70 16
305530 56 9
305653 64 9
306274 64 13
306290 67 13
307088 64 8
307134 83 4
307148 80 6
307209 74 11
307458 73 13
307495 72 10
307512 80 10
307546 73 7
307579 57 8
307596 53 7
307779 76 16
308404 61 7
308808 95 6
309954 76 5
310273 83 4
310440 52 5
310488 59 4
310569 73 2
310617 75 4
310701 93 2
310752 56 4
311366 55 8
311526 78 9
311655 57 8
312008 57 3
312035 65 4
312041 60 4
312140 61 4
312810 47 4
313047 79 3
313115 51 2
313185 45 5
313269 71 1
313446 54 0
313684 19 4
313742 35 2
313771 57 5
313808 40 4
314100 64 5
314723 35 3
315152 53 8
315236 64 4
315338 90 4
315554 69 7
315665 61 8
315701 69 11
315914 79 1
316165 79 3
316568 81 3
316711 70 6
316775 78 10
317345 61 6
317873 60 6
318092 89 4
318098 80 5
318116 64 3
318130 58 8
318311 86 9
318800 67 3
318842 74 7
319007 49 4
319124 75 9
319442 69 2
319529 67 7
319978 50 0
320479 64 12
320501 83 10
320527 73 6
320551 82 7
320718 80 4
320818 65 7
320917 63 7
320947 63 4
321200 36 4
321254 43 6
321283 40 6
321333 34 5
321350 23 5
321362 19 2
321379 13 2
321407 12 2
321429 20 3
321468 37 3
321710 44 3
321892 72 6
321906 83 5
321947 79 6
322075 51 3
322183 75 11
323083 64 6
323200 81 10
323341 55 4
323490 71 8
324359 38 8
324479 66 5
324620 53 6
326503 64 1
326669 93 9
326885 60 5
327110 69 4
327544 69 8
327655 60 7
327756 60 9
328294 58 8
328449 85 14
328879 64 4
329076 56 10
330199 67 5
330343 50 7
330620 76 7
330978 61 4
330993 71 4
331125 44 6
331260 37 3
331401 95 11
331440 75 9
332283 50 5
332737 73 10
333266 74 2
333276 64 2
333331 69 6
333376 88 10
333589 50 1
333693 68 3
333976 43 6
334868 78 7
335003 89 5
335051 53 2
335796 38 7
335848 49 6
336982 73 3
337013 73 6
337091 60 7
337761 84 7
337771 119 8
338025 58 1
338063 56 2
338092 78 5
338272 46 1
338500 60 4
338776 101 4
338788 105 5
339097 77 3
339175 67 6
339400 50 3
339708 62 0
339908 53 0
339948 76 2
340336 51 5
340364 60 8
340420 86 4
340432 74 5
340449 77 4
340478 89 7
340593 59 5
340777 60 3
341081 68 2
341086 67 1
341112 60 2
341252 64 4
342113 61 2
342385 68 1
342399 66 2
342926 86 3
343015 72 5
343039 77 4
343447 58 4
343772 33 5
343813 47 7
343826 52 7
343868 54 3
343985 63 8
344227 43 6
345131 85 4
345143 76 5
345273 65 5
345600 85 2
346077 81 6
346283 50 5
346657 65 7
347856 60 2
348165 65 5
348555 66 3
348618 56 7
348634 58 9
348669 58 8
349041 71 4
349080 64 4
349123 61 6
349158 67 6
349584 83 4
349892 46 1
349984 55 6
350009 56 8
350148 66 3
350367 76 5
350769 56 3
351196 46 0
351508 50 4
351568 55 2
351781 59 4
352654 65 4
353281 64 2
353314 54 2
353320 55 2
353572 93 8
353614 68 6
353650 51 2
353758 63 5
354143 62 3
354453 69 5
354853 61 3
356079 85 1
356300 50 2
356324 60 4
356451 34 3
356701 27 2
357227 44 9
357305 72 4
358507 58 4
358590 80 8
358612 77 8
358685 44 5
359003 73 6
359074 45 3
359220 33 3
359389 49 4
359685 57 3
359740 51 2
359777 49 1
359970 67 6
360677 50 3
360839 59 2
361591 58 3
362447 58 4
362465 60 3
362513 64 3
362618 55 6
363031 70 3
363771 69 5
364467 71 4
364955 57 5
365237 63 3
365261 64 4
365309 69 3
365333 69 1
365432 63 2
366384 55 1
366564 61 6
367078 61 4
367086 66 2
367140 60 3
367614 40 3
367729 82 5
367794 61 0
368142 76 3
368230 63 7
368391 59 0
368413 58 0
368753 23 0
369663 45 2
371369 44 1
371526 73 0
371716 82 3
371730 84 2
371873 65 3
371900 62 2
372548 50 3
372796 57 2
372872 66 3
372878 72 3
372905 76 2
372914 79 3
374175 67 0
374476 77 0
374593 68 0
374599 69 0
374619 59 0
374870 58 0
374976 78 0
375097 68 0
375189 59 1
375285 54 0
375463 68 0
375805 46 0
375907 61 0
375973 63 0
376003 78 0
376053 44 0
376640 77 0
376699 74 0
376823 69 0
376868 58 0
377603 53 0
378163 38 1
378278 76 0
378389 81 0
380260 68 0
380824 72 0
380967 61 0
381217 77 0
381339 56 0
381668 84 0
382003 55 0
382021 65 0
382320 80 0
382819 74 0
383589 15 33
383590 32 15
383597 15 29
383996 17 0
384042 32 0
386857 29 0
386954 42 0
387010 36 0
387020 37 0
387164 55 0
387179 46 0
387194 26 0
387254 24 0
387269 38 2
387284 60 0
388310 44 0
388327 48 0
388667 62 0
388712 57 0
388840 62 0
389008 42 0
389258 54 0
389500 63 0
389552 56 0
390727 71 0
390991 53 0
391469 58 0
391806 74 0
392291 85 0
392349 77 0
392502 74 0
392671 53 0
392834 57 11
392841 59 0
392940 73 0
392973 64 0
393292 87 0
394382 34 0
394643 65 0
394888 79 0
395028 58 0
395527 65 1
395823 57 0
396356 53 0
396598 71 0
396619 76 0
396640 76 0
396812 53 0
396844 74 0
396982 85 0
397057 60 0
397135 64 0
397640 83 0
397729 45 0
397990 72 0
398216 65 0
399595 43 0
399932 77 0
400928 73 0
400956 75 0
401226 67 0
401693 80 0
402159 77 0
402456 60 0
403164 63 0
403895 75 0
403955 89 1
403985 71 0
404309 59 0
404537 77 0
404553 67 0
404717 61 0
404921 40 0
405320 71 0
405502 80 0
405940 81 0
406729 62 0
406955 58 0
406963 59 0
407144 58 0
407206 68 0
407515 49 0
407623 40 0
407743 66 0
407868 53 0
408325 74 0
409108 50 0
409298 49 0
409312 50 0
409674 67 0
410166 46 0
410231 69 0
410513 36 0
410633 40 0
411268 61 0
411381 43 0
411673 54 0
411700 59 0
411782 48 0
411940 68 0
412347 68 0
412405 61 0
412549 71 0
412600 49 0
413203 14 0
413312 59 0
413487 38 0
414129 38 0
414348 56 0
414903 67 0
415698 50 0
418568 57 0
419473 56 0
419610 72 0
419642 70 0
421126 55 0
422152 59 0
422683 64 0
422719 55 0
423201 73 0
423634 70 0
423646 77 0
423721 60 0
424271 54 0
424719 77 0
424780 97 0
424839 86 0
425003 79 0
425072 71 0
425539 40 0
425656 54 0
425953 63 0
426032 61 0
426078 51 0
426091 64 0
426112 68 0
426142 65 0
426185 46 2
426348 54 0
426402 58 0
426598 78 0
427991 75 0
428182 104 0
428204 83 0
428366 53 0
428511 66 0
428589 85 0
428604 68 0
429774 44 0
430655 52 0
430977 57 0
430996 59 0
431057 26 0
431195 60 0
431253 48 0
431607 53 0
431849 71 0
432051 77 0
432579 59 0
432935 70 0
433537 60 0
435245 49 0
436290 62 0
436364 70 0
436438 78 0
436653 36 0
436731 98 0
436771 128 0
436798 114 0
437071 58 0
437320 54 0
437759 58 0
438314 53 0
438351 86 0
438559 65 0
438943 45 0
439501 50 0
439517 49 0
441259 69 0
442275 70 0
443607 50 0
444585 75 0
445261 80 1
445376 67 0
445400 70 0
445436 58 1
445569 70 1
445693 72 0
446791 67 0
447055 54 0
447768 61 0
448191 60 0
448351 63 0
448432 60 0
448582 52 0
448620 62 0
448683 45 0
448744 50 0
451042 71 0
451088 50 0
451458 68 0
451493 56 0
451513 55 0
451548 57 0
451572 42 0
451865 39 0
453038 63 0
453642 69 0
454216 50 0
454473 57 0
454496 77 0
454556 85 0
454967 40 0
454990 51 0
455660 89 0
455800 61 0
455949 76 0
456491 40 0
456713 67 0
457304 86 2
458013 72 0
458376 49 0
459119 61 0
459207 79 0
459269 83 0
459980 77 0
461041 46 0
461167 68 1
462769 53 0
462864 48 0
463838 53 0
463872 63 0
464018 67 0
464469 91 0
464527 64 0
464903 71 0
465038 57 0
465618 50 0
465654 59 0
466348 68 0
466826 40 0
466831 41 0
467146 51 0
467317 56 0
467387 48 0
467463 42 0
467537 46 0
467683 50 0
467910 70 0
467918 57 0
468082 73 0
468400 68 0
468761 65 0
468805 62 0
469129 58 0
469197 84 0
469243 99 0
469396 47 0
469591 53 0
469996 60 0
470623 54 0
470995 64 0
471123 56 0
472649 49 0
472914 83 0
473031 52 0
473163 54 0
473331 36 0
473497 20 0
473789 18 0
474446 12 0
475213 97 0
475237 90 0
475294 74 0
475357 58 0
476000 74 0
476197 56 0
476444 64 0
476699 72 0
476744 52 0
476816 56 0
477173 55 0
477186 57 0
477422 62 0
477652 74 0
477813 89 0
478003 80 0
478165 55 0
478228 65 0
478348 48 0
478388 69 0
478447 81 0
478734 76 0
478923 65 0
478962 66 0
479261 64 0
479291 80 0
479321 74 0
479703 65 0
479727 65 0
479771 37 1
479808 50 3
479865 60 0
480134 63 0
480161 52 0
480505 55 0
480535 52 0
480646 61 0
480653 57 0
480787 82 0
482293 58 0
482705 56 0
482732 68 0
482784 85 0
482925 49 0
483144 69 0
483869 65 0
484038 55 0
484514 54 0
484829 74 0
485579 64 0
485891 66 0
486270 52 0
486340 65 0
487173 54 0
487904 72 0
488347 67 0
488642 47 0
489405 86 0
490019 55 0
490216 60 0
490328 62 0
490375 55 0
490425 54 0
490546 49 0
490746 25 0
490913 30 0
491014 43 0
491097 77 0
491200 32 3
491503 49 0
492358 64 0
492697 38 0
492848 72 0
493100 70 0
494388 69 0
495386 69 0
495482 67 0
498417 54 0
498895 44 0
499128 54 0
499768 55 0
500842 78 0
501476 62 0
501688 76 0
503054 56 1
503436 58 0
503516 94 0
503745 70 0
503925 66 0
503971 62 0
504073 55 0
504391 53 0
504586 61 0
504748 58 0
505183 29 0
505317 50 0
505636 66 0
506367 45 0
506605 35 1
506815 44 0
506866 43 0
506929 54 0
507010 70 0
507142 55 0
507162 60 0
507214 46 0
507244 28 0
507292 38 0
507470 41 0
507622 66 0
507656 65 0
507661 55 0
507681 52 0
508213 63 0
508650 37 0
509532 62 0
509558 56 0
509772 26 0
510719 58 0
510777 57 0
510875 66 0
511505 66 0
511888 67 0
512620 59 0
512930 89 0
513152 72 0
513241 60 0
513277 69 0
513472 61 0
513523 79 0
513569 68 0
513865 63 0
514176 52 0
514320 54 0
514516 54 0
514632 59 1
514890 82 0
514924 75 0
514939 51 0
515221 56 0
515230 63 0
515360 26 0
515557 53 0
515617 53 0
515684 50 0
515697 42 0
515706 47 0
515852 21 0
516090 64 0
516099 75 0
516407 62 0
516829 65 0
518376 52 0
518420 64 0
518727 52 0
519121 60 0
519238 64 0
519275 65 0
519326 59 0
519422 73 0
519428 76 0
519638 61 0
519813 58 0
519926 65 0
520090 42 0
520102 64 0
520271 38 0
520344 57 0
520803 40 0
521733 69 0
522719 95 0
523739 71 0
523763 54 1
524031 53 0
524360 68 1
524378 69 0
524492 57 0
524555 47 0
524573 50 0
524716 62 0
524753 48 0
525843 61 0
525958 50 0
526101 56 0
526148 57 0
526365 46 0
526571 59 0
527180 50 0
527241 31 0
527254 36 0
527702 60 0
527735 52 0
527944 61 0
528067 72 0
528477 65 0
528527 63 0
528688 35 0
528798 63 0
528889 46 0
529324 36 0
529468 40 0
529644 45 0
529699 47 0
529757 58 0
529785 68 0
530423 51 0
530462 79 0
530839 49 0
532029 54 0
532364 57 0
532688 90 1
532734 71 0
532755 80 0
533084 45 0
533106 47 0
533468 68 0
533763 44 0
533782 53 0
533891 17 0
534385 52 0
534427 55 0
534880 69 0
535142 67 0
535256 44 0
535329 55 0
535675 37 0
535700 36 0
536306 56 0
536631 53 0
536973 37 0
537790 72 0
537958 49 0
538028 41 0
538244 58 0
538418 49 0
538454 55 0
538460 56 0
538510 37 0
538569 49 0
538639 79 0
538937 41 0
539099 46 0
540001 61 0
540091 54 0
540522 42 0
540537 50 0
541789 65 0
542127 45 0
542170 49 0
543878 34 2
543951 73 1
545513 21 0
545582 39 0
545625 43 0
545660 68 0
546355 59 3
546917 65 0
547043 72 0
547510 79 0
548644 43 4
549923 15 0
550174 21 0
551052 59 3
551563 77 2
552161 83 1
552203 70 1
552242 56 0
552331 52 0
552592 54 0
553348 66 1
554207 67 3
554467 52 0
554605 45 0
554659 42 0
554812 69 0
554925 48 0
555310 49 1
555400 42 0
556419 60 0
557296 61 0
557466 69 1
557746 81 3
557826 63 1
558264 47 1
558482 71 0
558559 56 1
558868 62 1
559075 57 1
559144 71 1
559523 54 1
559830 76 1
560015 49 1
561105 64 1
561289 75 2
561319 69 1
561330 62 0
562143 67 0
562246 52 1
562273 46 1
562309 49 1
562891 37 1
563212 44 0
563226 51 0
563277 47 0
563299 43 0
563712 37 2
563773 66 0
563813 81 1
563838 85 2
563844 71 2
563865 65 2
564777 51 0
565281 46 0
566147 40 1
566537 60 7
567199 62 1
567900 55 2
568241 55 1
568300 52 1
568334 57 2
568397 73 1
568557 64 1
568710 51 0
568727 52 0
568739 54 1
568806 64 1
568920 45 1
569424 61 0
569429 57 0
569451 45 0
569539 71 0
569944 61 2
570240 83 3
570575 45 0
571320 62 2
571389 65 1
571575 59 2
571785 42 0
571827 55 0
571889 68 0
572247 46 3
573069 59 0
573405 62 0
573585 63 0
574494 73 0
574581 53 3
575402 59 0
575526 42 1
575607 36 1
575794 61 1
576055 76 0
576856 48 0
577265 58 1
577520 42 1
577984 44 0
578579 69 0
579314 39 0
579441 44 1
579468 41 0
579523 17 0
580344 16 0
580414 61 1
580441 44 1
580518 50 0
581841 83 0
582479 42 3
582686 64 1
582840 49 1
582903 61 0
582921 63 1
582935 52 1
582986 63 1
583439 67 0
584233 24 0
584257 43 0
584310 58 2
584464 37 2
584543 46 0
584570 56 0
584786 39 0
584810 43 0
584831 60 0
585014 57 0
585158 50 0
585918 66 1
586074 47 1
586338 47 0
587189 61 0
587664 59 0
587750 51 0
588031 58 1
588403 20 116
588413 25 105
588492 58 3
588808 67 6
588926 57 0
588965 71 1
589254 63 1
589530 62 0
590721 56 0
591468 44 1
591691 47 0
591939 37 0
592813 57 0
592912 59 1
592935 55 1
593090 64 1
593266 56 0
593274 49 1
595492 58 1
596460 49 2
596555 49 2
598156 71 0
598577 49 1
599149 37 0
599307 61 3
599372 48 1
599458 21 0
599540 40 0
600439 45 1
601153 39 0
601288 45 0
601354 57 1
601475 33 1
601518 46 3
601530 57 3
601575 52 3
601883 45 4
602018 62 1
602078 63 1
602349 59 2
602381 60 3
602536 66 0
602608 51 1
602919 36 0
602930 37 0
602983 37 0
603047 59 3
604442 53 1
604466 67 1
605916 26 14
605946 32 15
605955 26 14
606099 46 13
606156 45 23
606723 35 14
606732 38 15
606746 56 16
606760 53 17
607367 41 22
607378 41 25
607595 17 13
607650 25 18
607729 39 14
607738 36 14
607777 27 9
607837 46 12
608000 37 20
608113 46 13
608234 45 15
608480 38 9
608593 49 12
608640 43 18
608647 44 19
608882 27 13
609078 30 9
609542 26 10
609665 37 12
609941 25 16
610031 42 8
610088 51 21
610281 35 10
610397 43 14
611558 36 13
611768 41 11
611855 44 11
612072 46 13
612283 50 16
612347 40 10
612765 49 19
612816 33 10
613158 46 16
613305 39 20
613612 29 13
613657 35 13
613996 20 12
614622 36 17
616167 59 19
616222 39 14
616392 34 13
616606 54 23
616643 38 12
616686 15 6
616806 44 10
616814 41 10
616841 48 9
616942 34 6
616954 35 6
617008 24 7
617292 39 12
617417 31 16
617783 35 17
618500 28 14
618584 47 15
618864 38 6
619082 35 8
619116 44 12
619895 45 14
620034 39 19
620306 53 0
621125 54 3
621170 46 3
622043 56 3
622077 60 1
622154 52 2
622187 50 2
622193 54 2
622256 56 2
622313 58 1
622331 55 0
622589 45 1
622610 36 0
623538 55 1
623640 38 1
623953 44 1
624543 35 2
624913 41 0
625744 28 1
626386 43 1
626410 42 2
626509 51 2
626851 53 0
626935 65 0
627052 50 1
627364 47 1
627399 56 1
627749 49 0
627767 58 0
628241 62 0
629006 66 0
629057 75 0
629108 49 0
629435 35 1
629612 52 0
629831 43 1
630259 64 2
630310 66 1
630496 36 0
630722 44 0
630888 43 1
631001 62 2
631046 69 3
631058 65 3
631130 44 1
631148 45 2
631662 46 0
631800 64 1
631818 69 1
632847 43 0
633274 59 1
633335 57 1
633608 57 0
634032 36 0
634076 34 0
634156 35 0
634949 62 2
635354 49 2
635387 65 1
635713 60 0
635785 54 1
635828 84 1
635905 65 1
635977 31 0
637384 71 0
637393 76 0
637588 64 0
637612 68 0
637618 69 0
637663 62 0
637696 49 0
637741 56 0
639054 40 0
640043 42 0
640865 47 0
641154 54 0
642543 44 0
642609 54 0
643074 54 0
644241 45 0
644385 52 0
644862 42 0
644961 64 0
645110 60 0
645738 55 0
645948 40 0
647847 62 0
648030 78 0
648150 46 0
649132 22 0
656033 58 0
656283 57 0
657222 23 0
657856 75 0
658166 43 0
658178 48 0
658383 49 0
658598 59 0
658772 53 0
659636 65 0
659654 62 0
660143 65 0
660474 41 0
660494 44 0
660584 43 0
660679 65 0
660855 46 0
661019 37 0
661287 24 0
661311 32 0
661627 52 0
662217 46 0
662233 45 0
662400 65 0
662415 61 0
662452 59 0
662460 44 0
662485 45 0
662786 54 0
663363 59 0
663480 62 0
664266 48 0
664577 31 0
664917 11 0
665391 39 0
665409 50 0
665568 54 0
666391 66 0
666444 48 0
666606 66 0
666633 58 0
666701 36 0
666733 29 0
667685 50 0
668295 62 0
668555 61 0
669576 36 32
670089 17 25
670226 40 23
670255 36 20
670476 35 25
670630 27 27
670700 39 37
670905 37 38
671581 41 30
672126 30 35
673036 12 12
673427 22 20
674041 30 43
674305 22 23
674458 20 19
674476 20 13
674548 30 24
675036 19 26
675069 19 24
675134 22 27
675139 27 32
675222 27 29
675264 23 34
675318 31 31
675340 32 27
675409 16 21
676278 29 27
676361 30 20
676431 42 40
676794 26 31
677150 24 29
677536 22 25
677709 25 24
677855 17 11
677991 25 23
678098 27 25
678620 36 28
680045 30 27
680344 29 25
680437 43 32
680455 44 38
680598 22 20
680724 24 19
680857 41 29
680885 36 24
680992 23 17
681014 20 18
681122 23 13
681416 25 26
681902 23 25
682265 25 25
682451 31 32
682490 33 34
682508 36 35
682676 17 36
682682 18 33
682913 26 13
683116 35 21
683129 28 11
683186 17 16
683455 23 22
683516 23 16
683595 30 26
683609 33 21
683726 21 19
683831 27 22
684413 29 27
684873 31 33
684977 18 23
685164 23 30
685205 36 33
686066 15 23
686818 31 18
687007 30 25
687244 19 38
687403 18 21
687694 51 0
687808 50 0
687862 40 0
687868 37 0
688267 58 0
688327 53 0
688340 54 0
688405 61 0
688552 71 0
689149 62 0
689387 48 0
689580 40 0
689603 31 0
689929 45 0
689939 36 0
690029 75 0
690915 33 0
692178 45 0
692847 63 0
693231 60 0
693651 40 1
694014 41 0
694026 47 0
694284 42 0
694341 24 0
695006 82 0
695269 75 0
695445 46 0
696400 66 0
696514 31 0
696568 60 1
696637 56 0
696685 41 0
696907 50 0
697007 51 0
697096 43 0
697126 49 0
697480 47 0
697834 58 0
698554 47 0
698671 71 0
699104 53 0
699319 47 0
699328 44 0
699448 41 0
699703 45 1
700069 45 1
700135 51 0
700246 52 1
700819 38 0
700900 44 0
701431 53 0
702809 39 2
703078 49 1
703416 61 0
703642 41 1
703871 37 0
703882 36 0
704926 77 0
704965 66 1
704971 62 1
705131 56 0
705656 52 1
706484 32 2
706685 52 1
706710 56 0
706945 46 1
707269 55 0
707387 51 1
707617 43 0
707989 55 0
708893 33 1
709035 36 0
709404 64 1
709447 54 0
709946 59 0
710544 45 0
710931 56 0
711273 63 0
711366 59 0
711723 58 1
711873 48 0
712280 57 0
713028 53 0
713120 41 0
713390 51 0
713529 51 1
713748 45 2
714438 38 2
714522 78 0
715007 51 1
715943 41 0
716379 43 1
716714 44 0
716739 43 0
716908 64 1
717152 58 0
717914 49 1
718343 66 0
718445 45 0
718499 37 1
718557 62 0
718983 46 0
719676 58 1
719980 64 4
720291 47 2
720412 48 1
720661 34 0
720790 64 1
721155 60 0
722138 45 0
725507 48 0
725684 37 0
727678 58 0
728043 51 1
728866 49 1
729484 60 0
730798 37 1
731503 43 1
732484 36 0
732981 5 12
733657 57 1
734124 37 0
734243 38 0
734338 55 0
734718 47 0
734985 50 0
735125 46 1
735208 31 1
735712 58 2
736039 44 0
736192 58 1
736387 76 3
736708 58 1
737125 49 0
737359 56 2
737945 49 0
738231 73 1
739974 51 0
741085 46 1
742118 49 0
744027 26 14
744084 15 11
744210 2 11
744474 2 9
747784 4 7
747961 2 13
748206 10 6
748218 10 5
748708 44 8
748745 30 4
748762 32 6
749331 38 9
749480 39 6
750015 43 9
750499 31 7
751390 61 20
752214 45 9
752849 41 2
752909 55 8
753011 25 7
753050 36 4
753074 43 7
753194 32 10
753247 41 7
753374 41 6
753487 28 10
753551 42 8
753773 41 12
753888 56 12
754017 51 15
754227 43 8
754667 35 7
755024 44 5
755182 26 10
755361 32 5
755532 31 6
755896 28 7
755904 27 8
756114 48 12
756237 38 5
756354 37 8
756450 51 11
757733 52 9
757760 43 7
757955 44 11
758070 61 12
758714 17 3
758844 34 4
758870 29 3
759292 49 8
759331 41 3
759415 56 8
759631 35 7
760623 41 3
762189 36 3
762267 40 9
762365 35 4
762546 29 8
763065 43 8
763143 30 7
763826 33 7
764905 40 13
765164 54 8
766623 45 12
766652 51 12
766814 48 5
767215 45 12
767405 42 10
767702 49 7
767997 37 6
768507 48 6
768730 44 14
769128 35 11
769159 57 12
769480 51 14
769507 65 11
769528 67 6
769680 40 7
769782 45 11
769936 47 13
769945 48 11
770320 36 7
770665 33 11
771004 24 14
772496 61 16
772845 41 6
773048 32 8
773101 38 3
773586 50 8
773614 40 8
774464 60 8
776141 54 11
777066 42 7
777147 30 2
778717 16 32
778722 10 27
778864 13 38
779813 14 39
780875 9 23
780916 15 33
781197 14 22
781291 7 34
781915 16 43
782521 13 36
783218 14 25
783363 11 36
783546 16 33
783802 16 39
783844 10 49
783914 17 42
783963 18 50
784040 10 36
784083 13 48
784101 10 42
784133 15 32
784392 16 35
784424 15 36
784645 18 52
784687 21 53
784716 18 50
784944 16 34
785817 15 35
785907 15 30
785913 15 40
786636 26 27
787116 14 56
787125 16 53
787521 19 49
787659 15 42
788246 13 32
788586 10 35
788934 10 21
789020 15 42
789525 23 40
789906 17 48
790004 12 35
790068 10 30
790371 11 55
790404 9 40
790514 9 19
791138 13 33
791152 13 41
791198 13 35
791226 10 33
791243 9 29
791526 18 39
791536 13 34
791568 16 46
791780 15 42
792109 12 30
792316 15 39
792332 13 35
792354 9 38
792431 17 43
792742 9 36
792774 7 57
792817 6 46
792831 7 50
792870 6 38
792947 17 46
793213 11 45
793225 10 51
793261 8 47
793722 4 25
794106 6 51
794117 8 59
794540 7 60
794859 4 34
795529 9 42
796189 7 46
797526 8 45
797892 3 24
798195 6 53
798507 9 43
798548 5 29
800142 8 32
803669 13 25
803918 16 23
804017 10 35
804140 14 31
804555 11 36
806090 26 42
806694 15 36
806729 14 34
806909 18 48
806914 16 44
806955 14 48
807029 13 41
807036 12 42
807046 8 35
807120 12 33
807339 18 38
807478 18 33
807580 14 35
807622 18 37
807628 18 36
807663 14 34
807890 17 44
807939 11 29
807969 10 22
808014 5 42
808032 5 37
808190 10 37
808203 15 34
808260 15 29
808527 17 43
808930 5 41
809052 16 37
809058 13 36
809259 13 30
809424 15 43
809638 36 55
809707 23 44
809945 13 44
810021 12 29
812127 19 39
812539 19 53
812553 13 48
812846 20 48
813807 9 29
814240 30 53
814995 14 30
815060 23 45
815121 16 34
815198 17 34
815453 25 40
815563 11 27
815624 11 40
816092 7 25
816136 15 31
816532 14 63
816848 17 47
816892 16 51
816979 10 32
817984 11 42
818086 14 33
818758 8 28
819057 19 43
819251 15 37
819561 18 38
819772 12 38
820118 14 35
820159 20 32
820397 20 34
820538 18 35
820571 19 38
820820 18 44
821606 13 32
821798 19 38
822134 38 4
822540 46 5
822685 45 7
823417 45 7
823553 34 9
823741 69 6
824236 52 0
824347 50 2
825554 52 0
825806 54 0
825860 33 0
825876 35 0
826277 48 1
826376 50 2
827656 52 0
827708 51 1
827717 58 1
827984 62 0
828314 37 0
828674 53 0
828794 50 0
828856 43 0
828902 44 0
829419 48 0
829584 58 1
829611 69 1
829624 72 1
829710 72 2
830333 45 1
830740 76 0
832440 44 1
833568 41 6
833673 47 7
833706 56 8
834096 34 2
835905 60 1
836325 21 3
836553 40 3
836665 66 4
837626 50 5
837919 40 3
838040 54 2
838062 50 1
838112 49 2
838286 36 2
838515 44 3
838554 47 2
838574 39 0
838626 44 2
838827 56 4
839162 69 2
839173 55 2
839203 46 1
839448 57 3
839603 46 2
839781 65 4
839790 65 4
840129 69 3
840458 56 0
840695 47 1
840918 63 7
841058 36 6
841217 46 5
841382 62 4
841457 57 3
841496 55 4
841619 41 2
841832 53 3
841928 50 1
842446 61 1
842515 46 1
842546 56 1
843113 45 3
843470 31 3
843896 45 1
844148 34 2
844220 54 2
844328 64 3
845054 50 3
845059 57 4
845194 50 4
845485 48 3
845851 64 5
846191 59 4
846204 56 5
846303 57 4
846578 65 3
846733 40 5
846985 57 2
847051 50 4
847318 55 1
847369 58 2
847387 59 4
847399 57 3
847477 50 5
847900 58 6
847990 58 1
849318 57 8
850251 60 2
850339 45 1
850504 50 3
851173 38 2
852043 18 3
852276 47 0
852574 61 2
852712 38 2
852727 44 3
852760 38 3
852848 43 5
853144 56 3
854265 63 6
854473 35 1
854804 34 3
854855 36 3
856277 60 3
856288 59 3
857622 33 1
858226 54 7
858335 44 2
858773 71 5
859082 35 3
859491 41 2
860136 46 7
860881 43 0
861036 65 3
861861 35 2
862029 59 4
862254 42 1
862285 32 3
862341 59 2
862392 61 6
863634 50 3
863655 52 1
864645 46 4
865293 45 5
865665 42 2
865950 49 3
866019 55 3
866150 47 4
866892 63 4
867029 40 3
867324 23 5
867637 33 1
868229 53 4
868424 52 2
868724 62 2
868993 44 2
869253 69 4
869532 49 4
869635 51 7
870252 66 4
870511 62 4
870546 53 1
870648 48 5
870663 40 5
870803 45 3
870827 46 4
871119 63 6
871494 44 2
872001 50 2
872085 56 5
872718 70 1
873025 60 4
873210 34 5
873365 58 3
873603 58 4
873869 53 4
873906 50 6
874514 37 4
874664 69 2
875173 47 1
875195 49 1
875397 45 3
875714 36 0
875875 48 0
876178 45 3
876351 63 1
876587 53 5
876671 45 0
877034 58 6
877262 61 4
877530 47 3
877544 38 1
877658 68 3
877714 67 5
877827 64 4
877901 36 3
878240 50 2
878580 47 4
879559 62 1
879644 56 2
879660 62 1
879699 56 2
879749 53 2
880138 64 3
880443 53 5
880453 63 6
880628 58 7
880958 68 5
881095 70 6
881837 54 7
882348 58 5
882445 51 7
882586 53 11
882754 53 9
883036 52 6
884200 43 4
884490 37 9
884859 46 7
885261 49 8
885340 36 4
885595 31 32
885755 21 38
886412 20 31
886581 17 29
886718 26 37
886858 18 34
886980 16 33
887352 24 36
887667 29 45
887859 28 44
888445 20 19
888465 26 25
888548 28 30
888585 27 34
888755 24 27
888767 27 32
888927 22 36
888952 19 41
888986 33 39
889286 23 34
889701 32 37
890242 34 34
890456 37 44
890961 39 41
891000 27 33
891176 14 24
891517 25 27
892142 26 41
892318 12 31
892370 18 20
892513 20 23
892739 13 35
892835 26 34
893026 38 34
893238 25 39
893258 31 35
893275 21 28
893354 19 21
893447 28 31
893963 22 34
894109 21 28
894246 27 36
894746 34 45
895071 26 25
895785 36 25
895807 26 21
895898 25 28
896140 25 35
896272 18 27
896838 27 22
897399 25 41
897732 20 22
897768 16 17
897789 24 29
897921 18 33
898663 32 45
898728 25 33
899131 24 29
899487 15 32
899793 26 29
900450 26 42
900637 21 24
900914 21 22
901374 33 43
901383 27 40
901527 23 34
901551 19 31
901592 12 25
901674 21 18
901717 28 30
901750 30 35
901927 11 15
901990 18 21
902422 3 19
902479 12 15
902659 21 22
903112 18 39
903313 18 25
904302 7 14
904494 23 28
904689 20 28
906359 25 42
906379 32 33
906412 36 32
907024 25 29
907678 22 29
908773 23 28
908928 24 42
909075 22 34
909654 20 29
909726 23 35
909879 15 25
910047 20 34
910363 36 28
911670 28 37
912571 29 39
912763 25 46
912891 24 27
914022 25 32
914224 24 40
914854 23 36
915261 28 47
915318 24 35
915641 39 37
915804 21 19
916269 21 33
916733 31 31
916837 24 26
916859 25 24
917116 26 29
917283 24 32
917402 30 36
917413 31 33
917477 29 34
917510 42 42
917538 33 36
917544 33 36
917563 31 33
918028 27 32
918146 14 25
919033 18 29
919164 24 38
919307 17 28
919511 19 34
919640 17 26
919860 18 23
920047 23 33
920076 18 29
920122 16 27
920173 22 31
920178 21 31
920355 24 23
920682 22 36
920712 17 29
921227 24 49
921261 22 49
921268 24 55
921332 22 35
921371 11 25
921466 33 26
921485 31 34
921498 31 30
921787 17 35
921811 23 50
921949 31 22
922633 31 31
922823 35 42
922968 31 36
922983 33 35
923130 28 34
923172 21 23
923453 27 27
923924 26 29
923976 25 30
924003 32 39
924183 27 22
924299 37 37
924593 14 26
924763 28 21
924791 26 32
925036 29 27
925109 29 31
925186 28 34
925235 35 25
925244 33 29
925326 25 27
925382 22 32
925412 15 34
925422 18 35
925440 19 31
925571 20 39
926099 28 40
926186 28 35
926333 38 22
926501 26 27
926538 27 35
926902 24 36
926908 26 34
927038 44 35
927043 46 32
927142 22 30
927294 53 47
927637 29 31
927745 26 40
927763 30 44
927769 29 38
927949 32 33
928777 29 17
928918 27 44
928950 18 40
929005 25 27
930043 28 25
930830 20 32
931206 29 33
931423 21 27
931444 24 23
931612 28 35
931651 19 41
931777 25 30
931783 26 33
931795 19 30
931808 18 25
931836 21 32
932527 30 34
933225 20 39
933711 21 28
934236 24 35
934300 17 30
934333 17 15
934387 16 43
934539 17 26
934802 13 31
934837 12 23
936147 29 44
936582 19 23
936726 30 48
936852 32 39
936863 32 31
936944 30 28
937043 32 35
937754 17 34
939435 35 53
940414 30 39
942827 24 25
942962 29 30
943046 33 27
943295 35 29
943304 39 30
943445 22 33
945069 21 35
945161 24 25
946011 16 20
946094 27 40
946526 31 28
946583 18 21
946862 16 33
947156 23 41
947222 25 31
947242 25 26
947633 16 34
947692 23 26
948389 28 19
948498 28 33
949371 37 43
949590 21 31
949748 25 44
949859 20 29
950069 18 27
950119 24 36
950580 20 25
950690 20 41
951970 24 50
952002 22 38
952438 15 45
952767 25 44
953969 20 38
954097 29 49
954105 24 46
954781 32 44
954803 28 39
955091 31 32
955175 26 37
955196 22 31
955380 30 27
955406 24 37
955552 28 33
955728 10 38
955737 8 44
955760 7 44
955772 5 34
955830 6 34
956018 63 51
956030 57 51
956048 45 45
956053 49 40
956058 56 51
956080 100 55
956098 120 62
956160 74 76
956190 35 56
956233 84 49
956238 18 123
956262 120 56
956274 124 50
956301 142 60
956307 130 60
956361 91 63
956370 80 49
956381 20 101
956382 74 48
956409 40 54
956419 50 57
956460 52 50
956472 56 53
956477 54 58
956487 62 57
956496 54 61
956498 28 91
956501 58 61
956511 61 61
956522 57 66
956529 33 68
956553 63 50
956562 54 46
956576 40 50
956680 14 52
956700 70 54
956747 111 60
956754 91 58
956825 19 48
956834 14 46
956861 6 36
956978 12 69
956998 13 65
957008 13 62
957085 18 23
957102 18 21
957555 20 36
957616 16 34
957685 24 33
957769 23 32
957814 23 27
957876 25 49
957941 27 31
957970 16 29
957995 11 19
958150 29 39
958354 35 23
958574 10 16
958922 21 32
958928 21 37
960416 24 31
961373 28 32
962690 26 32
963489 30 45
964017 23 26
964147 39 48
964928 19 26
966422 28 38
966429 25 38
966449 23 34
966474 6 27
966568 12 23
966645 18 25
966763 22 34
967751 20 37
968063 34 46
968410 15 21
968711 23 42
969053 31 42
969554 18 31
969581 30 30
970038 25 22
970732 21 26
970888 31 39
970924 41 41
970972 31 41
971086 30 44
971257 29 39
971263 28 42
971353 24 34
971506 50 54
971545 48 61
971582 35 42
971776 32 54
973281 28 36
973950 15 30
974805 32 39
975147 25 28
975178 28 30
975324 38 38
975365 37 34
975383 40 33
975478 7 22
975494 4 26
975659 22 22
975951 24 39
975964 24 38
976193 25 29
976609 13 23
976670 21 21
976712 8 3
977303 26 26
978048 13 31
978134 24 50
978705 24 37
978712 24 38
978775 30 37
979039 23 40
979583 35 42
981014 19 26
981282 25 31
982207 30 24
982267 21 35
982315 26 39
982532 36 39
982561 40 43
982574 30 40
982640 39 35
982738 19 38
982770 27 39
982895 39 42
982900 41 36
982980 30 27
983054 24 44
983328 17 35
983334 20 36
983434 26 36
983463 35 42
983564 26 30
983630 24 34
983678 34 46
984194 32 43
984323 21 40
985699 23 25
985867 27 28
986483 18 34
987562 26 34
987628 27 32
987689 35 34
987717 28 35
988001 26 33
988016 21 24
988441 20 21
988556 29 39
988688 35 34
988945 27 41
989211 27 37
989508 25 33
991246 16 20
992363 28 42
992713 38 52
992799 26 39
994045 15 21
994437 23 26
994456 19 21
994475 24 24
994484 26 27
994528 31 31
994600 34 38
994742 33 33
994997 26 28
995115 26 32
995269 32 57
995323 29 38
995482 29 38
996110 24 33
996146 26 40
996243 26 23
996288 26 37
996559 37 33
996908 33 41
997376 32 31
997481 25 31
998426 21 28
998669 40 41
999010 27 24
999166 34 31
999173 36 29
999665 33 37
999865 49 40
999934 33 29
1000114 30 29
1000300 39 41
1000982 22 55
1001093 15 30
1001199 18 40
1001411 17 44
1001855 10 45
1002299 13 39
1002747 17 55
1003440 14 49
1003481 13 36
1004218 11 46
1004779 9 40
1004935 15 45
1004953 16 47
1005034 16 39
1006411 20 46
1006514 8 50
1006765 17 53
1007190 19 51
1007547 22 51
1007862 23 47
1008318 14 57
1008492 13 41
1008820 9 43
1009187 15 40
1009429 19 39
1009454 18 42
1009775 8 46
1010275 12 37
1010521 18 50
1011385 13 45
1011755 6 34
1012507 10 44
1012717 15 53
1013002 11 23
1013153 25 46
1013302 7 44
1013389 15 46
1013437 20 37
1014129 8 32
1014683 11 42
1014717 11 28
1014765 14 47
1014817 12 53
1015544 11 37
1015631 21 43
1015670 19 38
1016402 13 54
1016470 10 40
1016510 17 43
1016875 14 45
1017067 10 40
1017078 10 40
1017182 6 32
1017227 11 43
1017309 14 68
1017367 12 66
1017541 7 34
1017841 18 47
1017905 16 41
1018011 20 43
1018204 18 49
1018816 12 49
1019030 11 41
1019206 5 22
1019517 7 47
1020010 19 31
1020139 24 38
1020206 15 24
1020879 13 43
1021623 15 57
1022117 14 39
1022480 18 48
1022519 20 55
1023056 12 59
1023554 15 44
1023625 13 49
1023963 12 24
1024241 9 50
1024253 7 47
1024264 18 47
1024476 11 45
1025003 21 57
1025016 20 60
1025508 5 42
1025711 22 50
1025761 13 41
1025826 9 45
1025896 17 43
1026003 12 45
1027014 11 44
1027194 15 44
1027294 14 35
1027356 16 62
1027377 16 62
1027496 16 45
1027592 17 40
1027700 14 59
1028081 12 55
1028156 16 44
1028173 16 44
1028306 14 46
1028709 15 44
1029362 14 59
1029794 8 46
1029833 8 45
1031111 11 62
1031264 7 54
1031336 11 48
1031468 14 49
1031850 19 59
1031957 8 28
1032202 14 52
1033819 19 60
1035729 11 24
1036096 15 62
1037140 18 35
1037967 14 62
1038020 17 48
1038448 14 40
1038818 12 44
1038956 14 60
1039326 17 55
1039652 17 56
1040037 13 35
1040066 6 44
1040215 13 50
1040497 13 40
1040634 24 64
1041409 19 43
1041725 8 34
1041780 11 29
1041793 15 34
1042167 17 29
1042224 9 46
1042779 17 63
1042935 13 48
1042946 14 53
1042993 22 56
1043338 6 25
1043540 15 37
1043552 13 39
1043618 9 37
1044318 13 45
1044674 7 55
1044968 20 61
1044980 17 61
1045328 12 43
1045994 15 46
1046036 20 51
1046272 17 40
1046478 14 42
1046681 18 48
1046691 17 44
1046734 12 49
1046748 14 44
1046779 16 48
1047126 11 49
1047367 18 55
1047401 21 69
1047947 16 54
1048534 14 52
1048629 14 33
1048809 11 14
1049285 14 47
1049356 9 32
1049489 19 69
1049498 18 61
1049549 12 40
1049570 12 25
1049852 14 63
1049894 5 44
1050868 8 53
1051028 19 67
1051109 12 50
1051506 18 63
1051521 19 63
1051641 20 52
1051661 24 46
1052057 14 46
1052135 11 41
1052255 12 50
1052329 12 45
1052337 12 46
1052405 12 41
1052714 12 39
1052952 19 47
1053167 13 47
1053201 12 51
1053510 11 35
1053693 24 44
1054050 18 29
1054480 11 37
1054659 20 39
1054682 22 35
1054691 21 34
1054930 16 38
1054941 18 42
1054993 19 29
1055178 15 36
1055299 25 49
1055514 12 58
1055892 11 46
1056091 11 50
1056576 9 48
1056582 9 49
1056659 25 44
1056769 9 52
1056817 14 55
1057342 10 31
1057377 11 44
1057403 15 47
1057490 23 82
1057536 10 42
1057670 7 59
1057680 9 57
1057793 15 64
1057840 13 52
1058120 19 54
1058487 11 44
1058501 13 44
1059222 13 39
1065409 7 59
1065440 9 74
1065485 8 59
1065506 10 56
1065585 7 42
1065613 10 47
1071673 9 45
1071798 7 39
1071856 12 56
1072121 13 52
1072912 22 66
1072991 14 51
1073303 13 45
1073337 19 49
1073694 15 42
1073756 7 43
1074246 9 41
1074271 7 49
1075467 17 55
1075765 7 42
1076057 13 40
1076099 15 36
1076585 21 55
1076751 15 45
1076996 10 47
1077666 24 42
1077687 19 52
1078231 14 62
1079104 14 62
1079119 13 51
1079209 7 40
1079327 10 58
1079782 9 57
1079821 7 47
1079878 17 56
1079916 17 56
1079955 20 61
1080074 19 41
1080095 16 41
1080212 22 58
1080230 26 69
1080302 15 53
1080343 15 45
1080396 14 47
1080444 12 43
1080480 11 40
1082362 10 55
1083917 14 41
1084138 20 38
1084747 23 53
1084791 16 57
1085153 10 52
1085170 13 51
1085564 12 49
1085654 18 53
1085732 17 65
1086616 15 45
1086663 15 56
1086828 22 45
1086892 12 56
1087275 15 68
1088247 18 65
1088428 17 36
1089060 9 30
1089546 13 52
1089558 15 53
1089642 23 54
1089654 27 59
1089737 20 60
1089770 15 59
1089780 16 58
1089883 15 37
1089982 12 34
1090121 25 65
1090308 17 47
1090384 20 44
1090438 15 38
1090657 19 51
1090744 16 46
1090761 14 50
1090771 13 42
1091014 15 45
1091506 28 67
1091611 27 58
1091662 25 59
1091953 24 53
1092001 15 54
1092190 16 44
1092365 12 43
1093247 7 40
1093355 17 54
1093375 17 43
1093869 10 42
1093915 13 44
1094866 8 47
1095198 10 37
1095443 12 48
1095642 16 38
1095960 16 45
1096421 13 40
1096497 8 33
1096573 13 55
1096610 12 52
1096741 18 56
1096832 19 42
1096864 20 55
1097015 14 45
1097443 12 49
1097686 12 28
1098466 23 66
1098505 12 40
1098586 9 56
1098685 10 30
1098964 15 54
1099140 18 50
1099201 14 63
1099317 8 60
1099340 15 59
1099807 11 54
1100282 23 49
1101332 18 48
1101684 22 47
1102029 17 57
1102643 13 61
1102863 20 52
1102908 21 63
1103361 23 50
1104423 10 49
1104470 11 51
1104939 11 51
1105077 12 40
1105267 14 41
1105360 8 30
1105380 6 20
1106230 20 65
1106599 19 40
1106671 22 48
1106764 19 44
1107121 18 62
1107559 9 54
1107571 7 52
1107621 17 38
1107970 17 47
1108000 14 49
1108123 27 51
1108171 19 49
1108651 19 42
1108672 29 62
1108710 26 59
1108970 15 47
1109557 15 54
1110109 12 35
1110289 19 50
1110545 17 42
1110826 31 49
1110846 24 37
1110895 7 37
1111010 12 60
1111187 12 48
1111490 16 62
1112723 19 59
1112816 21 55
1113128 23 43
1113342 28 58
1113623 18 45
1113659 19 51
1114070 9 43
1114193 14 62
1114244 19 51
1115202 11 51
1115393 19 41
1115489 28 62
1115926 15 55
1116141 18 60
1116233 14 43
1116242 16 42
1116443 13 48
1116659 14 55
1116808 13 56
1117050 14 42
1117254 16 38
1117345 10 46
1117570 21 40
1117612 18 35
1117702 23 52
1117716 23 55
1117840 15 39
1118200 7 48
1118323 24 62
1118338 23 64
1118454 13 42
1118491 20 50
1119447 17 57
1120467 16 42
1120761 6 31
1120768 6 28
1120795 8 35
1120823 16 53
1120861 15 53
1120882 6 45
1121270 6 42
1121404 10 67
1121620 10 56
1121701 8 65
1121989 6 48
1122406 11 55
1122520 12 56
1122682 9 69
1122814 12 60
1123316 6 42
1123477 13 67
1123641 8 38
1123671 6 46
1123832 10 59
1123903 7 60
1123979 12 69
1124399 5 38
1124493 18 64
1124531 15 66
1124576 15 66
1124654 6 46
1124669 10 49
1124741 9 76
1124855 16 33
1125011 11 53
1125266 14 55
1125296 20 71
1125592 9 65
1125745 6 29
1125980 3 21
1126316 7 58
1126421 10 75
1126459 8 68
1126588 6 42
1127261 13 55
1127284 11 40
1127362 10 51
1127417 13 65
1127525 8 70
1127638 5 39
1128000 16 64
1128005 14 67
1128188 9 47
1128198 11 54
1128248 11 59
1128482 16 52
1128543 12 68
1128574 9 55
1128609 13 57
1128654 8 47
1128671 7 29
1128727 9 61
1128752 8 61
1128770 7 52
1128823 9 54
1128915 7 40
1128922 7 38
1129141 9 59
1129328 8 50
1129341 9 49
1129824 10 32
1130094 7 40
1131001 12 52
1131085 6 53
1131182 17 39
1131372 10 42
1131473 16 56
1131480 18 60
1131513 13 25
1131525 16 28
1131541 20 30
1131633 14 36
1131678 14 51
1131686 14 50
1131910 20 67
1131949 15 59
1131997 9 45
1132011 13 46
1132109 6 44
1132128 9 41
1132138 13 40
1132143 15 48
1132154 20 58
1132196 22 73
1132234 17 87
1132250 19 69
1132376 12 51
1132391 12 58
1132777 13 60
1132839 13 44
1132854 14 48
1133004 7 63
1133055 13 62
1133070 12 63
1133098 12 51
1133106 18 61
1133122 15 45
1133143 13 49
1133224 10 44
1133374 15 38
1133391 19 46
1133488 18 46
1133620 18 43
1133728 18 30
1133815 15 68
1134016 13 58
1134081 19 80
1134193 11 54
1134298 21 39
1134429 19 51
1135719 11 28
1136314 17 24
1136324 16 20
1136450 9 39
1136796 16 48
1137727 18 62
1137832 14 53
1137886 10 32
1138021 22 50
1138048 23 56
1138696 12 42
1139095 18 55
1139393 11 59
1139588 19 57
1139761 20 54
1141313 18 51
1141567 15 32
1141586 15 41
1141625 9 38
1141800 31 38
1142173 15 62
1142704 21 51
1143612 23 57
1143688 25 36
1143787 19 54
1143810 14 39
1144296 10 36
1144715 21 55
1144983 31 54
1145206 16 39
1145264 14 64
1145698 18 42
1147674 16 52
1148199 16 48
1151542 18 52
1151795 14 51
1151984 17 65
1153040 17 40
1153859 15 38
1153954 13 45
1153959 13 44
1154680 24 70
1154941 24 69
1155234 18 47
1155303 19 67
1155599 15 57
1155658 19 58
1155899 18 47
1156526 18 52
1156930 16 47
1157457 9 42
1157771 22 41
1157777 19 38
1158439 18 70
1160265 18 69
1161017 26 61
1161417 11 43
1161540 14 46
1162174 18 55
1162347 21 43
1162419 11 56
1162451 16 61
1162673 12 54
1162720 15 45
1162753 21 52
1162778 21 60
1162821 18 46
1163175 17 53
1163433 15 70
1163604 10 51
1163660 21 49
1163798 18 49
1163871 16 45
1164318 12 49
1164422 9 66
1164860 16 59
1165050 8 35
1165184 27 56
1165454 18 45
1165537 15 45
1165560 18 59
1165904 9 52
1166121 17 48
1166160 15 51
1166193 14 56
1166262 20 52
1166520 27 66
1167102 19 55
1167129 13 55
1167237 11 57
1167423 18 57
1167568 15 46
1167573 15 47
1167764 22 57
1167950 17 61
1167970 18 66
1168065 13 41
1168198 20 51
1168432 21 53
1168598 18 51
1168717 16 65
1168888 16 54
1168901 18 60
1169270 21 53
1169373 16 44
1170677 28 65
1170841 15 51
1170892 19 74
1170923 20 65
1170965 14 42
1171035 12 57
1171923 15 61
1172062 11 66
1172874 26 58
1173292 13 36
1173381 17 46
1174063 13 57
1174240 19 68
1175363 20 49
1175383 21 55
1175597 24 55
1175658 16 58
1175825 10 55
1176058 9 39
1176572 16 64
1176708 14 65
1177195 11 56
1177680 15 55
1177847 14 49
1178185 20 47
1178195 27 63
1178402 21 54
1178488 18 57
1178534 10 35
1178598 13 48
1178675 17 81
1178925 10 64
1178979 14 49
1179000 14 54
1179016 12 45
1179062 11 62
1179117 20 66
1179168 18 52
1179245 13 46
1179250 14 34
1179303 22 51
1179408 17 43
1179489 17 57
1179607 16 48
1179734 20 49
1179867 19 54
1180212 14 55
1180524 20 54
1180538 20 55
1181094 26 53
1181226 22 41
1181565 19 48
1182294 15 56
1182866 14 48
1182926 14 46
1183022 14 53
1183139 15 45
1183187 19 64
1183205 19 75
1183269 12 42
1183295 10 35
1183424 19 70
1183454 12 57
1183709 18 58
1183819 17 46
1184012 12 72
1184384 14 62
1184503 21 62
1184764 17 46
1184785 13 49
1185274 17 71
1185358 14 60
1185726 16 55
1185957 17 61
1186638 9 48
1186823 18 73
1187098 14 41
1187110 14 42
1187203 21 63
1187635 15 57
1187740 17 60
1188019 20 52
1188152 7 50
1188193 14 46
1188414 15 47
1188490 24 56
1189777 14 41
1190648 19 52
1190889 21 61
1190985 13 63
1191111 14 57
1191213 11 67
1191252 7 50
1191276 12 61
1191365 10 44
1191372 11 46
1191525 17 43
1191599 22 64
1192000 23 74
1192284 23 59
1192312 19 59
1192542 20 72
1192619 21 57
1192751 16 63
1193371 11 59
1194324 11 59
1194443 27 69
1194853 21 63
1194880 15 60
1195069 12 31
1195235 20 66
1195647 16 66
1195695 14 57
1195842 21 49
1195965 19 80
1196641 12 55
1196824 22 75
1197597 17 38
1197946 22 65
1197966 20 72
1198581 25 43
1198731 21 60
1198807 17 56
1199547 10 56
1199578 10 45
1200615 14 43
1200708 14 44
1200729 11 49
1200749 12 51
1200754 15 59
1200781 15 71
1200843 13 54
1201065 12 32
1201189 19 87
1201248 15 46
1201260 11 34
1201454 14 67
1201531 23 68
1201593 19 53
1202737 19 54
1203611 12 74
1203621 11 70
1203855 18 50
1204226 9 24
1204315 17 48
1204326 16 49
1204351 13 47
1204737 15 48
1205277 15 50
1206076 11 37
1206231 12 57
1206369 13 42
1209102 19 49
1209323 12 44
1209498 16 37
1209840 19 55
1210002 25 62
1210312 13 54
1210416 14 61
1210551 19 51
1210707 26 60
1211311 13 35
1211331 12 47
1211348 15 53
1211381 19 62
1211390 18 55
1211434 19 76
1211499 15 41
1211528 14 44
1211798 12 51
1211879 19 67
1212124 15 65
1212201 16 61
1212291 22 44
1212299 22 47
1212479 13 47
1212919 13 66
1213951 8 35
1214708 16 41
1214739 17 38
1215220 20 61
1215243 15 57
1215614 15 72
1215984 17 72
1216254 10 51
1216334 13 58
1216479 18 66
1217261 20 99
1217281 14 80
1217523 17 48
1217619 12 63
1217679 18 61
1218020 20 61
1218172 16 68
1218300 18 44
1218373 24 62
1218411 21 67
1218773 24 64
1218945 18 75
1219035 11 46
1219285 28 68
1219443 20 57
1219680 16 62
1220094 8 68
1220443 13 58
1220586 11 47
1220711 17 74
1220756 16 64
1221399 14 45
1221441 16 59
1221640 13 80
1221811 14 42
1221964 16 55
1222063 15 46
1222800 12 47
1223201 13 53
1223226 13 58
1223320 21 77
1223327 21 72
1223532 10 52
1223670 20 52
1223910 17 46
1224314 15 51
1224381 19 72
1224394 18 74
1224407 12 42
1224456 11 50
1224516 19 77
1224968 19 42
1225018 17 55
1225555 20 55
1225597 23 61
1225679 11 57
1226874 12 45
1226899 17 59
1226916 15 46
1227159 18 67
1227183 16 50
1227893 15 58
1227927 18 59
1228048 15 62
1229088 15 66
1229141 7 53
1229198 12 63
1229226 12 47
1229906 19 61
1230053 15 50
1230407 18 59
1230554 18 76
1230720 16 59
1230776 14 71
1230896 10 49
1231124 21 73
1231256 13 44
1231325 13 51
1232488 19 45
1232648 11 47
1232917 19 44
1233138 14 37
1233145 14 43
1233315 15 52
1233872 14 51
1234012 23 62
1234827 18 56
1235094 22 51
1235247 11 59
1235788 28 29
1236524 44 33
1236672 51 42
1238501 32 19
1238804 43 42
1238918 47 60
1239263 37 36
1239362 30 31
1239431 35 40
1239503 38 48
1239560 23 24
1239621 14 24
1239655 24 30
1239695 26 41
1239792 40 45
1239908 38 33
1240065 33 44
1240981 37 40
1241166 24 30
1241936 27 23
1242384 31 37
1242625 38 31
1242659 40 37
1243433 40 48
1243847 35 29
1243874 23 35
1243934 37 46
1244354 35 46
1244378 29 40
1244516 38 36
1244537 51 53
1244806 48 33
1245154 39 35
1245656 39 34
1246241 32 25
1246328 50 56
1246946 53 32
1247134 33 22
1247267 50 32
1247272 44 37
1247280 46 40
1247426 29 27
1247607 37 38
1247911 34 40
1248029 33 36
1248415 30 33
1248727 46 38
1249102 39 32
1249407 43 46
1249828 45 53
1249873 41 33
1249906 28 29
1250224 38 20
1250436 33 29
1250614 46 34
1251298 33 48
1251382 35 32
1251576 33 33
1251862 31 37
1252172 33 28
1252263 44 47
1252477 26 29
1252947 29 37
1253070 37 43
1253376 60 50
1254179 46 52
1254488 51 48
1254518 39 57
1254539 40 58
1254953 39 42
1255099 28 47
1255572 33 33
1255585 22 32
1255655 49 40
1256512 50 41
1256598 35 29
1256798 35 30
1257172 24 12
1257328 38 32
1257547 39 35
1257773 32 24
1258222 40 32
1258749 35 26
1260063 10 23
1260146 58 41
1260342 56 46
1260447 38 29
1260456 32 25
1260867 54 45
1261314 43 40
1261344 32 25
1261413 49 39
1261610 38 31
1261695 63 34
1261709 56 37
1261753 49 47
1262336 37 37
1262826 31 22
1262853 28 20
1263776 57 46
1264642 36 36
1264655 70 43
1264710 58 35
1264762 39 28
1266005 48 50
1266064 51 31
1266073 39 35
1266097 41 38
1266115 28 34
1266143 35 43
1266216 53 35
1266230 46 36
1266241 49 34
1266254 47 31
1266350 33 28
1266359 32 28
1266626 43 41
1268299 54 5
1268444 66 8
1268548 89 8
1268622 74 10
1268692 104 11
1268763 74 11
1268852 79 12
1268920 61 7
1269071 61 4
1269097 52 5
1269686 74 6
1269992 67 7
1270053 66 11
1270257 63 10
1270808 119 14
1270889 53 6
1270946 73 9
1270965 46 23
1270983 8 64
1270999 31 49
1271007 15 62
1271322 14 65
1271330 52 83
1271403 41 65
1271419 24 48
1271443 9 26
1271455 18 33
1272453 24 22
1272783 38 36
1272916 29 24
1273071 25 16
1273837 24 32
1275221 33 37
1275985 51 29
1276490 26 44
1277488 44 30
1277683 51 36
1277790 40 39
1277852 39 30
1277958 40 41
1279252 58 40
1280197 37 30
1280788 50 41
1280829 45 42
1280987 56 40
1281173 35 39
1281425 35 41
1281731 44 46
1281763 41 28
1282265 43 45
1282455 46 48
1283791 58 40
1285186 46 44
1285417 52 35
1285993 35 15
1286044 41 33
1286119 49 36
1286991 46 33
1287029 59 36
1287123 53 38
1289164 41 35
1289518 54 35
1289791 37 52
1289821 33 45
1289971 56 29
1290358 41 34
1290973 30 29
1291466 42 41
1291577 32 38
1291643 26 21
1291709 49 33
1292319 52 35
1292521 50 39
1292643 21 23
1293310 40 41
1294007 41 32
1294269 43 31
1294443 49 30
1294449 55 30
1294534 46 43
1295013 47 39
1295340 49 50
1295466 53 38
1295517 40 32
1295550 50 36
1296028 40 32
1296091 31 36
1296484 40 32
1296505 44 43
1296648 49 38
1296658 58 45
1296796 45 36
1297099 55 38
1297277 55 39
1297476 48 44
1297552 41 32
1298300 44 35
1298702 40 40
1299431 41 37
1299613 47 49
1300075 55 32
1300249 35 32
1300745 33 48
1300796 39 46
1300809 40 57
1300912 45 40
1300989 48 49
1301700 44 36
1302042 47 40
1302256 50 37
1302286 42 36
1303090 51 30
1303345 80 13
1303357 83 12
1303781 65 9
1303852 83 5
1303953 48 8
1304294 67 13
1304433 47 8
1304489 6 10
1304533 77 8
1304654 96 7
1304690 70 8
1304774 69 3
1304835 59 3
1304949 85 5
1305212 85 7
1305311 57 9
1305590 46 5
1305678 74 6
1305884 57 7
1306284 92 15
1306539 105 8
1306635 57 10
1306716 89 7
1306848 76 8
1306932 54 6
1307043 99 11
1307184 77 4
1307439 41 4
1308551 60 6
1309389 65 7
1309572 60 8
1309590 66 8
1309986 73 10
1310220 90 10
1310265 66 5
1310418 80 4
1310536 49 10
1310637 80 12
1310667 77 10
1310775 84 12
1311498 74 12
1311618 73 10
1311764 59 9
1311866 78 12
1313408 67 9
1314197 69 10
1314352 61 6
1314650 77 9
1314731 67 19
1314743 67 18
1314854 66 19
1315590 71 12
1315787 72 13
1315805 95 14
1315940 76 10
1316142 72 18
1316583 44 21
1316606 48 16
1316951 87 16
1317544 91 7
1318966 57 9
1319512 92 13
1319639 69 10
1319852 70 10
1320591 63 11
1321704 75 15
1322003 66 24
1322094 69 12
1322197 73 20
1324123 67 9
1324322 53 12
1325543 59 20
1325699 83 14
1326162 83 26
1327083 61 17
1327107 53 12
1327581 65 14
1327622 77 16
1327982 71 16
1328206 60 20
1328362 62 16
1328441 60 18
1328589 52 9
1328683 46 12
1330786 62 21
1330991 81 17
1331750 65 16
1332076 74 23
1332404 65 15
1332642 60 10
1332674 49 14
1332788 78 18
1333532 79 12
1333730 73 17
1333745 91 17
1334454 44 8
1334471 45 7
1334774 69 13
1334951 84 28
1334975 69 15
1335421 55 8
1335680 60 14
1335884 82 13
1335929 75 18
1336427 80 25
1336443 64 24
1338338 97 15
1340390 77 13
1341083 97 11
1342222 76 25
1342333 49 12
1342341 50 12
1342358 39 14
1343953 73 13
1344023 79 20
1344144 44 10
1344159 42 13
1344172 61 11
1344218 68 15
1344226 75 18
1344316 68 11
1344380 58 10
1344539 65 18
1344598 55 12
1344788 63 11
1345323 81 13
1345581 62 14
1345641 69 16
1346083 56 15
1346302 70 9
1346318 65 10
1346572 62 14
1346719 76 6
1346794 75 14
1346806 84 9
1348089 68 24
1348434 57 23
1348518 70 23
1348578 58 21
1348764 62 27
1349000 55 24
1349256 28 8
1349462 69 29
1349635 54 15
1350511 84 18
1350568 79 26
1350583 76 25
1350695 49 19
1350832 81 17
1351184 49 15
1351193 45 15
1351412 34 5
1351630 60 18
1351653 49 17
1351663 59 18
1351724 76 19
1352221 70 16
1352386 82 22
1352512 69 27
1352551 59 25
1352641 54 17
1352860 88 24
1353311 55 9
1353532 46 18
1353595 53 19
1353757 53 13
1354171 73 20
1354186 70 18
1354380 79 22
1354456 87 21
1354999 60 16
1355281 56 14
1357502 59 16
1357829 74 15
1358176 61 23
1358533 65 16
1358641 74 22
1359190 71 18
1359604 69 22
1359734 56 16
1359744 60 15
1360946 72 31
1361385 57 23
1361785 77 30
1361810 68 27
1362024 82 20
1362135 83 20
1362375 65 20
1363033 57 18
1363233 65 9
1363307 61 17
1363334 67 20
1363365 80 26
1363506 65 13
1363882 62 22
1364303 62 22
1364477 75 27
1364536 66 29
1364541 68 27
1364738 28 16
1365415 49 18
1365734 83 15
1366273 69 15
1366327 63 20
1366697 82 22
1366832 88 18
1366939 62 20
1367430 75 20
1368016 80 22
1368294 57 25
1368436 41 14
1368464 44 10
1368539 88 17
1368666 59 19
1368709 66 24
1368718 75 20
1369036 53 26
1369104 57 21
1369130 71 31
1369146 71 29
1369335 67 23
1369479 89 31
1369619 57 20
1369973 72 18
1370147 79 14
1370186 70 14
1370210 58 18
1370279 78 26
1370433 95 21
1370498 57 17
1371338 74 20
1371360 78 17
1372073 43 19
1372346 59 22
1372532 56 21
1373275 59 22
1373678 63 29
1373817 68 25
1373925 53 26
1373959 54 15
1374216 38 17
1374430 56 19
1374440 48 18
1374547 78 19
1374624 50 14
1374734 56 13
1374740 56 17
1375045 52 12
1375051 48 14
1375333 85 20
1375456 52 10
1375492 49 14
1375738 66 20
1375783 90 21
1375789 82 16
1375984 65 14
1376521 83 15
1377106 83 24
1377144 78 25
1377355 75 25
1377526 72 17
1378266 56 17
1378602 76 21
1378642 85 20
1378960 73 10
1379110 74 12
1379152 75 11
1379167 84 22
1379534 73 15
1380147 58 18
1380253 88 24
1380479 70 25
1381137 73 24
1381156 65 27
1381399 97 28
1381415 92 31
1381588 51 20
1382119 80 30
1382275 56 22
1382377 62 27
1382892 72 15
1382943 49 19
1383001 68 16
1383049 88 14
1383490 75 21
1383627 24 7
1383659 33 14
1383907 81 21
1384156 73 11
1384163 62 10
1384176 63 9
1384200 66 7
1384210 67 9
1384222 83 10
1384237 65 11
1384306 62 22
1384579 81 17
1384605 65 17
1384612 81 24
1384919 98 22
1385084 58 11
1385380 78 19
1385504 69 14
1385522 71 12
1385612 66 14
1386620 100 16
1386653 103 18
1386797 43 12
1387209 60 11
1387326 62 17
1387852 77 18
1388072 81 29
1388158 59 12
1388221 73 15
1388239 63 22
1388253 62 24
1388258 62 25
1388358 73 27
1388382 77 26
1388422 73 16
1388436 59 16
1388642 63 20
1388671 76 26
1388685 68 24
1388692 65 22
1388737 55 31
1388812 49 11
1388854 47 20
1389099 84 26
1389124 78 23
1389358 80 19
1389436 65 19
1389484 59 23
1389514 57 25
1389586 58 14
1389649 62 19
1389655 62 20
1389781 72 18
1390746 77 28
1390892 90 18
1390901 87 21
1390946 81 31
1390960 85 36
1391042 49 17
1391102 63 25
1391288 65 21
1391633 73 21
1391954 82 28
1392266 54 25
1392325 64 14
1392413 58 21
1393014 54 14
1393495 73 14
1393503 75 15
1393592 80 32
1393606 85 31
1394201 66 19
1394470 48 16
1394684 49 12
1394751 44 18
1394758 34 14
1394968 56 19
1395376 56 20
1395691 74 21
1395937 94 23
1396625 59 13
1396758 65 23
1397938 82 12
1398073 73 12
1398143 92 14
1399209 51 19
1399255 51 16
1399280 88 24
1399301 92 23
1399422 53 17
1399742 73 22
1399755 76 21
1399794 71 18
1400136 78 22
1400187 84 15
1400221 62 12
1400406 59 14
1400532 70 20
1401601 83 24
1401701 66 24
1402522 54 14
1402538 60 16
1403002 91 22
1404538 51 19
1404592 64 16
1405011 80 29
1406230 58 14
1407039 92 25
1407468 79 24
1407516 64 24
1407587 70 26
1408050 80 24
1408236 70 13
1408262 49 13
1409337 55 17
1409413 79 8
1409420 102 19
1409591 64 11
1409620 80 20
1409635 85 22
1409648 84 20
1409770 84 18
1409834 58 10
1409934 42 14
1410098 56 6
1410458 87 7
1410561 83 13
1410583 94 9
1410600 83 12
1410612 95 17
1410858 57 15
1410912 97 11
1412027 101 18
1412342 78 15
1412546 65 11
1412689 108 27
1414547 71 11
1414870 71 17
1414949 67 12
1415321 78 15
1415766 94 17
1415853 81 11
1416064 73 14
1417054 87 20
1417161 83 19
1417172 87 24
1417838 90 23
1417973 73 13
1418270 67 15
1418297 77 15
1418315 90 15
1418363 92 20
1419367 97 19
1420722 82 11
1420864 90 14
1421044 65 10
1421053 62 10
1421234 92 21
1421299 82 19
1421524 78 12
1422854 80 17
1422880 83 18
1423027 59 15
1423105 75 20
1423312 86 16
1423345 74 15
1423808 81 17
1423996 81 9
1424012 86 19
1424212 66 15
1424218 68 16
1424468 16 31
1424524 32 16
1424561 35 21
1424575 32 19
1424701 48 19
1424853 97 18
1425014 59 11
1425701 85 12
1425989 101 15
1426129 110 14
1426442 69 16
1427108 80 14
1427324 102 21
1427713 73 15
1428032 79 16
1428041 89 15
1428287 70 18
1428435 63 9
1428861 91 11
1428982 73 15
1429274 60 15
1429284 50 13
1429381 49 15
1429697 70 17
1429735 64 12
1429901 67 8
1430444 74 14
1431361 68 15
1432152 87 9
1432530 53 5
1433212 47 6
1433427 63 5
1434104 78 13
1434902 70 9
1434979 107 13
1436503 90 15
1436562 83 13
1436704 78 18
1436782 89 9
1437116 106 10
1437124 122 14
1437210 74 12
1437478 72 5
1438041 80 2
1438982 100 16
1439045 93 18
1439146 90 7
1439159 93 7
1439503 89 8
1439600 98 15
1440488 79 14
1440735 91 15
1441038 84 17
1442233 62 19
1442361 80 13
1442433 109 24
1443023 137 15
1443143 66 17
1443643 102 18
1443801 53 10
1444047 57 20
1444554 88 24
1444569 85 24
1445518 88 17
1445614 80 18
1445695 85 7
1446541 72 12
1447090 83 23
1447146 83 14
1447171 84 17
1447397 68 13
1447480 91 24
1448480 91 17
1448707 76 14
1448834 71 13
1449763 50 7
1450109 40 6
1450634 74 14
1450701 90 14
1450973 63 15
1451106 91 18
1451349 66 9
1451403 65 12
1451672 63 17
1451789 70 19
1452376 85 17
1452382 83 18
1452549 63 11
1452914 62 8
1453825 96 26
1453865 86 13
1453985 78 13
1454238 92 27
1454269 89 27
1454516 39 22
1454553 40 18
1454576 34 16
1454982 63 14
1455241 69 18
1455383 84 19
1456112 76 18
1456189 60 11
1456414 85 22
1456482 77 15
1456493 86 16
1456566 58 7
1456571 65 11
1456580 71 13
1456598 66 15
1456618 109 25
1456687 106 18
1456765 63 9
1456866 75 7
1456904 78 8
1457172 81 13
1457415 66 11
1457537 63 17
1457643 74 12
1457880 87 13
1458212 60 21
1458318 84 18
1459252 75 17
1459342 58 15
1459695 78 18
1459797 66 20
1459980 89 20
1460069 86 16
1460126 72 16
1460554 80 13
1460852 106 8
1460899 83 8
1461954 67 18
1462011 60 10
1462372 76 14
1462424 74 18
1462737 84 16
1462753 82 15
1463376 86 13
1463609 83 25
1463757 57 5
1463827 84 21
1463878 78 14
1464117 85 14
1464859 71 12
1464881 57 11
1465082 95 14
1465214 70 12
1465263 51 9
1466032 80 9
1466482 12 73
1466525 30 9
1466539 12 9
1466551 6 6
1466619 38 8
1466683 83 12
1466693 88 9
1466701 32 71
1466724 21 96
1466803 70 8
1466836 11 6
1467211 43 7
1467241 26 3
1467349 8 20
1468940 83 10
1469396 70 7
1469413 89 14
1469670 90 8
1469692 91 11
1469697 90 8
1469752 84 15
1469778 93 9
1469918 104 8
1470152 86 9
1470480 70 4
1471460 88 12
1471559 57 4
1472677 96 6
1472729 79 17
1473596 90 13
1474450 60 12
1474947 61 13
1474953 57 14
1476182 85 15
1476738 85 15
1477365 82 12
1477540 88 12
1478059 53 9
1478251 81 16
1478338 88 14
1478426 108 24
1478565 92 17
1478609 124 18
1478723 93 13
1478783 105 15
1478821 68 8
1478843 86 11
1478964 93 13
1479018 87 25
1479139 76 16
1479340 56 12
1479373 55 15
1479425 82 20
1479560 88 13
1479683 102 23
1479688 96 22
1479802 52 8
1479825 83 13
1479831 90 14
1479993 106 11
1480041 68 15
1480055 50 19
1480089 78 11
1480194 91 8
1480208 76 7
1480306 67 17
1480414 45 1
1480533 77 11
1480673 78 10
1480779 91 12
1481061 104 17
1481073 99 14
1481402 109 21
1481424 109 21
1481466 77 13
1481651 24 2
1481800 75 17
1482076 101 21
1482194 57 8
1482524 98 16
1482659 117 13
1483222 75 25
1483753 103 15
1483774 115 14
1483954 89 10
1484132 89 16
1484182 98 16
1484191 97 15
1484301 102 8
1484399 111 18
1484418 89 20
1484505 49 7
1484648 54 16
1484672 80 18
1484781 75 11
1484842 69 18
1484912 69 12
1484952 41 5
1484976 53 8
1485079 66 12
1485106 57 12
1485291 51 11
1485321 60 9
1485344 72 7
1485404 57 12
1485459 64 13
1485478 69 12
1485624 56 9
1485664 70 12
1485746 71 12
1485755 70 18
1485762 69 19
1485816 52 18
1485903 4 15
1485908 4 15
1485915 5 12
1485976 33 5
1486009 19 6
1486054 16 10
1486144 9 8
1486320 3 13
1486340 2 14
1486432 3 15
1486521 2 13
1486694 6 16
1486707 6 22
1486747 6 33
1487017 5 33
1487047 9 33
1487061 20 20
1487087 7 33
1487094 16 25
1487182 10 38
1487215 20 19
1487240 11 38
1487272 16 40
1487294 16 32
1487324 4 18
1487387 9 19
1487400 8 18
1487449 5 19
1487475 3 25
1487488 6 19
1487556 3 17
1487621 3 22
