320 6 46
339 12 63
415 11 83
424 15 84
435 18 73
441 33 59
476 19 65
565 10 76
626 7 55
756 6 46
765 8 47
872 12 49
893 16 54
946 7 48
1053 12 43
1059 15 42
1143 13 55
2069 8 61
8679 14 54
9070 46 61
9122 33 45
9527 51 50
10243 37 54
10412 35 32
10436 38 33
10534 35 53
11165 30 62
11510 60 58
11562 45 45
11619 65 54
11752 52 52
11772 43 47
12116 46 49
12312 60 61
12318 58 63
12387 48 65
12453 49 46
12555 67 50
12630 67 69
12717 49 45
13028 43 45
13384 49 47
15359 59 44
15545 53 42
16330 62 54
16533 37 46
16578 45 58
18047 47 39
18269 52 60
19717 44 45
20777 51 71
21290 55 50
22023 54 38
22159 51 65
22579 42 46
22932 66 62
22971 60 64
23121 39 37
23408 68 58
23932 36 41
24327 50 47
24761 34 13
24767 37 15
25157 53 50
25767 47 49
26347 81 57
26388 78 60
26748 48 68
26869 46 40
26980 41 37
27475 43 51
27530 39 46
27658 52 49
27826 39 51
27865 41 46
27940 47 39
28285 64 76
28524 44 49
28706 37 31
28929 32 45
29294 52 52
29306 44 38
29667 62 62
29759 30 34
29771 38 43
29973 41 56
30374 49 58
30531 51 46
30583 47 61
30752 53 47
32448 49 57
33253 18 16
33389 21 32
35119 44 47
35170 55 58
35540 39 46
35782 42 40
36091 37 38
36124 35 35
36139 34 45
36160 47 49
36290 56 55
36331 57 51
36367 36 40
36535 65 64
36796 39 44
37366 45 54
37926 43 39
37942 59 46
38362 55 48
38386 62 56
38452 42 50
39532 26 27
39654 16 21
39715 32 40
39747 45 43
40208 27 36
40221 33 43
40813 41 42
41107 44 50
41282 42 65
42252 51 51
42813 56 69
42858 40 56
43007 38 48
43048 44 57
44935 37 56
45299 52 63
45614 34 43
45668 44 59
45880 55 75
46328 25 32
46435 41 39
46554 33 35
46679 53 58
47389 42 51
48826 38 53
49165 59 72
49543 53 74
49583 39 52
49627 44 42
50402 58 56
50834 32 53
50954 60 59
51742 34 45
52256 52 52
52464 61 69
52486 63 86
52532 43 65
52802 57 66
52961 64 63
53252 52 63
53353 37 51
53629 43 49
54738 42 55
54856 55 67
55141 68 73
55733 22 93
55803 20 72
56737 21 93
57274 21 97
57327 9 66
57375 15 61
57390 15 67
57404 13 67
57434 6 48
57489 16 84
57495 21 86
58085 11 73
58141 14 60
58184 14 62
59173 53 68
59498 39 46
59524 36 48
59557 34 44
59668 51 50
59803 34 47
59821 38 42
59833 39 43
59938 49 56
59959 43 46
60844 39 38
61242 44 61
61328 61 49
61609 60 58
62196 54 41
63178 45 49
63540 50 49
63589 19 66
63795 17 68
63959 17 46
64038 27 83
64128 17 55
64134 17 56
64151 19 62
64212 29 46
64480 35 81
64731 29 95
65315 21 52
65587 26 56
65694 24 68
65706 24 78
65805 15 43
66106 5 17
66520 30 63
66688 12 81
66697 15 79
66830 24 59
66902 21 52
67534 26 101
67645 23 77
67667 14 73
67780 22 70
68005 15 74
68271 24 74
68571 34 91
68599 29 85
68611 21 84
68749 22 61
68836 25 76
68893 27 71
69021 26 76
69075 30 100
69229 14 59
69272 23 70
69400 10 75
69873 25 56
69954 20 65
70512 34 65
70623 17 43
70671 34 56
70779 22 83
70800 26 71
70971 27 74
72022 19 81
72846 59 58
72933 33 36
72991 47 34
73014 62 44
73272 36 33
73350 65 48
73588 50 45
73604 51 50
73773 61 52
73779 63 54
73941 61 49
74636 31 27
74987 45 49
75697 65 57
75727 44 49
75736 42 54
75769 43 54
75787 49 48
76585 41 47
76672 62 52
77461 41 57
77779 38 28
77911 51 44
78022 54 45
78603 60 55
78708 23 12
79027 44 39
79285 52 44
79294 52 45
79369 48 54
80011 47 48
80416 49 43
80632 45 55
80644 42 59
80653 41 55
80699 38 51
80764 35 32
80798 46 48
81008 42 59
81082 50 37
81325 65 61
81603 47 47
81835 35 37
81982 37 36
82029 58 44
82292 30 28
82304 31 30
82597 45 33
82699 26 19
82793 52 33
82798 50 32
83497 37 34
83607 57 53
83628 63 57
83908 53 46
84053 36 39
84228 32 32
84266 29 54
84539 39 37
84575 32 35
84628 30 38
84687 45 63
85345 39 39
85580 41 35
86104 29 27
86113 31 39
86197 37 45
86349 39 24
86430 37 58
87082 44 39
87192 47 49
87294 41 34
87537 39 51
87690 75 68
87851 43 51
88084 62 69
88283 42 41
89577 52 45
89660 34 34
89912 40 36
90041 29 32
90061 40 32
90614 26 31
90672 47 43
91023 59 47
91417 73 54
91645 52 38
91857 59 43
91908 69 38
92007 42 42
92050 45 41
92105 40 49
92184 47 50
92256 57 46
93162 47 46
93240 40 37
94149 31 35
94453 61 57
94694 63 43
95268 37 36
95328 44 44
95340 46 48
95781 61 53
95809 44 51
95883 35 29
95996 41 32
96352 68 55
96442 46 40
96511 38 31
96688 61 42
96734 39 45
97036 58 58
97072 58 61
97195 45 40
97216 49 47
97249 50 49
97888 52 51
97987 38 28
98061 54 55
98685 51 49
99255 30 26
99885 35 24
99912 35 25
99923 37 22
100281 36 24
100497 33 37
100848 69 50
100953 41 47
101067 40 65
101420 58 45
101538 46 51
101628 51 37
101973 59 54
102127 38 47
102219 53 45
102317 48 51
102477 87 12
102503 103 9
102859 96 15
103352 56 7
103846 82 6
105417 75 9
105941 66 7
107041 97 9
107944 83 6
107994 68 5
108002 68 4
109098 47 7
109546 71 7
109568 53 7
109610 58 7
111151 69 9
111250 92 8
111549 71 6
111808 86 10
112028 72 8
112088 70 12
112724 45 9
113708 80 8
113748 61 5
113808 59 9
113825 68 10
113882 94 6
113888 93 7
114194 97 9
114236 104 10
115008 98 19
115415 94 13
115681 69 11
115718 73 8
115846 69 12
115881 77 9
116105 102 15
118104 71 6
118256 63 12
118299 84 11
118419 82 5
118760 78 7
119220 57 6
119246 71 10
119326 89 8
119874 56 8
120090 76 15
120147 69 7
120384 90 11
120557 67 7
120576 75 9
120979 81 6
121329 81 7
121900 53 15
121909 57 14
122547 85 11
122738 68 6
122818 86 10
122972 58 6
125291 57 4
125354 79 10
126008 106 14
126143 60 5
126792 83 8
126879 89 8
126966 76 10
127248 90 4
127278 82 5
127770 91 4
127890 80 12
127925 73 11
127942 98 12
128109 52 10
128262 58 8
128414 72 8
128809 88 6
129016 54 9
129954 65 7
129991 75 7
130042 87 7
130411 57 3
130953 87 9
130960 96 9
131553 66 5
131593 75 8
132054 83 5
132063 99 11
132168 55 7
132177 58 6
132191 52 6
132376 51 4
132403 49 7
132410 47 6
132655 48 4
132838 66 10
133007 89 7
133388 76 8
133424 61 3
134117 70 6
134330 57 9
134372 60 9
134669 88 12
134844 64 9
134942 67 10
134952 64 7
134968 56 7
135324 62 10
135482 59 5
135498 47 5
135534 57 7
135860 66 2
136493 44 2
136671 50 5
136815 67 14
137111 57 8
137132 60 8
137434 95 10
137443 69 8
137449 63 6
137610 85 9
137641 69 9
137666 58 6
137699 69 8
137803 72 3
137925 67 5
137939 66 5
138061 60 4
138068 60 4
138076 59 5
138083 54 4
138101 50 3
138760 64 7
139132 72 8
139165 79 11
139249 65 11
139303 84 9
140047 43 4
140232 25 2
140288 43 2
140407 56 3
140415 58 3
140422 83 3
140525 73 6
140596 64 3
140620 66 5
140641 59 7
140752 86 4
140917 107 13
141258 135 14
141408 55 6
141451 75 4
141505 66 5
141792 74 6
142737 85 6
142863 117 13
143034 67 8
143244 79 5
143307 91 10
143334 85 10
143367 93 5
143445 60 2
143661 84 6
144087 74 6
144604 72 9
145118 98 13
145153 85 8
145506 72 6
145707 64 4
145717 57 5
146231 65 5
146273 86 10
146286 68 8
146331 83 9
146922 88 7
146934 78 9
147204 85 9
147317 51 5
147336 49 3
147465 93 11
148334 87 3
149049 72 5
149108 86 7
149519 76 8
149941 98 7
150137 78 4
150380 88 12
150503 80 11
150575 69 9
150842 78 9
150854 80 8
150881 75 11
150917 70 10
151010 74 4
151211 81 10
151579 71 6
151640 82 10
152072 96 9
152276 68 3
152423 66 10
152765 44 7
152784 50 7
152903 77 3
152915 74 5
153262 49 7
153761 88 7
153829 80 8
153904 87 10
153979 74 8
154166 75 5
154211 90 5
154712 61 9
154927 62 7
155035 63 11
155119 59 5
157082 52 7
157664 83 9
158691 70 5
158727 93 7
158776 90 16
158782 89 16
159100 82 9
159152 57 6
159259 87 4
159833 76 8
159894 49 2
159988 28 5
160185 15 1
160336 50 5
160628 61 6
160672 55 8
160713 75 7
160777 54 4
160889 74 14
160924 51 17
161086 77 6
161491 97 8
161689 73 8
161714 58 8
161743 84 9
161844 94 10
161997 42 0
162096 60 5
162448 60 6
162469 58 5
162573 78 7
162598 83 7
162767 56 5
162773 55 5
162952 86 13
162972 90 13
162978 102 10
163030 97 8
163050 76 6
163066 78 7
163094 82 4
163121 61 1
163802 72 6
163815 68 3
163940 98 7
164139 111 11
164299 72 3
164467 53 5
164506 71 6
164559 88 8
164672 86 10
164713 76 6
165090 70 6
165733 76 6
165870 71 9
165912 45 6
165978 40 4
166248 66 5
166413 105 14
166471 84 12
166478 76 11
166523 56 4
166545 42 2
166562 47 4
166601 82 9
166638 93 6
166651 83 6
166787 104 5
166793 100 4
166956 61 6
167261 59 2
167327 88 9
167342 110 13
167495 97 7
167958 61 8
168638 87 4
169401 80 9
169608 64 8
169701 48 6
169731 57 9
169797 72 12
169818 72 10
169917 77 5
170256 81 6
170376 80 9
170976 81 11
171914 82 8
172085 84 9
172823 119 8
172862 70 4
173375 81 10
173510 77 3
173540 59 3
173549 73 5
173582 56 10
174146 75 5
174164 76 7
174173 72 5
174362 61 7
174392 51 5
174547 88 11
174671 66 7
175571 72 6
175594 70 5
175717 82 9
175927 59 2
175938 68 3
175997 85 8
176165 74 10
176429 73 6
176652 57 6
176767 77 10
177376 91 8
177661 111 12
177685 97 15
178164 82 9
178312 81 9
178436 67 10
178468 72 8
178511 88 5
178542 75 6
179040 50 4
179714 92 6
179736 76 6
180004 90 5
180047 88 9
180055 76 7
180615 65 2
180696 85 3
180815 90 5
180848 75 7
180916 95 8
180941 65 6
181002 99 5
181052 75 2
181071 99 4
181208 77 6
182007 49 2
182088 103 7
182325 75 7
182343 63 6
182370 59 4
182484 70 7
182793 75 6
183516 89 7
183869 82 4
183966 75 12
184504 95 7
184876 64 3
184913 72 4
184963 97 13
185174 95 8
185763 55 6
185821 77 10
185856 88 9
186869 65 4
186875 68 5
187112 79 11
187806 88 12
187832 74 12
187960 33 2
188520 109 7
188658 69 8
189096 81 7
189992 74 1
190012 68 2
190231 73 9
190253 63 9
190438 61 5
190709 34 8
190770 55 9
190784 49 5
190873 66 11
191024 41 5
191037 55 9
191440 52 4
191538 72 5
191756 38 3
191766 38 3
191881 41 6
192105 47 14
192159 48 11
192320 77 7
193168 69 6
193805 77 16
194184 72 6
194361 74 5
194774 68 7
194813 67 10
194821 69 10
195528 83 5
195641 43 3
196399 92 7
196529 97 9
196587 101 22
196871 73 13
197015 53 3
197234 50 8
197375 86 10
198201 69 6
198806 71 11
198827 70 12
199286 55 6
199370 77 7
199442 68 16
199448 66 14
199673 49 10
200060 69 13
200134 65 12
200170 96 14
200237 60 8
200355 66 6
200673 70 2
201846 78 5
202019 73 7
202169 70 6
203136 63 5
203469 73 6
203523 62 5
204665 74 3
204860 71 3
207445 73 10
208971 57 7
209089 64 5
209746 79 7
209872 54 5
210241 60 9
210625 76 16
211073 59 5
211109 91 8
211294 69 9
211361 59 10
211388 64 17
211485 69 6
211955 81 14
212318 64 11
212872 60 7
213476 79 14
213660 52 10
213914 75 5
214334 83 7
214401 85 8
214415 88 8
214610 83 7
214730 70 6
214983 86 5
215261 53 10
215316 2 14
221491 29 17
222429 81 13
222435 88 12
222574 57 9
222968 65 8
223000 65 8
223893 61 10
224360 55 7
225685 77 9
225850 66 7
225897 56 10
226027 73 5
226160 100 22
226854 57 6
226941 53 8
227038 81 18
227589 84 15
228488 68 11
228519 92 12
229436 92 16
229542 63 9
230180 54 10
230200 49 9
231981 61 11
232147 59 17
232158 54 6
232167 63 6
232237 40 7
232265 43 8
232349 84 12
232382 65 15
232423 65 9
232506 78 19
232513 78 18
232550 82 15
232556 82 15
232601 52 10
232612 28 9
232661 37 9
232727 69 10
232744 75 11
232811 71 12
232848 55 8
232858 63 10
232877 60 10
232929 80 15
233377 53 12
233422 68 14
233730 56 18
234280 72 14
234631 68 12
235191 88 15
235734 55 7
235747 63 8
235807 80 15
236723 63 11
236759 61 9
237328 76 12
237811 69 7
237820 67 8
237934 75 8
238093 95 15
238105 78 14
238171 41 15
238580 68 10
238810 52 9
239025 91 5
239057 68 10
239104 66 10
239156 99 8
239233 63 8
239359 70 7
239398 58 10
239609 65 6
239630 77 7
239814 78 11
240205 66 13
240274 64 6
240641 50 14
240659 55 13
241295 49 10
241367 60 6
241396 74 10
241561 74 19
241726 73 11
241849 63 9
241858 63 8
242791 57 11
242998 61 8
243055 82 10
243990 60 11
244255 18 3
244324 65 5
244643 86 17
244864 52 5
245292 81 12
245461 95 13
245472 102 12
246117 67 6
246127 61 5
246147 56 6
246160 56 5
246214 55 9
246220 51 10
246340 62 8
246354 64 5
246363 63 5
246371 69 6
246430 80 7
246616 87 7
246697 89 13
246818 59 8
246824 58 6
247773 72 14
248467 64 19
248606 55 16
248674 74 14
249066 74 14
249323 55 3
250012 95 11
250067 84 10
250284 58 9
251284 46 5
251509 63 12
252233 63 9
252312 57 14
252476 70 8
252636 80 16
252732 68 10
253086 80 8
253219 82 8
253268 64 8
253651 73 11
253864 68 12
254072 57 9
254174 70 7
254649 35 4
260204 19 13
260312 26 11
260385 59 13
260493 69 13
260885 60 11
261262 61 8
261344 81 15
261359 60 12
261432 55 11
261757 77 13
261861 53 8
262104 69 14
262453 68 15
262478 69 13
262847 67 6
262854 49 5
262870 79 5
263044 58 8
263064 64 9
263125 50 6
263203 76 7
263236 64 10
263412 62 12
263434 59 12
263680 61 11
263955 54 12
263998 78 14
264404 59 13
264840 38 8
264949 64 10
265099 57 14
266254 63 15
266305 56 7
266689 73 8
267235 72 7
267773 72 17
267881 47 2
268172 67 12
268716 50 13
268740 52 8
268844 77 12
269420 42 10
269700 36 8
270069 59 13
271453 70 13
272295 61 13
272616 60 6
273873 68 9
273929 70 10
274079 57 7
274097 47 8
274238 69 10
274642 60 6
274668 63 6
274925 46 6
274957 27 6
275490 69 7
275646 63 13
275844 90 19
276477 71 11
276558 72 4
276785 77 11
276838 65 4
276876 55 6
276912 59 9
277135 58 13
277244 72 13
277381 60 14
277474 74 9
277620 74 9
277700 72 7
279538 64 11
280288 105 16
280683 89 9
280759 60 5
281080 40 7
281332 69 8
281859 57 9
282471 78 13
282513 43 12
282922 75 11
282953 84 16
283149 55 14
283163 56 11
283212 71 10
283230 64 10
283868 58 11
284018 60 9
284054 46 7
284198 20 4
285027 51 53
285246 27 37
285797 50 44
286033 49 35
286159 35 38
286345 37 40
286441 33 43
286787 36 40
286814 32 42
286880 20 29
286982 41 35
287177 40 36
287222 49 36
287228 43 34
287579 36 38
287786 36 41
287843 26 25
288446 32 27
288760 40 36
289654 53 26
292168 30 27
292497 41 31
292869 50 37
292875 45 36
292911 46 29
293049 52 36
293271 46 25
293324 52 32
293343 44 34
293412 53 33
293707 53 31
293766 47 39
293855 23 17
294676 4 25
294967 28 24
295357 40 23
295510 35 37
295826 30 31
296019 35 21
296187 44 28
296386 43 33
296948 46 22
296965 43 30
297347 42 30
297908 45 42
298467 40 25
299818 49 31
300287 44 23
300564 40 32
301191 32 22
301209 31 23
301340 24 16
301426 36 20
301463 24 11
301772 30 37
301831 46 37
302000 54 46
302306 43 43
302463 38 35
302519 43 43
302634 62 49
303007 51 29
303093 42 20
303728 46 31
304014 36 21
304211 33 25
304599 35 23
304815 52 25
305010 53 25
305097 57 27
305559 55 26
305690 36 29
306708 42 29
306735 49 18
306843 47 30
307002 38 23
307113 57 33
307131 46 28
307161 40 29
307182 35 18
307443 42 27
307716 33 23
307788 52 27
307857 57 33
308340 41 21
308639 48 20
308780 52 17
308930 40 22
309025 59 24
309054 50 20
309085 45 28
309119 45 18
309137 50 21
309192 57 26
309284 56 32
309317 52 19
309372 46 22
309998 41 18
310028 55 28
310606 42 25
310824 23 11
310881 43 12
310917 56 17
311341 48 27
311474 40 29
311496 44 28
311535 51 23
311637 49 25
311790 40 20
311955 58 25
311971 55 31
312024 26 21
312665 55 25
312830 65 24
312848 53 31
312866 40 34
312935 59 18
313264 54 29
313373 53 20
313395 48 19
313565 68 24
313748 48 17
314036 48 26
314276 62 28
314339 63 15
314387 71 25
314431 56 19
314480 61 20
314492 50 22
314504 40 17
314540 60 26
315070 70 21
315158 29 14
315293 56 28
315516 59 19
316471 54 28
316555 36 15
316720 64 27
316819 39 22
316957 37 27
317065 42 22
317428 33 22
317957 38 30
318071 65 18
318581 48 20
318765 41 22
319053 39 19
319332 41 9
319471 58 23
319515 68 25
319552 54 19
319814 48 22
320119 49 17
320130 53 16
320556 55 34
320586 43 27
320596 35 27
320617 43 21
320752 68 31
320858 51 21
320906 56 16
320996 55 30
321111 51 14
321256 59 30
321364 68 25
321449 46 14
321614 56 21
321842 40 21
321921 71 32
322021 38 29
322032 40 28
322131 52 24
322269 67 31
322658 39 23
322761 64 31
322974 54 28
323038 50 21
323431 55 27
323554 53 30
323733 49 20
324056 46 20
324230 49 33
324534 33 21
324717 50 18
324748 41 29
325173 50 20
325748 65 28
325790 61 30
325967 46 19
326651 67 21
326791 61 15
326930 45 20
327046 68 24
327087 62 25
327171 34 18
327199 50 21
327922 49 15
327945 45 16
328181 54 11
328219 54 26
328227 55 27
328303 40 23
328762 58 23
328789 49 20
330307 62 19
330343 54 25
330442 40 21
330571 53 29
330598 46 28
330939 56 18
331478 60 21
331993 46 31
332507 70 25
332519 60 23
333871 40 18
334351 44 13
334410 32 23
334588 48 20
334608 43 15
334764 69 21
334889 46 18
335169 60 21
335242 65 27
335302 46 32
335384 47 30
335824 45 17
336234 36 17
336543 55 22
336994 55 19
338520 45 21
338562 54 15
338621 68 24
338790 46 24
338902 54 31
339024 52 23
339140 57 22
339487 67 26
339621 44 24
339633 40 18
339807 57 31
341096 47 31
341439 58 25
341629 49 20
341708 46 13
341787 69 25
342552 73 34
342672 63 27
343333 37 14
343423 49 12
343563 60 35
343598 38 25
343861 51 22
343984 50 21
344019 61 29
344050 59 29
344078 27 32
344099 56 29
344176 47 27
344308 68 24
344361 67 27
344541 40 9
344556 49 9
344622 45 21
344650 59 28
344758 61 17
344789 44 15
345015 27 16
345191 57 24
345292 43 19
345454 58 12
345776 47 23
345877 46 14
346208 65 21
346253 60 20
346363 53 20
346505 41 14
346631 61 27
347527 52 17
347593 33 6
347751 59 29
348103 42 22
348151 47 26
348271 60 18
348433 99 34
348448 98 35
348539 41 17
348610 47 19
348970 51 32
349737 48 27
349883 55 20
350040 79 32
351460 47 39
351502 34 41
351571 46 36
351795 42 32
351868 55 40
352048 57 34
352717 44 36
352930 43 28
354285 26 22
355134 30 22
355173 47 22
355287 50 44
355299 49 44
355326 37 34
355488 43 40
355923 40 37
356196 39 22
356356 51 45
356389 41 27
356414 33 26
356652 45 35
356709 42 39
356910 38 34
356957 46 46
357044 36 23
357822 34 29
358049 45 35
358157 36 31
358349 30 26
358356 31 26
358453 39 47
358500 43 42
358551 44 41
358614 46 30
359394 31 24
359938 36 27
360082 42 33
360275 39 31
360376 39 31
360572 30 30
360739 50 41
361247 46 34
361349 53 31
361405 50 22
361418 51 26
361513 33 19
361592 46 26
361688 35 38
361911 54 36
362313 39 45
362382 34 34
363046 40 37
363958 39 43
364090 45 36
364523 31 35
364555 34 27
364965 48 21
365268 25 36
365526 38 32
365755 32 33
366170 10 50
366531 27 32
366759 24 30
367591 52 56
367873 35 37
368814 22 15
369055 29 28
369104 40 37
369171 40 34
369306 54 57
369561 34 59
369693 24 40
369743 29 31
369770 38 41
369894 80 13
370099 52 12
370176 56 10
370206 60 9
370229 71 11
370242 63 8
370438 72 8
370771 78 8
371389 88 14
371423 93 11
371447 74 11
371536 40 9
371572 63 12
371959 56 15
372669 55 11
373208 73 11
373222 71 8
373265 61 8
373271 61 8
373399 72 10
373439 68 12
373775 60 15
374756 76 16
374783 60 14
375995 43 7
376370 54 10
376430 60 3
376609 51 9
376633 51 10
376666 66 13
376697 74 9
376910 45 8
377555 84 15
378059 49 4
378248 69 8
378368 73 8
378482 71 9
378773 62 11
379022 61 9
379235 56 9
379349 39 13
379556 56 10
379715 47 4
379895 37 11
380093 35 8
381031 110 9
381394 66 8
381715 54 9
381942 64 8
382742 57 13
382789 52 16
383480 60 7
383665 72 20
384494 89 16
384872 66 5
385247 74 11
385283 59 6
385418 72 15
385812 67 10
385925 81 10
386254 27 6
386982 73 10
387262 63 13
387299 48 9
387311 54 8
387500 61 7
387739 74 10
388410 59 6
388725 67 14
388822 20 3
388977 40 4
389010 52 4
389050 54 7
389072 50 7
389141 73 14
389352 73 13
389448 56 6
389720 58 12
389937 60 11
390382 81 19
390518 35 8
390553 57 6
390571 49 5
390739 74 14
391371 70 11
391437 75 8
391575 87 16
391605 73 13
391641 94 20
391776 58 16
391942 67 12
392207 37 8
392895 44 10
393479 61 8
393531 92 16
393648 59 9
394218 69 11
394296 63 13
394699 66 11
395380 76 21
395427 60 17
395615 59 12
395630 72 15
395693 66 10
395930 83 14
396073 66 15
396512 71 13
396542 54 10
396668 62 22
397033 48 10
397736 51 4
397796 42 11
398198 49 5
398260 66 11
398392 51 7
398465 61 11
398552 47 14
399407 54 13
399417 55 10
399487 83 8
399544 87 12
399564 80 10
399579 78 10
399637 52 15
399892 57 9
400051 53 6
400072 53 8
400084 42 7
400091 40 6
400170 34 7
400405 54 9
400562 61 17
400857 44 14
401625 64 2
401705 64 11
401795 44 8
401862 91 13
401896 68 14
401980 84 16
402404 59 5
402433 48 8
402590 46 7
402938 40 6
402944 51 9
402998 55 14
403049 58 11
403103 49 15
403432 46 12
403695 56 12
404296 50 13
404335 38 10
404437 72 17
404488 78 19
404592 66 10
405295 54 8
405592 56 15
406102 85 7
406192 42 7
408503 66 11
408638 72 12
408782 53 9
408807 48 8
409090 56 7
409218 45 3
409339 54 10
409443 37 6
409705 54 7
409786 66 8
409891 57 11
409993 51 10
410032 55 6
410104 80 10
410641 68 14
410724 39 8
411111 76 13
411118 66 16
411129 68 16
411165 58 15
411230 47 3
411235 42 4
411498 82 16
411526 70 17
411553 86 18
411568 58 16
411616 61 7
411674 41 5
411691 39 12
411792 72 5
411864 82 13
412029 43 5
412046 42 5
412823 70 17
413017 56 11
413958 91 14
414018 72 12
414123 52 9
414174 55 14
414327 70 14
414360 61 15
414492 74 15
414637 69 10
414723 54 8
415299 51 9
415704 56 14
415771 65 16
416190 58 15
416229 48 11
416832 54 10
416871 61 10
417038 26 3
417124 52 8
417156 47 11
417167 75 13
417181 75 14
417304 23 10
417760 70 18
417811 63 14
417973 74 8
418096 75 16
418213 67 14
418417 59 11
419055 52 10
420125 51 9
420598 8 7
421418 59 16
421475 55 14
421604 57 10
421646 27 10
422531 54 10
422588 69 4
422612 60 12
422737 57 9
423404 57 11
423528 10 65
423674 88 18
423908 81 16
424676 62 14
424836 78 19
424880 51 13
425262 59 16
425310 69 14
425388 69 8
425606 68 10
425885 33 7
425963 73 12
426266 75 19
426374 52 10
426428 59 11
426581 50 4
426803 64 13
426839 65 12
427955 43 14
428242 47 8
428841 71 6
429255 50 25
429274 50 26
429724 59 20
429841 52 21
429869 62 25
430252 49 12
430261 44 12
430493 51 18
430759 45 22
430900 52 15
430912 56 15
431705 59 10
431905 68 11
432028 80 24
432097 55 19
432187 68 26
432261 71 13
432796 74 13
433492 64 29
433987 71 23
434597 55 15
435212 59 21
437206 72 30
438336 59 16
438378 46 15
438545 75 20
439322 65 30
439452 60 11
439632 44 20
439638 42 18
439803 87 15
439955 60 14
440016 56 19
440151 63 17
440247 68 19
440868 49 20
440904 56 25
440922 53 19
441141 60 21
441239 55 9
441331 30 9
441481 53 21
441543 53 12
441835 45 17
442757 40 11
443021 48 14
443072 52 12
443193 78 24
443340 49 17
443493 61 12
444105 59 12
444436 47 10
444542 51 18
444728 55 17
444947 71 16
444977 63 15
445136 60 18
445970 35 13
446017 20 9
446499 62 12
446854 71 14
447024 33 11
447033 40 10
447188 53 28
447722 24 7
447807 70 19
447872 60 21
447936 40 9
448293 46 15
448566 87 16
448779 71 18
448805 75 23
448906 22 37
450630 50 10
450642 54 13
450676 68 18
450729 66 16
450843 41 14
451446 72 26
451732 61 14
452376 53 18
452676 77 19
453180 53 13
453917 75 27
454403 70 11
454624 54 22
454631 51 22
454655 58 19
455265 72 23
455361 45 18
455495 76 11
455530 56 17
455609 55 16
455872 57 20
456032 72 15
456725 64 9
456751 60 8
457037 49 18
457076 58 17
457559 55 24
457678 32 14
457837 15 10
457846 3 16
457849 4 13
457855 6 14
457870 19 12
457900 44 16
458131 53 9
458569 53 13
458665 58 19
458809 44 18
458868 49 4
459071 53 11
459544 72 20
459841 46 12
459939 61 14
460209 51 13
460351 49 19
460391 39 14
460854 45 19
460890 43 14
461704 57 11
462485 51 12
462737 57 24
462995 54 13
463025 45 12
467876 21 10
467912 23 13
467959 20 14
468195 60 12
468571 59 14
468883 49 15
468943 52 10
468961 57 7
470602 46 16
470618 50 14
470658 49 13
470872 51 17
470975 30 6
471050 50 10
472631 25 7
472863 40 9
472947 33 10
473410 26 10
473980 56 20
474155 66 23
474254 48 25
474608 45 22
474785 46 15
474992 48 19
475723 45 15
476266 71 18
476281 60 20
477113 57 9
477143 51 16
477298 72 15
477347 66 13
477584 34 16
478172 58 30
478203 41 16
478219 41 16
478262 47 17
478294 63 18
478398 55 15
479350 31 14
480247 50 17
480486 28 9
481110 72 14
481163 48 20
481194 48 16
481317 64 19
481420 54 23
482013 46 13
482235 45 12
482431 64 23
482500 46 17
482897 61 21
482909 59 22
483089 67 10
483434 50 10
484943 16 1
484998 43 1
487517 54 10
487534 53 9
487606 50 6
487675 57 4
487869 32 8
488224 70 7
488902 74 8
489022 82 1
489290 107 5
489459 59 3
489655 106 7
489680 88 7
489723 68 7
489948 51 11
490008 57 17
490044 71 20
490593 89 19
490788 73 6
491124 81 13
491807 78 12
492481 55 3
492487 55 3
492580 69 9
492586 81 8
492598 85 7
492610 61 7
492634 76 7
492745 72 8
493076 72 7
493163 44 5
493332 61 8
493459 68 14
493493 59 20
493581 72 14
494451 45 10
494499 66 11
494571 61 13
494729 99 11
495358 45 6
496283 76 8
496615 75 7
496820 91 9
496852 85 7
496966 49 5
496993 66 5
497290 80 6
497542 52 6
498073 67 9
498185 47 9
498237 61 3
498242 60 3
498267 65 3
498281 73 5
498875 52 12
499505 42 18
499703 38 18
499813 55 24
500270 63 9
500441 83 4
500972 67 15
501457 85 14
501587 54 10
501779 99 17
502034 66 14
503222 42 29
503808 30 34
504137 41 39
504349 36 35
504848 35 20
505085 55 33
505401 47 32
505442 44 28
505481 54 32
505532 34 21
505595 42 29
505871 48 29
505934 61 28
505994 60 41
506130 47 23
506437 28 27
506461 25 30
506484 30 27
506508 42 39
506612 52 50
506626 56 45
507100 53 26
507182 41 41
507482 38 26
507623 44 26
507645 34 22
507728 53 27
508748 24 29
508808 38 37
508967 39 22
509193 40 39
509355 43 27
509539 55 37
509833 43 40
509896 35 24
510404 44 38
510457 34 27
511282 42 39
511784 23 18
513551 50 35
513815 45 40
513930 43 21
515017 41 31
516344 39 34
516425 41 23
516936 55 44
517346 44 42
517759 46 42
518693 38 42
518878 36 29
518993 49 36
519014 48 33
519223 38 30
519325 31 19
520178 41 41
520203 47 39
520245 56 30
520259 56 25
520324 31 19
520498 13 10
521031 33 36
521063 38 40
521102 40 30
521144 40 35
521167 41 36
521252 35 27
521339 43 38
521720 47 44
521759 50 60
521857 46 27
522021 52 45
522162 31 17
522426 46 31
522649 37 38
522730 36 27
522978 49 41
523066 39 22
523491 48 30
524112 43 39
525634 32 37
526025 43 29
526053 46 30
526087 71 39
526103 69 36
526171 46 28
526218 47 23
526356 54 38
526377 60 38
526443 54 29
526461 46 26
526478 43 27
526501 50 31
526515 62 31
526550 65 38
526572 70 38
526580 60 36
526756 45 33
526867 43 30
526901 47 25
526908 47 25
526929 42 22
526951 58 29
526961 50 24
526981 49 30
527043 44 26
527054 53 32
527155 34 31
527308 81 37
527334 71 43
527378 52 31
528288 38 28
528518 39 27
528573 46 30
529387 64 24
529976 43 28
530333 43 37
530402 49 23
530435 49 25
530459 55 28
530510 43 26
530669 32 20
530690 33 21
530861 30 23
530918 32 25
531002 48 29
531164 52 31
531345 43 17
531411 37 19
531428 35 17
531489 48 20
531508 45 21
531752 43 25
531788 58 29
531969 53 30
532418 37 14
532626 19 12
532703 41 30
532741 34 24
532971 57 24
533165 22 12
533514 49 38
533667 45 25
534065 76 31
535250 49 20
535820 51 30
536972 53 43
537836 37 27
537964 63 42
537970 68 45
538164 54 28
538179 55 26
538437 43 27
538866 62 29
539889 38 21
539981 55 21
539995 55 17
540397 47 29
540802 45 27
540814 44 27
540921 74 30
541000 54 38
541045 50 38
541068 64 36
541087 65 33
541092 64 29
541145 60 38
541181 52 32
541200 60 35
541224 51 28
541725 54 28
541767 65 39
541914 34 17
542090 51 27
542886 6 52
542894 7 56
542917 10 65
543131 10 44
543200 14 84
543241 17 89
543434 18 74
543776 11 71
543789 12 67
543807 14 90
543885 17 82
543906 23 88
543933 16 77
544344 14 81
544512 10 70
545902 15 49
546013 16 77
546554 15 42
546683 15 50
547058 13 66
547712 18 78
547761 9 62
549035 19 87
549047 16 78
549169 14 35
550083 16 46
550594 18 66
550657 14 60
550910 10 55
551335 22 74
551428 22 56
551798 15 42
552061 19 53
552136 27 81
552164 26 71
552241 18 54
553614 5 24
555147 7 36
555238 15 77
556483 16 67
556566 12 49
556944 24 57
557710 17 77
557904 18 66
558551 26 73
559296 17 58
559532 18 62
559555 16 76
559618 13 68
560711 16 71
561149 32 80
561245 14 66
561282 14 73
561351 18 71
561380 27 90
562026 9 71
562075 14 63
562336 20 66
562431 17 70
562655 26 63
563543 13 75
563802 20 82
563933 26 57
564598 6 49
564719 7 34
564887 15 82
565049 10 53
565384 19 82
565537 14 49
565569 17 60
565939 30 58
566117 22 55
566453 15 73
566683 19 74
567461 19 66
567573 20 63
568097 15 59
568556 18 60
568850 20 66
569285 22 89
569600 23 78
569720 4 17
569726 6 18
569734 7 19
570365 18 55
570636 22 58
571377 22 72
572532 19 65
572598 25 77
572702 20 57
572795 28 50
573621 16 67
573946 18 43
574221 16 50
574239 17 59
574386 15 73
574410 21 65
574473 21 49
574773 15 50
574845 17 53
575082 20 56
576134 27 47
576926 11 55
577106 18 48
577178 10 30
581144 12 103
590623 10 76
591278 7 43
591358 11 86
592946 8 70
593236 12 64
593395 12 90
595078 12 69
595114 11 79
599438 8 56
600932 18 102
600966 22 117
601221 11 82
603708 10 72
603730 10 61
606595 10 65
606838 10 78
608022 9 50
608028 7 52
608047 7 61
609314 7 57
613016 9 71
613055 7 55
613298 11 86
613323 10 89
615019 7 56
615801 9 78
617868 13 78
618052 8 65
618301 8 72
618486 9 69
620104 23 55
620176 22 67
620227 19 67
620257 28 85
620329 25 65
620650 19 72
620825 25 51
620908 30 72
621313 18 57
621739 19 41
621918 12 33
622048 5 31
622062 7 29
622073 9 33
622183 8 33
622258 6 52
622304 19 87
622453 13 47
622623 21 82
622644 21 83
623227 16 53
623330 11 40
623338 13 38
623347 14 42
623377 17 60
623428 29 82
623485 20 74
623698 18 67
624110 22 62
624115 22 63
624967 25 68
625044 14 41
625816 19 74
625826 18 75
627055 32 71
627114 15 74
627871 32 84
628014 23 39
628773 31 59
629789 22 60
629913 29 87
630018 16 72
630348 67 22
630640 60 31
630824 15 58
631060 31 65
631270 23 64
631507 14 71
631732 21 59
631740 29 75
632176 25 54
632362 18 60
632525 20 71
632884 18 51
633190 21 49
633346 20 79
633391 12 58
633439 18 67
633478 20 74
633799 19 82
634948 22 64
635079 24 71
635113 30 74
635251 39 43
636001 40 59
636129 27 25
636138 29 30
636419 28 22
636864 10 29
636928 23 58
636974 22 62
637133 6 54
644287 2 18
644437 5 15
644520 16 48
644526 13 51
644686 33 53
645040 28 35
645265 46 57
645891 33 56
646336 40 49
646525 26 39
646990 51 48
647029 43 49
647038 42 50
647045 42 50
647091 20 35
647300 38 44
647356 33 39
647687 42 51
648391 36 49
648675 41 52
649056 57 56
649179 32 29
649271 49 53
649474 41 39
650513 35 34
650708 49 39
650767 36 48
650922 35 43
651047 48 41
652517 31 39
652550 36 37
652677 40 46
653225 44 48
653247 57 53
653405 46 50
653615 49 23
653844 37 31
653874 44 31
653891 44 33
653903 45 33
654008 18 21
654377 45 43
654815 40 44
654990 78 45
656057 48 41
656075 49 50
656244 46 37
656374 48 40
657010 43 38
657341 68 42
657397 49 41
657541 52 38
658052 42 42
658933 52 34
659179 45 38
659479 40 60
659782 29 51
660197 35 60
660211 27 61
660273 25 55
660415 35 52
660466 25 42
660517 21 40
661989 71 32
662272 87 33
662315 62 21
662348 47 28
662356 44 29
662470 60 36
662958 39 19
663024 41 25
663269 58 20
663705 52 27
663711 60 31
664260 74 46
664270 51 36
665002 49 34
665122 63 34
665341 54 28
666254 59 39
666395 59 28
667325 59 15
667706 62 26
667923 55 18
668131 73 28
668287 69 35
668326 71 35
668335 61 34
668413 41 27
668514 75 28
668803 58 25
668808 59 26
668902 69 35
669214 68 17
669637 50 25
669848 52 26
669916 53 23
670922 66 19
671549 34 26
671559 35 25
671746 57 17
672857 42 27
672888 47 26
673191 36 35
673622 68 35
673643 82 40
673721 62 28
673925 56 26
674436 55 30
674486 50 32
675887 71 23
676410 59 37
677190 40 23
677265 74 32
677574 49 29
677651 43 32
677961 74 41
677972 78 36
678021 62 33
678141 62 31
678236 58 30
678257 61 28
678327 47 33
679066 72 37
679142 58 30
679593 53 24
679768 45 17
679881 17 15
680290 48 23
680713 58 41
680961 67 32
681035 55 15
681063 57 22
681692 28 22
681879 33 25
682275 73 32
682326 49 25
682515 67 41
682962 71 24
683818 62 31
684132 64 26
684213 49 38
684294 32 14
684303 29 17
684491 58 34
684760 44 30
684853 60 29
684928 68 50
684938 61 53
684979 68 40
685003 66 39
685336 65 31
686110 40 35
686184 44 28
686190 42 29
686888 41 38
687728 66 29
688343 58 46
688411 58 31
688703 57 44
688856 53 17
688925 64 34
690084 61 28
690278 65 28
692583 63 40
692790 78 50
692820 61 53
692961 67 28
693707 50 43
693807 49 35
693945 38 25
694059 39 34
694351 38 17
695028 58 25
695977 59 41
696534 53 35
696598 60 35
697052 51 30
697240 52 35
697827 45 17
698198 52 38
698285 64 30
698539 50 32
698894 69 31
698930 77 25
699287 63 29
699647 31 22
699667 35 17
699675 28 11
700530 59 24
700686 59 26
700728 54 32
701024 52 28
702552 56 20
702699 68 53
702762 59 38
702801 71 30
703819 75 32
704099 56 22
704424 40 24
704813 67 34
705195 61 27
705501 45 26
705585 52 38
705684 62 43
705705 50 36
706266 68 27
706750 66 22
706973 70 29
706989 64 28
707115 52 25
707831 44 27
708749 57 21
709530 34 22
710696 55 33
710969 29 18
710992 20 15
711616 23 83
712381 19 103
712414 19 73
712978 14 65
714063 11 32
714164 10 31
715644 25 74
715851 13 82
716018 21 61
716034 26 74
716072 20 77
716264 16 72
716319 24 93
716382 20 66
716966 13 88
717280 21 66
717479 19 70
717939 25 85
717979 28 88
718027 15 68
718127 12 47
718147 12 70
718159 15 70
718185 16 84
718226 12 81
718296 15 57
718311 15 56
718484 23 79
718677 18 68
718746 16 56
718782 15 55
718932 35 80
718951 24 73
719202 29 107
719424 19 76
719536 23 107
719541 18 108
719685 18 73
719937 12 52
720362 23 74
720457 20 47
720499 17 56
721821 20 90
721955 13 66
722140 20 95
722158 20 97
722397 16 83
722620 17 62
722883 15 41
723745 18 66
724386 25 66
724965 22 94
725154 14 55
725628 20 80
725772 18 96
726156 21 78
726378 25 77
727064 16 73
727239 18 78
727278 15 69
727368 22 77
727389 15 46
727461 18 91
727566 17 70
727593 17 71
727627 20 80
727639 23 91
727773 21 62
727901 9 74
728004 13 67
728018 12 61
728280 14 55
728324 10 78
728455 27 60
728721 19 89
729952 15 93
730038 11 72
730185 15 67
730324 15 65
730384 14 88
730488 19 65
730504 21 59
730678 17 72
730704 17 78
730917 23 78
731047 18 78
731062 23 84
731382 30 91
731551 14 50
731860 14 73
731970 16 86
731987 15 88
732037 14 85
732200 13 76
732374 15 97
732452 12 82
732536 20 64
732752 19 104
732894 14 71
732944 14 60
732968 23 80
733065 33 102
733229 19 54
733316 25 80
733409 30 117
733931 19 68
734454 12 57
734753 13 60
734885 28 71
734896 25 65
735753 9 55
735835 24 66
736120 23 101
736397 20 73
737005 21 76
737668 20 59
737762 15 46
738468 18 58
738480 16 69
738558 23 60
738612 12 71
738801 18 71
738855 25 67
738862 27 63
738972 14 51
739883 18 71
740114 23 64
740718 13 56
740732 16 56
740756 13 61
740775 15 69
740806 13 76
740931 17 59
741405 19 74
741501 19 71
741671 9 80
741741 16 81
742597 18 75
743942 26 75
743975 19 64
744606 20 61
744819 15 57
744909 12 40
744966 13 57
744988 14 78
745020 11 75
745323 22 74
745692 29 89
746691 20 94
748143 18 94
748539 8 72
748654 12 90
748699 11 84
748716 8 58
748827 16 95
749505 14 57
749601 14 80
749670 14 98
750483 16 80
750828 20 68
751165 10 76
751482 12 51
751665 9 73
751707 13 73
751778 11 62
751804 14 59
751856 16 76
751873 13 74
751914 22 84
752094 16 87
752109 14 84
752116 13 86
752184 13 95
752230 14 58
752256 17 56
752322 19 84
752329 17 84
752428 12 78
752445 13 69
752643 10 60
752656 9 61
752710 16 82
753085 11 84
753271 17 86
753454 11 69
753502 11 80
753615 13 113
753651 12 96
753700 22 87
753709 21 91
754669 18 87
755068 11 96
755156 15 115
755260 20 90
755314 16 70
755410 21 94
755554 17 88
755575 11 63
755725 13 75
755779 11 90
756301 14 96
756315 18 90
756541 15 91
756947 15 73
757256 10 77
757343 15 101
757559 22 95
757911 10 78
757961 11 72
758066 15 87
758441 16 89
758558 16 86
759221 12 63
759580 16 96
759812 23 101
760762 25 91
760949 17 82
760967 12 70
761198 16 63
761849 14 65
762245 16 66
763440 25 85
763581 12 76
763641 12 45
763770 19 93
763842 15 86
764560 20 76
765107 16 68
765176 25 84
765200 33 75
765425 20 73
765566 22 71
765659 12 61
765707 19 65
765944 31 90
766007 31 77
766088 15 88
766376 23 73
766469 29 62
766475 26 63
767601 7 54
767744 17 79
767877 23 68
767904 18 62
767970 18 61
767979 17 67
768078 14 61
768159 19 81
768261 26 79
768275 23 68
768435 19 80
769319 19 70
770048 8 26
770585 26 85
770632 26 83
770711 23 81
771066 21 85
772286 20 68
772467 12 85
772547 20 87
772572 18 79
772598 19 95
772718 23 82
772730 18 70
773797 23 69
776043 14 81
776088 16 96
776302 19 71
776452 23 87
776485 17 61
776800 8 62
777025 23 91
777277 10 77
777692 20 65
778376 12 60
778908 16 91
778986 24 78
779296 15 69
779951 12 77
781900 27 78
782226 23 75
782928 18 70
783753 23 87
784011 26 86
785507 15 70
785955 22 82
786074 15 70
786188 15 79
786223 16 91
786367 24 87
786380 18 93
786558 54 47
786876 53 42
787010 50 32
787047 61 39
787827 48 37
787988 67 57
788144 43 42
788326 37 43
788710 41 27
788730 52 26
788763 71 44
788917 60 42
789346 52 33
789544 61 47
790142 36 30
790229 55 39
791570 60 35
791820 46 32
792030 42 26
792078 55 35
792687 11 92
792727 41 88
792734 54 81
792795 65 74
792899 54 45
793328 54 38
793411 11 97
793524 44 32
793743 66 31
793963 86 42
794026 86 53
794392 66 44
794566 53 23
794591 63 34
794773 55 45
794867 47 34
795019 54 46
795075 51 48
795507 79 44
795535 64 47
795798 59 46
795819 52 47
795889 35 33
796073 15 8
796166 21 9
796465 51 31
796534 60 33
796595 58 28
796852 57 43
796900 69 39
797122 60 41
797199 78 31
797284 57 31
797446 62 48
797452 66 40
797476 55 41
797545 57 34
797575 52 26
797611 50 39
798033 45 28
798373 64 41
798634 75 44
798663 69 36
798765 69 38
799530 57 41
799559 63 39
799564 59 40
799577 58 28
799922 40 41
799992 50 35
800407 69 34
800746 66 48
800955 66 41
800961 64 40
801178 58 37
801255 36 40
801312 19 49
801414 18 46
804924 3 11
808144 4 35
808236 5 24
