216 21 43
232 22 41
252 52 28
265 46 38
281 44 38
318 16 43
439 40 42
475 38 131
523 29 128
564 13 58
685 26 57
708 17 118
714 19 120
735 37 97
746 14 114
863 3 23
983 6 54
1076 42 60
1116 11 40
1123 7 49
1146 6 42
1186 7 34
1265 8 50
1290 23 54
1319 27 73
1442 8 46
1447 9 49
1461 14 62
1502 16 87
1593 59 53
1713 55 173
1721 125 70
1758 16 50
1879 8 61
1937 56 40
2000 46 45
2060 14 42
2075 11 43
2144 5 30
2462 5 33
4194 4 22
4265 7 36
4289 10 47
4341 22 51
4486 51 58
4529 25 60
5878 13 2
5885 16 3
5929 35 6
5967 55 15
6026 2 14
6032 2 15
6043 2 15
6055 2 14
6302 129 51
6348 143 50
6888 117 47
6955 17 81
6978 78 39
7151 105 45
7159 110 43
7205 139 53
7261 163 49
7289 126 38
7318 92 114
7327 170 53
7346 148 49
7389 165 66
7430 118 56
7855 165 68
7911 159 68
7982 188 71
8023 118 46
8080 136 61
8092 138 62
8277 171 62
8292 162 62
8407 130 50
8415 139 53
8420 144 55
8428 150 58
8443 170 65
8548 190 65
8554 211 68
8566 212 73
9094 148 50
9400 39 33
9433 12 61
9553 15 67
10740 8 5
11205 28 13
11221 20 11
11308 4 23
11398 9 17
11539 68 41
11719 18 57
11817 58 31
11884 39 31
11898 54 38
11906 61 51
11988 16 57
12115 82 40
12135 82 47
12162 102 51
12230 28 32
13957 5 42
14053 15 44
14122 27 49
14131 22 64
14155 9 62
14223 8 55
14369 48 48
14385 44 70
14416 43 101
15535 36 54
15540 37 56
15899 45 50
16424 67 46
16743 7 47
16832 5 15
16838 6 17
16934 42 70
17111 15 46
17127 22 52
17172 27 67
17196 21 75
17341 24 58
18011 39 68
18030 28 44
18052 27 50
18398 40 47
18480 55 68
18551 53 69
18630 47 67
18978 27 43
18999 22 26
19006 15 19
19095 10 46
19113 30 58
19498 60 65
19641 57 71
20529 21 74
20719 6 12
20946 16 80
20952 19 84
21024 50 64
21197 45 43
21308 49 52
21350 53 65
21461 37 56
21553 31 47
21666 42 61
21766 38 62
21773 37 52
21898 38 49
21932 48 59
21989 48 77
22028 48 74
22186 51 85
22228 46 75
22238 43 62
22398 45 66
22629 46 65
22688 57 50
22737 53 54
22834 61 44
22996 53 65
23232 39 47
23251 43 57
23310 40 60
23363 42 47
23431 50 56
23528 51 67
23561 47 60
23664 33 48
23727 49 59
23752 39 60
23770 46 75
24126 48 71
24139 50 61
24194 45 58
24224 39 50
24229 40 51
24244 34 56
24274 44 55
24422 49 58
24622 44 42
24715 50 67
24778 55 53
24931 45 55
25216 52 57
25415 56 68
25477 47 67
25496 51 68
25567 31 38
25647 51 58
25687 45 69
25844 29 38
25852 27 36
25860 43 41
26443 62 58
27076 35 61
27120 40 75
27676 47 74
27865 45 66
27925 37 56
28029 48 62
28315 43 58
28363 39 59
28627 40 53
28632 40 57
28682 42 57
28687 40 58
28734 60 83
28771 59 86
28792 60 64
28874 36 63
28983 55 62
28992 52 58
29042 51 78
29181 45 51
29260 58 79
29523 52 73
30214 30 45
30407 38 64
30439 33 72
30618 49 50
31082 42 57
31190 65 74
31489 40 47
31753 36 70
31775 33 62
31782 32 58
31812 41 59
31826 47 59
31935 40 49
32369 36 20
32517 20 76
32544 20 69
32580 23 61
32597 18 70
32615 20 75
32620 19 77
32663 23 83
32675 25 93
32687 25 94
32710 32 126
32732 29 112
32741 27 99
32747 24 91
32786 30 91
32811 42 84
32840 27 78
32900 36 79
32922 45 95
32945 49 91
32951 52 94
32963 54 97
32969 44 87
32981 53 104
33035 59 136
33119 40 113
33137 39 100
33212 41 102
33218 43 105
33236 41 113
33245 41 114
33272 36 111
33446 40 117
33455 43 148
33515 35 111
33614 32 84
33624 40 94
33644 39 55
33665 31 56
33797 29 117
33836 63 63
33853 61 60
34165 53 43
34281 58 39
34454 30 43
34847 43 65
35104 46 50
35732 54 75
35783 45 68
36038 40 41
36140 34 61
36286 38 63
36401 26 43
36530 32 50
37159 52 48
37195 56 53
37454 48 49
38080 46 74
38497 45 87
38503 41 69
38572 35 45
38823 57 75
38927 45 44
38932 45 49
39271 40 43
39313 33 33
39409 32 40
39463 30 40
39487 36 41
39510 36 44
39913 43 76
39979 25 63
40123 65 84
40138 67 77
40158 51 50
40294 43 48
40709 38 43
40726 39 43
40786 46 54
41065 34 55
41160 26 51
41171 38 59
41763 41 54
42149 26 43
42215 38 47
42287 55 67
42401 67 68
43047 47 63
43101 60 83
43395 50 58
43776 48 60
44217 34 49
44601 53 61
44735 46 38
45024 49 67
45447 65 75
45900 46 51
46086 54 58
46155 33 36
46560 40 43
46580 52 64
46888 42 56
46942 36 54
47563 50 70
47899 47 55
48046 59 47
48103 57 59
48277 32 30
48424 63 60
48793 39 67
48895 36 68
48940 33 60
49018 34 65
49666 31 63
50578 35 82
51382 36 88
51442 50 82
52027 49 59
52309 33 56
52946 48 59
52961 49 69
52982 47 65
53045 42 55
53117 48 53
53570 50 87
53762 41 47
54149 34 65
54242 43 61
54266 20 45
54308 40 65
54827 33 54
55253 19 40
56654 20 40
57014 25 48
57215 27 55
57304 32 56
57464 35 65
58049 44 55
58159 44 82
58390 38 63
58830 36 56
59229 49 78
59236 46 80
59347 38 49
59365 34 49
59498 38 62
59627 32 44
59655 38 62
59752 42 69
59893 27 59
60469 33 29
61321 22 38
61870 44 64
62410 36 63
62578 55 77
62614 48 45
62627 42 37
62878 28 55
63030 44 72
63260 40 59
63301 32 44
63500 42 65
63785 36 58
63962 41 70
64079 30 51
64221 45 91
65608 24 58
66715 32 61
66736 26 51
66796 20 42
67200 24 58
67699 42 56
67889 46 54
67895 49 59
68745 39 61
69067 50 77
69156 27 46
69176 27 49
69659 37 58
69797 22 61
69833 21 50
69883 39 61
69923 37 71
69941 41 72
70109 41 79
70154 28 72
70339 31 56
70418 40 62
71360 21 35
71528 43 67
72445 33 63
72615 32 34
72685 30 76
72782 43 70
72851 43 66
72880 44 69
72971 32 77
73035 42 59
73123 27 55
73140 18 43
73888 26 58
73927 28 71
74521 29 55
74785 29 58
74815 33 60
75043 39 54
75229 46 70
75581 19 31
75602 18 37
75697 33 64
75884 32 39
76202 29 63
76460 43 66
76601 27 40
76811 25 44
76865 20 49
77138 29 61
77420 41 68
77425 44 70
77495 33 69
77726 37 75
77882 40 51
95351 12 75
98336 38 71
98482 26 58
98497 25 45
98518 30 50
98576 43 71
98602 39 64
98758 24 72
99817 41 75
100009 38 54
100561 41 50
100661 45 75
100731 40 59
100851 33 70
100894 41 61
102880 42 69
103237 45 61
103270 45 64
103821 33 45
103879 44 51
104935 42 74
105064 38 58
105685 34 69
109090 46 80
109527 33 43
109627 37 67
110105 25 63
110536 43 61
110975 31 51
111169 43 64
111509 45 61
111548 43 58
111837 52 41
112359 45 54
113513 39 64
113632 51 63
113781 31 38
114311 27 62
114428 40 67
114491 31 64
115596 48 79
115718 33 57
116124 36 37
116486 36 40
116502 33 40
116567 32 49
116702 31 58
116753 27 52
116960 34 49
117610 50 58
118396 31 64
118689 26 66
118936 34 71
118969 33 69
123259 71 56
123852 32 44
125205 50 70
125246 37 65
125562 45 70
125635 35 48
125712 36 44
125748 28 34
125906 44 41
125922 48 52
125960 47 76
127187 41 87
127473 43 64
127502 40 71
127523 40 59
129842 9 79
130743 47 54
130785 38 57
131112 57 61
131245 39 58
131335 35 48
131380 43 57
131630 49 77
132329 42 52
132371 45 48
132487 44 52
132529 31 33
132824 41 66
132985 31 61
133086 11 21
133301 11 17
133453 33 63
133462 36 68
133563 47 53
133594 32 40
133855 49 65
133896 61 69
133975 44 58
134500 30 45
134600 43 62
134658 45 61
134663 53 64
134733 43 63
134903 50 93
134917 48 71
136321 39 60
136372 44 58
136405 33 51
136650 25 64
136666 21 62
136711 29 50
136815 41 55
136875 57 75
136907 57 79
137312 30 58
137475 39 59
137509 43 53
137643 15 33
137774 45 57
137786 44 62
137803 25 40
137918 43 52
138451 43 72
138850 34 79
139154 26 57
139677 34 75
139735 29 62
139813 36 60
140467 34 67
140811 20 43
140821 18 32
140914 29 57
141089 25 44
141493 30 62
141607 34 75
142230 11 53
142255 14 68
142270 20 80
142333 33 60
142348 12 61
142467 8 55
142919 29 53
143059 37 69
143412 30 70
143579 24 63
143592 25 66
143661 24 69
143854 28 71
143878 29 81
143962 21 68
144040 32 54
144124 32 66
144149 26 64
144188 23 73
144528 33 64
144612 29 51
145139 37 70
145160 28 72
145640 31 67
145749 33 56
145891 34 50
146222 36 55
146309 32 49
146741 29 50
146870 34 71
147079 30 54
147403 27 61
148002 38 52
148170 33 53
148348 25 52
148755 36 57
148981 23 56
149283 35 81
149496 22 59
150532 24 63
150640 52 75
150662 49 62
150864 44 79
151000 39 60
152239 30 59
152346 43 62
152582 42 54
152726 32 51
153168 35 46
154038 40 56
154275 23 51
154371 38 61
154584 40 57
154905 49 64
155205 34 59
155225 40 60
155370 35 50
155385 36 56
155461 26 47
155587 24 51
155698 18 21
155756 18 35
155805 34 53
155877 33 57
156127 17 34
156246 10 14
156429 25 58
156534 44 75
156927 24 56
157161 36 65
157260 44 53
157296 44 73
157632 52 53
157680 38 43
157773 35 58
158114 32 57
158494 23 44
158511 31 41
158542 28 32
158551 27 31
158566 25 28
158719 37 61
159052 48 48
159451 31 65
159645 46 66
159859 34 51
159870 32 56
159888 30 46
161569 39 64
161664 44 78
161749 39 41
161808 42 46
161950 48 73
162411 32 55
162836 42 79
163132 40 74
163223 26 54
163334 29 51
163538 42 65
163550 31 50
163710 39 60
163718 33 54
163736 28 57
163874 21 42
163902 30 53
163985 48 66
164297 36 48
164481 40 70
164588 26 54
164828 27 43
164898 31 45
165492 31 55
165499 35 53
165509 34 56
165554 36 44
165920 38 74
166070 32 47
166878 34 59
166922 28 57
167049 38 60
167401 22 49
167838 39 53
168004 46 86
168044 39 63
168532 31 48
168714 36 56
168935 38 61
169368 29 67
169505 37 66
169523 36 68
169562 36 72
169892 33 61
170078 25 56
170114 26 52
170169 25 55
170356 42 73
170364 35 81
170475 33 76
170551 37 52
170693 31 65
171070 28 60
171104 35 49
171130 28 50
171285 47 72
171577 46 67
171695 35 63
171728 38 69
172525 35 47
172727 50 49
172764 50 52
172835 32 35
172862 41 47
173278 30 61
173423 42 53
173456 51 66
173495 53 67
173836 45 51
173870 34 51
174332 34 53
174377 36 59
174935 33 57
174983 12 39
175520 57 92
175558 43 62
175567 44 64
175659 32 47
175670 41 41
175735 33 46
175875 54 63
175983 41 47
176066 32 46
176072 35 53
176468 47 68
176761 34 64
176876 50 61
177296 43 52
177401 62 40
177646 48 34
177734 50 67
178148 35 52
178375 54 35
178592 7 22
178644 19 19
178737 41 35
179365 44 65
179428 34 65
179897 51 46
180169 42 29
180267 50 47
181141 65 54
182414 8 67
189243 11 81
189474 11 71
189571 15 114
189990 11 82
192237 9 75
192417 11 93
192428 11 79
194347 9 71
194400 11 66
197834 14 67
198041 15 63
198644 8 69
198679 8 68
199081 15 72
200558 21 104
200614 14 64
200644 15 56
200846 17 71
201146 29 84
201476 20 76
201604 18 48
201954 21 79
202050 17 116
202620 26 54
203103 26 95
203700 24 75
203967 25 96
203982 24 84
204141 20 66
204487 36 41
204532 35 34
204685 34 45
205605 14 60
205894 46 56
205907 43 69
206155 36 46
206363 42 45
206715 42 38
206834 53 58
207115 61 81
207285 42 42
207353 56 56
207389 44 49
207512 55 43
209017 46 48
209845 57 56
210461 52 47
211384 52 68
212336 45 45
212529 38 49
212813 29 38
212832 37 47
213909 55 45
213965 44 42
214374 41 35
214404 54 38
214725 45 57
215175 54 57
215735 51 53
215782 56 48
215897 50 56
215975 43 49
216022 30 61
216090 48 40
216173 61 60
216772 61 35
216817 37 43
216881 42 54
216963 36 46
217231 39 44
218005 52 58
218083 42 50
218198 36 53
219337 55 52
219596 33 42
220008 65 91
220637 44 43
220799 48 48
220823 49 61
220876 31 51
221702 36 35
221752 41 51
222001 72 61
222120 43 45
222258 49 40
222385 49 56
223035 38 75
223047 49 85
223203 47 43
223488 47 48
223557 74 79
223638 42 55
223662 38 57
223691 39 51
223869 69 83
223941 63 62
224733 40 44
225764 59 41
225803 50 43
226256 52 47
226792 37 34
226898 38 55
227091 36 28
227326 43 46
227869 31 33
228331 35 52
228853 35 41
229198 47 41
229318 44 22
229576 57 45
229765 47 49
230805 21 27
231330 62 61
231480 43 34
231910 37 53
232026 29 40
232204 42 46
232354 49 53
232408 38 45
232588 60 63
232693 39 31
232755 40 44
232892 43 49
232973 41 54
233216 49 50
233424 44 62
233985 46 44
234109 49 42
234244 44 35
234256 49 50
234870 41 46
235058 54 46
235093 38 42
235257 33 29
235280 22 27
235674 12 31
235749 13 50
235800 24 31
236170 56 53
236641 43 51
236713 46 45
236765 60 55
236770 70 57
236808 37 33
236840 32 36
236915 43 53
236979 50 51
236985 49 54
237036 43 46
237051 47 47
237056 51 52
237500 30 29
237595 35 30
237839 19 47
244119 43 49
244789 44 47
245182 57 51
245192 55 55
245239 51 69
245263 52 65
245278 48 60
245500 29 38
245545 54 50
245660 39 40
245743 47 47
246379 49 54
246463 39 45
246575 49 57
246946 40 54
247405 38 45
247737 47 42
247794 26 51
247913 43 36
248209 38 39
248308 54 53
248855 37 35
248920 44 45
249151 46 30
249342 41 52
249509 35 47
249972 38 29
250630 56 48
250699 55 26
251166 55 43
251198 52 37
251228 45 28
251268 50 32
251535 40 35
251942 29 19
251966 35 27
252003 24 22
252019 16 14
252101 12 10
252119 28 32
252160 49 40
252201 31 23
252231 23 29
252419 48 40
252530 59 39
253851 61 38
253908 61 38
254118 54 42
254277 37 31
254286 36 41
254436 45 44
254508 32 28
254536 23 17
254636 46 30
254653 46 40
254879 40 29
255064 58 40
255516 70 48
256916 56 46
256928 55 42
257069 63 39
257090 65 43
257216 66 47
257459 40 35
257639 74 45
257645 73 48
257774 47 39
257789 52 46
258041 57 39
258065 56 41
258176 41 32
258191 52 37
258254 79 46
258269 72 50
258276 67 46
258339 50 39
258497 37 36
258536 51 48
259185 69 46
259277 41 25
260118 43 38
260547 59 35
261282 64 10
261441 86 7
261519 94 11
262350 46 8
263052 74 4
263069 73 2
263165 57 0
263190 75 1
263378 61 3
263451 57 5
263496 103 4
263744 72 3
264167 89 5
264416 91 1
264503 76 0
264780 108 4
265022 71 2
265175 118 0
265282 65 9
265647 108 2
265862 87 5
265868 93 5
266548 81 1
266766 68 3
266793 66 1
266806 84 2
266957 87 1
267672 91 0
267699 85 0
267714 87 1
267780 89 0
267850 98 0
268596 94 1
268850 95 0
269273 62 0
269370 81 2
269403 73 2
269699 95 1
269888 70 3
270523 99 0
270559 111 0
270667 69 0
270898 80 0
271300 110 2
271738 76 0
271825 99 3
271934 101 1
272113 113 2
272303 78 2
272342 102 1
272357 117 2
272492 134 1
272657 89 2
272744 101 1
272829 115 1
273105 103 0
273525 91 1
274850 81 0
275065 93 1
275376 91 2
276305 81 1
276381 85 0
276474 89 1
276555 74 5
277116 89 2
277487 102 2
277864 114 3
278083 77 6
278148 107 3
278314 86 3
278389 78 4
278442 97 7
278500 104 13
278550 90 7
278659 85 5
278764 83 4
279096 76 4
279380 98 1
279418 88 3
279529 78 1
279579 72 3
279634 100 5
279791 86 3
279802 97 3
279809 100 4
279968 77 2
280031 85 0
280503 77 4
280682 89 6
280796 90 3
280920 76 1
281254 81 2
281270 84 3
281436 89 3
281495 99 3
281625 57 3
281800 115 5
282565 70 4
283101 125 4
283141 112 3
284115 64 1
284168 68 2
284218 70 2
284861 103 4
284919 70 3
285714 77 3
286843 36 1
287583 75 2
287739 95 6
287901 89 5
288237 104 3
289334 71 4
289788 119 3
289871 81 2
289915 79 4
290034 110 5
290441 122 5
290505 63 5
290549 83 8
290692 118 3
290746 95 7
290889 98 5
291044 81 4
291340 86 7
291348 86 7
291469 71 5
291673 107 2
291739 110 6
291766 110 4
292183 87 3
292234 111 2
292387 95 4
292456 78 3
292525 114 5
292714 81 4
292996 97 4
293356 92 2
293503 80 2
293707 85 4
294816 67 3
294948 51 5
295018 20 6
295035 20 6
295049 12 7
295059 14 7
295065 3 27
295172 12 3
295178 12 3
295191 8 7
295200 5 7
295281 109 12
295295 108 10
295333 83 3
295523 84 5
295583 69 7
295905 91 0
295918 95 0
296133 101 3
296146 116 3
296240 64 1
296464 84 3
296774 99 2
296823 93 4
296884 66 5
296927 65 6
297031 137 3
297091 128 10
297097 130 10
297171 90 1
297176 89 1
297227 80 2
297262 69 3
297272 79 3
297303 89 3
297313 113 4
297340 120 5
297372 91 4
297386 105 3
297505 105 6
297519 102 3
297634 86 6
297654 85 6
297729 99 3
297757 93 3
297762 91 3
297781 86 4
297786 86 4
297800 96 8
297843 97 8
297850 108 9
297855 123 8
297921 124 7
298012 74 5
298315 69 1
298532 119 3
298645 106 5
298655 111 5
298671 93 4
298740 70 8
298814 114 4
298862 120 2
298973 91 6
299479 80 4
299693 81 1
299750 92 2
299772 109 3
300363 79 4
301356 83 8
301455 89 6
301719 72 4
301929 103 4
302031 88 2
302084 69 3
302220 121 3
302532 118 1
302610 84 0
302700 84 1
303114 103 1
303120 105 1
303470 102 0
303558 99 2
303569 94 2
304206 87 1
305557 94 0
305602 75 3
305926 50 2
305950 67 1
305956 73 1
306003 73 0
306051 62 1
306197 85 5
306255 101 3
306274 89 3
306870 90 2
306926 69 8
307415 113 4
308262 73 3
309622 92 4
309715 101 2
310252 72 2
310445 87 2
310543 105 2
310597 137 5
310748 90 1
310786 74 1
310978 107 5
311264 65 0
311303 62 0
311435 112 2
311547 61 0
311613 59 4
311653 93 4
311674 85 2
311681 84 1
311691 95 3
311709 131 6
311730 99 6
311766 89 4
311956 111 5
312435 112 1
313053 70 3
313473 75 3
313633 99 4
313762 79 0
313771 79 1
314485 119 2
314935 105 1
314963 118 1
315100 99 6
317002 76 4
317064 80 4
317374 101 2
317398 102 2
317571 100 3
317586 105 3
317816 106 4
317855 119 4
318002 67 2
319408 156 1
320064 10 31
320292 90 5
320491 69 4
320523 65 0
320643 73 2
321101 97 2
321573 84 4
321918 84 3
322047 68 11
322138 115 8
322698 94 5
323545 103 4
323831 89 8
324071 98 8
324452 88 11
324512 99 9
325349 105 12
325935 110 5
326396 82 3
327020 78 4
327881 82 4
328298 99 7
328348 99 6
329178 80 4
329473 104 5
329577 69 7
329658 102 5
329785 49 64
330041 108 4
330218 99 7
330280 109 9
330309 121 6
330404 75 6
330425 93 4
330455 77 5
330482 71 5
330958 114 5
331136 100 5
331220 92 7
331241 96 6
331395 90 4
331911 26 6
331922 23 8
331998 73 5
332437 118 7
332829 92 7
333125 97 7
333319 71 2
333368 89 3
333454 130 10
333867 80 5
334147 102 6
334223 63 4
334584 33 0
335004 70 6
335565 106 5
335643 89 4
336208 72 4
337095 84 6
337109 126 5
337151 162 8
337186 136 7
337195 115 7
337247 97 5
337502 103 6
337673 103 7
337886 115 7
338330 107 4
338384 84 2
339282 94 6
339745 87 6
340154 95 5
340165 102 6
340537 103 4
340733 89 5
340882 87 3
341157 72 1
341301 119 7
342007 70 26
342152 56 28
342243 99 35
342267 64 27
342278 63 31
342314 91 41
342695 42 27
342928 63 28
343114 64 34
343324 69 30
343695 63 27
344090 69 35
344125 101 47
344256 69 33
344351 64 28
344628 56 20
344827 64 33
344868 75 29
344907 76 20
345367 73 31
345420 82 52
345436 56 46
345554 43 20
346113 79 29
346449 82 31
346630 71 20
347142 73 30
347404 93 37
347733 51 22
347907 44 20
348988 78 20
349386 79 22
349754 79 32
351020 85 26
351090 54 19
351106 45 15
351247 120 42
351552 52 27
351584 60 27
352367 88 29
352590 78 30
352711 63 24
352950 71 36
353150 98 28
353364 94 35
353375 88 28
353469 95 24
353829 74 14
354303 68 14
354393 76 40
354765 95 36
355152 99 40
355902 83 36
356091 74 39
356285 88 38
356311 79 30
356364 65 19
356590 80 29
356631 69 22
356676 51 23
356898 80 30
356969 56 27
357097 58 25
357271 66 27
357912 53 32
357940 45 31
358067 69 20
358286 67 22
358439 64 24
358658 82 37
359159 60 21
359834 73 19
359895 58 27
360039 96 37
360257 85 29
360461 71 25
361342 80 28
361601 111 39
361885 77 27
361975 85 37
363062 67 35
364546 58 25
364726 67 38
364954 64 35
365375 36 22
365469 103 42
365713 64 27
366014 75 35
366186 69 28
366798 85 35
366900 71 33
366929 73 31
367092 64 29
367164 66 31
367299 56 16
367452 121 41
367506 73 26
367560 58 29
367608 57 33
367755 93 26
367803 80 21
367821 82 30
367838 63 27
367848 73 36
368166 94 29
368476 68 16
368713 61 32
369058 101 41
369091 101 33
369650 74 72
370061 47 44
370355 41 46
370470 41 35
370563 75 63
370582 70 52
370937 46 48
370958 46 40
370964 45 45
371057 54 42
371297 83 61
371774 55 36
371792 54 36
371897 48 49
371930 53 46
372066 43 45
372950 64 80
373334 57 39
373567 72 53
374112 67 49
374676 67 53
374802 67 55
374856 58 49
374892 56 50
375203 29 23
375308 34 24
375360 49 49
375490 44 31
375753 53 42
376120 40 53
376324 7 17
376333 4 15
376339 8 12
376439 48 37
376472 53 40
376646 40 28
376757 52 34
376811 69 58
376973 47 36
377334 49 57
377733 51 52
378146 57 61
378544 40 35
378737 41 44
379586 65 44
380034 63 51
380729 45 68
380791 61 57
380868 34 36
380959 40 42
381095 46 44
381247 41 35
381253 42 34
381267 42 31
381273 39 30
381396 47 47
381626 55 44
381661 54 42
381684 57 67
381919 57 36
382080 62 57
382131 55 38
382459 42 35
382476 43 32
382598 40 23
382699 66 33
383453 52 45
383519 55 42
383532 50 35
383555 57 56
383630 33 44
383801 53 55
384092 48 47
384272 58 65
384469 30 54
384690 49 51
384806 29 43
384816 36 41
385397 63 80
385476 59 41
385526 65 57
386418 28 124
386495 17 102
386906 34 187
386927 30 205
386936 137 93
386948 25 150
387278 3 11
387323 3 20
387326 4 20
387337 4 19
387587 3 23
387593 9 26
387715 49 44
387956 5 35
388048 51 36
388078 58 51
388099 66 52
388108 61 58
388252 42 92
388258 49 42
388281 58 47
388345 59 47
388438 57 62
388587 66 54
389158 60 43
389635 54 31
389656 69 36
389884 30 29
389918 49 26
389952 70 31
390237 57 47
390412 75 50
390557 59 37
390974 52 51
391518 64 53
391679 48 40
391815 71 49
391889 51 66
391914 55 67
391987 53 54
392042 62 47
392104 42 43
392475 60 47
392512 60 54
392553 73 48
392736 71 42
392895 55 50
392901 52 53
393213 44 48
393225 43 42
393303 39 28
393343 55 46
393375 76 64
393460 70 48
393468 63 54
393483 56 51
393582 65 45
394208 17 80
394285 23 84
394419 10 81
394459 18 91
394472 18 100
394481 19 109
394584 19 75
394972 24 111
396103 21 94
396114 18 80
396192 20 93
396789 30 128
396959 23 83
396988 16 93
397942 17 67
398165 23 86
398197 24 91
398394 16 65
398571 30 91
399197 21 79
399227 19 82
399400 27 110
400208 23 84
400443 19 84
400520 23 100
400574 33 76
400679 16 89
400742 17 80
400784 31 97
400903 24 110
401520 15 64
401526 16 63
402095 16 114
402484 12 89
403021 11 76
403174 14 108
403451 21 94
403463 21 101
403544 21 110
404049 19 79
404099 17 83
404224 13 116
404354 16 79
404768 49 73
405041 43 70
405451 54 86
405633 38 59
405714 40 84
406024 43 75
406450 35 84
406471 34 87
406483 42 77
406798 41 81
406812 38 86
406835 47 96
406885 36 70
406898 43 61
406906 32 42
406933 40 61
407014 56 102
407060 46 100
407082 42 86
407116 28 66
407132 35 74
407194 31 75
407356 47 80
407425 38 67
407440 34 57
407518 44 85
407575 44 85
409199 30 47
409292 38 89
409461 34 47
409571 43 83
409656 58 108
409665 55 99
409848 34 51
410134 52 66
410297 48 88
410358 47 65
410763 40 83
410791 43 69
410803 37 64
411170 36 76
411212 30 56
411310 40 71
411473 32 82
411557 57 97
411624 33 51
411701 30 63
412301 34 70
412922 30 56
412958 39 65
413360 40 66
413454 47 81
413460 46 89
413477 48 80
413489 51 81
413789 35 75
414446 55 73
414785 42 83
414965 36 73
415016 33 76
415151 28 70
415454 34 49
415466 35 44
415727 28 47
415751 28 63
415855 17 51
416410 47 65
416755 42 64
416802 41 54
417077 40 77
417108 37 51
417254 26 56
417631 35 53
417895 30 49
418508 43 63
418526 44 58
418743 42 87
419107 36 83
419456 42 71
419509 24 51
419699 29 74
419804 46 86
419917 34 85
419938 26 71
419963 37 74
420069 47 75
420074 55 82
420141 35 74
420344 21 58
420377 27 50
420397 38 72
420428 49 80
420450 40 72
420712 43 73
420754 46 75
420766 48 87
420776 40 85
420784 41 82
420878 32 86
420891 47 100
420910 49 74
420972 61 86
421028 62 71
421033 49 58
421121 37 75
421197 27 57
421214 34 58
421360 53 98
421443 44 61
421692 67 89
421869 40 50
421998 39 77
422087 35 57
422126 27 36
422455 37 55
422521 31 77
422537 35 78
422599 28 65
423150 41 84
423513 36 66
424065 34 69
424314 34 74
425315 44 88
432163 45 93
432211 33 76
432271 25 54
433059 34 69
433592 35 103
433728 18 72
433878 32 70
433941 31 68
433974 35 63
433982 36 70
434051 44 73
434071 40 58
434082 39 47
434122 39 39
434153 25 29
434358 14 82
434367 46 39
434369 14 70
434497 15 68
434515 18 73
434582 34 74
434594 28 86
439365 9 70
439378 10 78
439422 11 66
439428 9 72
439479 34 78
439492 77 80
439515 27 135
439556 77 61
439588 46 79
439628 22 80
439667 49 83
439821 82 87
439845 37 102
439863 35 119
439925 13 89
439934 11 72
440001 13 54
440017 17 69
440045 19 85
440056 15 78
