235 2 12
1293 16 38
1323 26 39
1370 25 32
1406 30 31
1596 44 85
1612 42 99
1627 59 82
1640 70 91
1647 63 79
2046 37 73
2442 26 50
2604 10 25
2711 9 19
2717 5 18
5597 2 9
6550 2 14
8236 20 26
8377 44 45
8600 43 38
8740 53 55
9057 49 49
9145 55 75
9286 32 49
11444 41 48
12140 33 55
12232 56 61
12318 45 75
12325 52 79
12491 31 47
12674 69 60
12746 52 60
12906 43 74
12983 51 60
13021 42 49
13228 69 60
13268 44 51
13379 47 45
13430 37 51
13438 37 49
13466 47 50
13557 24 31
13587 38 47
14217 44 55
14286 42 55
14328 74 78
14661 75 70
15250 39 62
15527 49 61
15737 40 45
16133 39 41
16162 32 40
16423 34 20
16489 50 53
16506 53 55
16551 31 34
16560 28 28
16575 40 34
16607 33 31
17058 51 57
17088 46 48
17244 68 64
17343 45 55
17631 44 58
17736 32 46
18638 78 80
18799 66 48
18804 66 47
18855 52 56
19099 57 69
19464 49 49
19742 53 71
19760 57 61
20042 73 58
20081 62 54
20746 42 45
21178 47 62
21348 55 50
22110 27 54
22736 29 36
22962 47 49
23063 30 63
23207 53 42
23908 54 58
23936 47 59
24167 43 41
24353 58 55
24542 50 73
24667 64 61
25116 30 48
25148 32 39
25164 32 37
25317 42 56
25396 23 35
25483 45 62
25811 48 56
26459 52 48
26694 46 74
27000 51 63
27028 42 54
27065 53 65
27127 42 46
27280 49 56
27397 47 53
27477 55 68
27562 37 66
27647 40 59
27669 45 65
27804 60 55
27910 52 69
27975 59 71
28157 52 51
28356 67 65
28369 79 75
28567 33 47
28580 30 49
28887 53 64
31060 50 56
31156 50 58
31198 72 63
31297 49 58
31318 42 42
31531 47 45
31702 39 47
31755 33 37
31858 39 48
31928 54 64
32165 43 50
32398 46 57
32982 37 55
33305 37 38
33333 51 56
33431 41 57
34237 50 63
34890 49 66
34901 53 60
35215 67 64
35250 71 71
36236 47 39
37260 53 27
37658 48 49
37742 52 64
37892 34 47
39038 52 56
39250 64 48
39912 25 37
40417 45 54
40747 54 54
41038 39 41
41062 37 42
41180 47 59
41604 56 46
41815 38 52
42799 42 41
42820 47 45
42907 49 60
42947 49 68
43257 49 67
43274 45 60
43453 56 62
43552 37 52
43668 52 58
45068 96 6
45094 114 6
45263 74 7
45680 100 15
46039 41 12
46589 91 13
47358 90 16
47442 83 10
47877 88 21
48056 49 12
48342 35 6
48458 64 13
49115 91 15
49175 109 12
49237 89 14
49418 79 15
49484 82 13
49571 75 17
49635 66 17
49826 87 19
50117 49 10
50228 131 19
50342 57 13
50375 52 16
50385 61 19
50582 104 23
51065 62 7
51074 78 8
51351 110 26
51485 74 22
51596 77 16
51648 88 12
51695 76 17
51851 83 18
52077 80 11
52263 96 19
52610 66 14
52693 31 6
52736 35 7
52819 56 12
52874 61 16
52916 75 21
54068 96 21
54086 87 20
54154 110 13
54188 66 9
54209 58 10
54745 41 6
55320 76 20
55417 75 21
55491 84 18
55621 98 15
55635 99 20
56182 86 28
56202 87 23
56806 43 59
57243 32 54
57367 30 44
57796 52 56
58065 46 38
58618 40 73
59231 35 53
59804 45 69
59810 44 68
60140 65 19
60242 57 34
61216 81 22
61241 85 31
61268 79 29
61625 67 28
62171 71 34
63178 58 22
63351 93 38
64155 83 29
64257 46 37
64263 42 33
64296 60 24
64314 62 22
64509 67 17
64545 77 20
64686 76 28
64710 67 23
64860 78 23
65127 65 19
65544 56 26
65664 114 43
65712 92 36
65875 89 29
66224 78 41
66337 49 16
66392 74 25
66611 55 20
67061 74 28
67526 67 27
67757 62 25
67803 60 22
68116 77 28
68272 64 35
68619 92 36
68824 58 27
69022 91 29
69079 75 29
69091 69 26
69765 73 29
69994 67 25
70013 60 22
70619 81 26
71031 65 31
71115 72 26
71141 60 25
71811 88 31
72014 72 16
72070 105 41
72107 70 28
72126 91 25
72141 81 22
72173 88 21
72285 49 22
72352 40 23
72357 43 23
72413 58 31
72453 71 38
72472 68 30
72563 81 32
72661 73 26
73977 104 20
74111 64 28
74205 77 17
74364 70 24
75129 78 25
75736 83 22
75803 78 19
76058 45 13
76196 86 36
76483 39 42
76521 28 39
76813 44 41
77049 54 58
77077 42 44
77358 46 53
77397 42 42
78232 77 26
78693 76 26
78702 92 28
79111 67 13
79349 72 23
79683 76 18
79854 77 21
79923 53 16
80139 87 16
80155 80 14
80520 87 30
80621 83 20
81263 114 31
81295 104 18
81312 116 21
81385 95 25
81424 100 15
81487 61 29
81788 23 16
81833 43 0
81907 13 18
87461 19 0
87535 25 1
87622 11 0
87794 55 0
87839 35 0
90264 54 18
90337 72 22
90493 81 23
90997 54 22
91527 102 24
91671 63 12
91687 69 16
91746 57 11
91809 90 17
92064 66 17
92753 70 8
92781 70 10
93001 88 20
93062 81 28
93154 76 24
93479 68 18
93505 95 19
94464 96 21
94569 64 26
94641 64 11
95274 87 26
96211 88 19
96338 88 26
96351 77 29
97233 80 19
97424 78 18
97561 71 18
97680 77 26
98247 46 11
99035 77 7
100271 75 12
100431 85 11
100646 91 11
100848 66 7
100973 80 7
101045 89 14
101146 85 8
101632 88 10
102022 70 5
102336 90 4
103232 100 6
103406 68 6
103472 91 9
104029 74 6
105223 62 11
105477 67 4
106079 98 9
107274 70 9
107936 81 9
108030 93 7
108093 97 13
108122 91 13
108492 95 11
108500 91 12
108930 77 5
109197 91 8
109839 83 7
109856 85 13
109906 79 9
109923 108 8
110002 106 11
110037 102 10
110060 59 4
110110 77 4
110498 68 5
110583 85 12
110631 88 13
110690 87 7
110815 82 8
110961 100 8
110973 117 7
110997 96 7
111016 91 10
111047 89 11
111123 71 10
111139 68 8
111203 78 8
111264 94 8
111286 110 17
111337 87 18
111384 92 18
111448 113 13
111459 79 8
111712 92 9
111725 83 12
111771 101 13
111820 115 13
111931 95 3
111983 113 8
111995 93 9
112036 106 10
112065 92 10
112168 67 4
112286 81 10
112311 85 10
112397 106 14
112442 102 6
112535 109 11
112588 98 8
112922 93 8
112932 80 7
113131 126 7
113239 83 17
113249 76 13
113386 76 8
113475 76 11
113766 81 6
113802 95 7
113834 82 4
113863 56 4
113980 107 5
114023 71 7
114039 75 14
114347 86 9
114388 82 13
115016 103 9
115124 88 10
115289 66 5
115691 73 5
115758 86 7
115868 85 9
116198 65 10
116731 103 9
117691 95 9
118683 77 12
118936 115 9
119275 97 15
119287 89 14
119344 73 9
119511 111 9
119933 75 15
120094 97 6
120759 77 12
120943 83 6
121144 92 8
121229 86 9
121328 68 6
121442 110 12
121489 82 12
121758 81 8
121877 72 5
121927 101 10
122036 101 12
122057 79 16
122078 72 14
122170 67 9
122900 107 8
122909 104 6
123896 92 11
124127 59 8
124386 48 3
124434 63 7
124458 71 8
125727 78 5
126018 46 3
127083 82 6
127091 77 5
127420 72 3
127471 81 5
127790 83 12
128134 105 16
128276 90 10
128282 83 8
128335 82 8
128348 60 6
128783 85 8
128828 116 8
130046 107 16
130478 91 6
131131 83 10
131377 66 2
131806 87 8
132142 84 13
132427 102 13
132586 78 11
132994 83 6
133302 81 7
133480 60 6
133782 110 9
134857 89 8
135808 103 9
136165 108 5
137629 78 2
137911 79 8
137932 85 7
138375 113 11
138618 101 9
138950 71 4
139257 60 3
139337 64 2
139361 49 2
139535 70 4
139614 66 0
139635 63 1
139686 105 5
139889 58 7
140019 89 7
140176 80 6
140290 79 8
140703 53 3
141292 60 9
141408 93 7
141451 99 7
141656 91 7
141690 76 9
142311 82 4
142373 115 6
143130 61 3
143509 85 9
143628 105 13
144742 98 4
144909 124 5
145692 86 12
146378 108 10
146464 86 8
154555 41 8
154588 11 18
155076 77 10
155293 99 8
156062 69 5
156219 78 4
156423 74 5
156533 71 9
156942 63 5
157059 84 6
157103 96 7
157470 91 8
157670 85 7
157903 63 6
158313 75 6
158327 82 6
158574 111 12
158725 102 8
158784 78 5
159100 73 7
159355 64 6
160341 96 8
160512 70 2
160705 88 5
160979 62 5
161711 88 11
162545 84 6
163219 125 11
164078 75 4
164490 73 13
165174 98 9
165191 86 11
165511 59 4
165684 112 7
166682 58 4
166925 61 4
167025 128 5
167286 80 6
167522 87 10
168419 75 11
168808 102 6
168848 79 3
169016 82 9
169073 63 8
169240 101 8
169283 46 5
169407 82 6
169474 106 2
169539 91 11
169700 108 9
169717 127 13
169723 140 15
169774 121 12
169940 76 7
170164 100 2
170194 80 4
170369 98 6
170408 88 7
170798 113 19
171118 71 12
171197 110 18
171234 90 13
171266 61 8
171395 94 17
171478 86 7
171575 76 6
171696 80 8
171796 82 4
172097 77 10
172207 57 8
172228 51 7
172243 62 4
172388 80 12
172430 95 11
172574 78 7
172796 74 2
173363 63 8
173419 90 7
174278 70 9
174969 67 4
175246 65 6
176713 71 4
176997 78 3
177839 82 4
178553 95 11
180176 74 5
180263 84 6
180309 84 5
180400 90 10
180975 77 9
181191 63 4
181505 96 12
182645 84 6
182694 90 9
182784 106 12
182919 50 8
183595 81 5
183956 73 4
184127 83 8
184233 96 11
184737 72 6
184884 89 7
185121 85 10
185859 81 8
185934 74 8
186177 88 7
186339 105 15
186609 105 11
186672 83 6
186733 89 6
186750 87 6
186859 70 8
186930 116 15
186954 104 9
187022 96 5
187173 73 7
187434 91 11
187671 73 8
188185 76 5
188265 99 8
188785 63 6
189074 84 6
189129 68 7
189260 84 1
189413 69 12
189537 87 17
189585 94 14
189903 54 3
190796 67 14
190841 91 13
190992 84 11
191295 71 5
191631 91 8
191676 87 9
191809 87 4
191952 59 4
192290 73 11
192457 85 9
192748 78 2
192766 77 3
193802 97 15
194168 96 10
194665 75 6
194820 90 8
194881 85 9
195626 94 9
195693 75 5
195848 64 4
196817 74 8
197576 88 10
197777 78 9
197830 91 9
197864 105 8
198029 86 9
198443 91 11
198509 105 6
198957 75 17
199190 81 8
199256 81 6
199279 93 9
199843 59 3
200410 77 9
200507 75 11
202993 110 3
203032 102 3
203087 61 1
203156 71 1
203296 94 2
203336 109 0
203426 87 0
203674 106 1
203691 105 1
203774 69 0
203813 96 3
204206 70 2
204941 86 0
204973 67 2
205202 91 1
205355 100 1
205400 118 4
205685 75 0
205776 75 0
205880 101 4
206132 99 3
206210 71 1
206225 87 1
206384 79 4
206495 100 1
206632 93 4
206768 79 1
207500 98 3
208996 142 5
210398 79 8
210422 73 6
210494 70 12
211020 87 18
211163 54 10
211458 11 7
211513 13 3
211589 63 13
211613 62 6
211948 52 5
212139 60 18
212292 68 25
212665 74 17
212905 58 20
213205 66 10
213264 42 9
213334 50 14
213973 65 4
214030 63 8
214346 70 13
214433 56 16
214651 69 9
214855 77 15
215477 86 9
215574 94 23
215592 80 26
215712 42 9
215836 99 22
216428 73 21
217042 64 28
217540 57 15
217645 71 14
217978 67 11
218266 83 18
218297 62 13
218762 78 18
218906 74 15
219002 72 8
219221 71 16
220058 81 20
220081 82 14
220364 105 20
220615 99 12
220658 75 12
221042 76 12
221048 66 9
221385 71 19
221432 52 9
221512 74 15
221823 65 17
221983 49 12
221989 47 13
222002 61 14
222059 55 18
222222 47 16
222283 70 16
222870 86 18
223410 75 19
223905 88 7
224094 84 9
224370 104 6
224454 86 9
224484 88 11
224828 88 5
224941 69 12
224946 71 12
225958 22 8
226374 76 5
226406 86 3
226630 73 8
226653 53 10
226737 71 10
226773 75 8
226901 82 9
227253 77 17
227262 78 18
227449 78 11
227788 43 11
227887 60 12
227892 60 12
227961 76 12
229244 49 2
229609 81 3
229803 53 2
229870 112 2
229908 87 4
230364 62 2
230581 77 3
231076 38 0
231359 58 0
231779 93 0
231890 84 0
232061 82 0
232766 58 0
233420 63 0
233930 77 0
233944 73 0
235168 88 0
235726 93 0
236048 99 0
237338 108 0
237416 90 0
237422 110 0
237446 99 0
238164 91 0
238196 110 0
238473 115 0
238517 83 0
238549 59 0
238738 79 0
240502 100 1
240508 115 0
240772 97 0
240784 92 0
241434 94 0
241485 116 0
241494 102 0
241851 94 0
241946 97 0
242114 93 1
242816 95 0
242933 103 0
243542 94 0
243554 105 0
243587 118 0
244257 39 0
244656 103 0
244686 73 0
244691 75 0
244992 102 0
245502 89 0
245577 113 0
245754 64 0
246055 91 0
246267 82 1
246378 99 0
246417 90 0
246828 108 0
246840 128 0
247035 96 0
247073 104 0
247151 87 0
247238 100 0
247405 97 0
247524 79 0
247643 87 1
247945 89 0
248138 77 0
248355 107 0
248577 72 0
248592 73 0
248907 87 2
249589 92 2
249663 89 2
249823 92 5
250294 95 1
251071 82 0
251241 114 0
251665 83 0
251996 82 0
253066 122 0
253688 113 0
254012 92 0
254168 110 1
254654 79 1
254758 87 0
255154 86 0
255924 105 3
256458 92 1
256690 95 1
257143 110 3
257418 77 1
257634 110 2
258522 71 4
258792 88 2
259140 99 3
259274 136 6
259335 121 9
259464 47 51
259809 47 41
260019 64 51
260049 62 46
260178 50 43
260455 30 25
260523 42 36
260590 66 52
260622 69 56
260658 60 59
261094 59 56
261232 49 42
261239 48 41
261337 77 54
261374 50 45
261467 55 41
261718 13 23
262157 66 50
262683 65 49
263517 58 45
263706 58 53
264131 60 62
264360 61 46
264541 46 47
264583 41 42
264696 43 40
264773 51 33
264803 52 43
265960 39 60
265992 12 74
266173 72 58
266366 55 24
266374 66 30
267453 37 26
267756 39 44
267780 38 47
267842 44 43
268622 56 59
268833 71 48
268840 64 54
268985 51 50
269145 63 47
269189 59 60
269335 48 47
269936 48 64
270464 5 26
270623 4 10
270755 19 18
270791 16 27
270890 6 42
270950 3 16
270982 11 8
270991 7 12
271025 4 10
271043 5 15
271097 5 24
271227 47 51
271412 49 39
271970 59 55
272081 15 17
272501 55 34
272657 49 39
272893 31 40
273160 42 31
273582 71 67
273699 51 49
273868 35 45
273950 54 49
274100 53 54
274112 60 50
274131 51 42
274221 53 43
274304 45 47
274667 47 58
275013 36 32
275274 42 50
275287 51 51
275330 25 23
275456 64 54
275503 44 56
275665 45 46
275720 30 39
275828 53 48
275872 87 56
275877 77 51
276008 29 33
276141 58 48
276182 35 43
276189 41 41
276354 36 60
276429 56 36
276489 47 33
277120 59 58
277522 60 73
277568 69 54
277838 33 35
277901 52 61
278609 76 71
278801 65 60
278903 72 66
279083 75 66
279144 53 67
279662 53 35
279773 63 59
279800 65 51
279863 51 41
279932 37 48
280757 43 44
280835 61 62
280877 55 59
280910 65 55
280937 45 39
281014 56 51
281178 58 37
281224 45 40
281460 22 31
282211 64 55
282243 71 55
283146 61 49
283818 60 57
284739 52 43
284864 44 38
284904 43 31
285225 38 47
286542 69 54
286698 52 63
287021 55 65
288039 65 62
288168 47 53
288237 62 44
288867 42 58
288963 50 55
288980 55 62
289179 41 46
289627 57 47
290154 44 43
290323 51 50
290431 51 49
290771 38 53
290807 40 43
291303 42 45
291334 40 52
291641 53 60
291771 50 46
292142 51 58
292181 37 61
292195 36 57
292236 41 55
292681 55 56
292689 54 58
292770 42 55
292799 46 60
292997 31 53
293009 31 56
293178 46 48
294216 45 43
294505 43 35
294525 43 32
294760 56 46
295216 58 52
295290 34 37
295339 40 47
295353 47 46
296895 41 43
296907 42 49
296979 40 49
297063 50 64
297125 44 57
297166 52 49
297178 53 53
297260 45 63
297274 35 59
297803 29 49
297842 22 50
297957 7 48
297999 7 58
298220 32 49
298269 28 59
298372 32 35
298510 43 53
298519 42 49
298546 50 52
298730 37 71
298744 36 72
298857 14 27
305316 29 58
305362 29 48
305386 41 49
305419 48 55
305482 39 54
305540 46 52
305632 49 56
305711 62 50
305767 49 32
305778 40 22
306050 49 56
306072 36 32
306596 46 42
306733 46 42
306758 46 37
306818 52 55
306830 49 59
307151 63 35
307475 49 49
307766 63 49
307912 57 50
308218 34 59
308558 41 51
308824 39 37
308840 41 34
308855 48 44
308903 48 50
309048 56 32
309082 51 27
309156 47 66
309344 38 40
309547 43 35
310041 46 50
310183 58 56
310200 55 42
310229 44 47
310580 55 43
310660 43 49
310826 48 45
310903 45 41
310922 50 40
311020 61 36
311166 59 65
311289 59 42
311564 42 35
311597 43 42
311692 60 53
311788 50 29
311960 62 65
312318 52 60
312648 47 57
312726 39 38
312745 29 29
312795 38 49
313025 8 9
314093 2 12
315347 12 48
315941 9 43
315947 12 55
316117 56 51
316157 65 40
316229 10 22
316324 19 76
317224 10 23
317622 4 9
318782 3 11
318835 2 9
319062 5 20
