286 4 27
481 10 71
502 10 82
503 11 81
850 14 96
875 28 77
896 20 76
1002 23 155
1033 30 152
1066 35 110
1104 12 97
1559 12 91
1583 47 84
1908 24 164
2011 45 179
2292 57 155
2299 53 166
2355 119 180
2389 93 191
2442 80 177
2448 87 195
2633 130 76
2796 78 66
2916 78 75
3032 87 73
3446 38 105
3510 37 119
3533 80 76
3664 117 85
3676 111 82
3710 123 89
3759 88 78
3764 112 93
3842 81 77
3860 96 80
3884 77 72
3923 74 68
4256 89 68
4478 105 103
4612 68 51
4639 42 102
4828 95 77
4869 79 67
5077 53 153
5116 95 75
5147 91 68
5185 51 168
5213 97 87
5456 33 134
5660 47 124
5704 54 129
6058 48 40
6144 77 87
6232 54 66
6238 55 62
6377 60 71
6664 76 71
6752 86 97
6871 111 91
6946 97 82
6963 92 89
6974 88 88
7023 85 73
7132 101 77
7255 87 79
7388 51 58
7528 35 43
7583 11 51
7764 19 51
8376 14 91
8466 14 117
9736 22 125
9789 17 103
11621 12 92
12358 14 101
14196 17 139
14705 15 117
14807 21 111
16612 16 126
17032 19 154
17148 11 86
17179 13 88
17220 61 82
17693 49 81
18149 61 79
18561 36 73
18728 66 84
18827 33 62
19240 49 84
19309 46 71
19868 53 75
20164 68 83
20382 69 65
20590 70 75
21344 48 65
21349 50 62
21363 49 58
22205 59 78
22235 43 79
22277 45 84
22745 58 84
22922 40 80
23424 47 70
23448 59 81
23595 58 84
23787 72 84
23904 53 66
24000 80 98
24543 40 68
24593 50 87
24741 49 53
25043 50 90
25123 59 74
25251 76 89
25333 39 62
25536 54 72
25571 47 66
25603 58 72
25650 64 82
26094 62 106
26267 39 70
26463 53 87
26493 51 94
26627 66 94
26643 82 122
27273 70 63
27320 61 67
27357 64 84
27409 54 90
27417 58 102
27432 51 96
27540 73 76
27567 54 77
28185 56 90
28333 23 43
28442 41 57
29294 59 65
29377 55 95
29930 30 50
29995 48 69
30080 88 110
30086 65 84
30126 60 75
30168 57 83
31219 40 72
31503 66 109
31539 50 80
31597 5 18
31696 34 67
31723 62 91
31824 54 80
32025 67 77
32119 66 105
32941 49 68
32955 45 68
33421 65 96
33508 41 48
33535 35 53
33544 41 59
33568 43 53
33643 54 95
33712 41 62
33769 44 52
34071 8 18
34375 32 65
34779 47 52
35137 82 76
35170 79 69
35176 81 74
35195 64 58
35360 44 72
35621 58 71
35828 73 76
35848 68 66
36093 55 75
36347 63 81
36365 54 84
36758 57 76
37059 45 67
37142 55 102
37595 54 97
37670 39 61
37686 25 43
38042 52 77
38202 53 71
38394 59 92
38656 54 88
38691 70 85
38705 65 77
38717 61 72
38747 60 78
38783 64 75
38927 58 66
39029 59 95
39056 59 102
39167 53 54
39221 51 70
39790 58 86
39977 58 74
40118 51 91
40139 54 63
40154 46 60
40161 47 68
40208 62 76
40224 62 69
40417 55 75
40451 45 80
41785 74 86
41905 50 73
42010 67 77
42391 57 74
42619 30 75
42644 42 82
43536 22 23
43601 28 52
44357 54 72
44453 52 79
44534 50 92
44594 46 79
44629 39 81
44837 51 80
44883 50 80
44952 35 60
44979 30 45
45069 60 114
45356 58 79
45446 43 77
45491 56 83
45709 44 87
45750 38 96
45910 54 72
46179 69 75
46525 37 68
47646 59 71
47670 55 76
47858 50 94
47904 65 75
48582 57 105
48821 37 72
48898 41 59
48968 32 75
50076 59 96
50325 52 74
50782 42 64
50818 53 68
50833 61 79
50962 59 83
50974 41 80
51456 54 67
51520 41 63
51810 33 48
51835 45 62
52124 31 49
52813 46 75
52837 64 90
54004 37 73
54173 40 58
54223 42 79
54241 33 57
54277 21 69
54286 22 61
54457 12 56
54571 23 55
54613 21 27
54657 20 32
55126 57 69
55165 48 73
55196 41 70
55352 68 89
55467 49 65
55682 55 94
55724 49 77
56315 43 78
56507 39 56
57693 43 59
58223 32 47
58255 57 84
58271 65 81
58414 37 64
58521 30 54
58593 55 63
58646 57 80
58693 45 67
58732 39 68
58871 61 86
58971 42 54
59072 43 70
59103 37 57
59194 48 77
59233 53 61
59826 48 71
60278 40 60
60302 46 86
61627 56 66
61803 57 76
62100 36 45
62108 27 43
62142 12 64
62208 57 73
62261 33 55
63196 15 28
63647 46 77
63919 37 61
64747 48 100
65619 44 45
66114 64 68
67035 46 83
67176 42 43
67466 28 37
67509 30 41
67541 39 53
67940 52 82
69198 79 71
69576 64 80
69630 61 55
69651 61 52
70174 39 57
70234 69 66
70368 58 63
70384 60 68
70592 41 67
70602 56 71
70626 53 65
70654 57 86
70709 51 65
70750 42 42
70899 62 71
71316 53 71
71331 50 70
71398 54 61
71666 46 65
71710 58 74
71851 70 61
72052 83 85
72105 59 56
72177 57 80
72367 54 65
72677 69 90
72877 65 93
74632 45 53
74827 52 72
75327 67 74
75465 44 85
75565 44 72
75781 66 60
75856 58 84
76396 59 60
77377 26 37
77621 37 51
77924 44 56
78059 48 51
78161 46 62
80574 47 68
80658 46 55
80758 55 76
80799 73 84
81104 67 80
81136 59 80
81144 52 77
81157 46 77
81266 63 79
81387 47 84
81461 38 64
81487 48 74
81575 29 68
81600 32 69
81665 49 81
81704 51 86
81737 41 52
81963 54 68
81983 46 69
82039 40 67
82201 54 53
82211 58 55
82342 66 67
82760 53 68
82890 50 81
83676 56 67
83930 55 79
84019 52 50
84228 45 61
84867 59 69
85354 42 45
85528 48 63
85713 39 60
85913 40 44
86355 36 51
86388 34 47
86423 45 47
86473 61 67
87529 17 39
87603 41 58
87663 44 42
87773 46 68
88216 42 57
88343 78 83
90233 52 75
90722 47 65
91085 33 65
91258 64 62
91617 50 77
92046 51 53
92286 53 65
92475 46 67
93051 59 75
93651 41 80
93689 50 94
93764 66 70
93796 62 58
93905 56 81
93986 53 59
94455 68 83
94520 56 76
94546 57 72
94692 56 76
94806 53 75
94849 51 50
94922 73 64
95015 59 101
96092 74 76
96658 54 79
96733 50 74
96956 55 58
97059 62 77
97094 56 85
97925 53 52
97963 60 66
99484 52 67
99913 72 58
100474 55 75
100913 56 62
101014 59 64
103463 48 48
103531 56 60
103896 47 79
104468 68 63
104642 47 51
104696 73 78
105283 34 53
105447 55 58
105454 52 56
105462 58 61
105471 50 52
105598 49 67
105697 71 72
106022 56 58
106263 67 66
106292 48 39
106303 47 39
106416 54 60
106438 66 75
106454 61 70
106468 63 62
106662 39 36
106770 81 84
107187 53 62
107634 47 67
107832 59 61
107846 62 62
107862 70 73
108060 77 82
108075 72 82
108247 54 62
108635 36 52
108847 23 35
109156 54 53
109268 38 40
109396 61 54
109855 71 67
109939 51 62
111157 19 91
111225 31 109
111285 17 50
112218 50 40
112551 64 49
112587 76 54
112784 56 46
112890 21 21
114141 47 63
114183 71 53
114375 59 45
114441 45 70
114707 13 17
114973 33 30
115036 26 18
115047 28 22
115366 49 48
115476 53 45
115887 70 60
117463 78 74
118349 46 74
118426 65 98
118765 64 90
118945 44 50
119167 46 72
119185 43 66
119435 37 69
119440 40 65
119521 66 71
119554 79 85
120118 59 56
122388 25 48
122483 17 52
122900 70 57
123008 40 76
123166 56 61
123361 60 55
123388 65 74
123420 44 54
123428 36 56
123865 34 34
124113 40 32
124146 52 48
124502 42 45
124895 65 76
125375 67 70
125388 69 67
125712 61 54
125906 65 58
126089 56 71
126246 52 44
126261 49 36
126366 61 62
126544 53 73
126725 64 65
126812 60 73
127619 64 69
127926 67 69
127932 71 70
128822 57 51
128966 66 60
129046 52 45
129209 75 63
129289 51 54
129596 55 52
129612 54 53
130020 72 49
130025 72 47
130527 46 59
130575 55 64
130613 60 59
130959 59 67
131246 17 33
131305 25 25
131312 23 22
131589 36 40
131775 41 38
131811 36 40
131955 79 73
133347 51 58
133862 43 52
134726 65 43
135335 50 46
135449 89 85
135488 80 70
135518 66 62
135973 68 47
135983 69 46
136076 50 38
136102 68 55
136116 72 52
136191 81 70
136203 70 59
136216 68 59
136223 71 67
136256 72 66
136323 72 61
136329 62 56
136778 72 48
136816 49 61
136991 69 49
137495 60 56
137733 49 41
137976 72 47
138040 72 48
138105 57 50
138165 53 49
138181 58 43
138198 66 42
138232 68 41
138260 63 45
138282 56 39
138405 63 51
138758 80 57
138766 78 53
138824 54 61
138855 29 57
138861 31 61
139164 70 58
139601 62 59
139742 46 41
139887 32 16
139899 36 17
140367 67 62
140666 56 39
141055 43 50
141523 62 49
141715 69 56
141874 70 66
141973 81 48
142366 61 55
142427 53 49
142531 63 59
142900 63 61
143240 38 34
143375 72 77
143407 79 55
143857 62 58
143953 66 46
144181 49 57
144229 63 48
144395 56 53
144424 48 54
144821 66 69
144984 57 56
145345 55 70
145556 48 36
145669 63 66
145726 44 34
145858 66 56
145939 50 52
145947 53 50
145973 67 62
146173 66 56
146258 60 39
146554 64 36
147624 56 40
148488 48 55
148656 54 42
149137 69 54
149212 54 55
149635 37 43
150120 68 65
150742 65 51
150967 50 65
151213 58 56
151247 57 43
151360 76 67
151911 54 52
152674 82 68
152983 81 62
153526 64 74
154038 50 59
154133 49 49
154394 40 45
154530 70 54
155100 43 52
155283 55 66
155350 58 56
156316 71 68
156408 51 58
156665 53 59
156830 63 55
156900 91 104
157485 62 59
157554 77 74
157683 41 49
157688 49 50
158438 45 45
158624 42 54
158729 41 51
158810 54 45
158909 33 35
158966 50 61
158996 70 85
160408 57 44
160516 61 50
160941 53 49
161533 54 64
161598 55 61
162324 16 22
162443 31 22
162491 29 28
162525 31 28
162949 61 80
163329 45 61
163842 46 57
163953 65 61
164624 40 41
164728 57 76
164830 35 32
165531 46 64
165912 42 32
166068 37 30
166400 49 59
167065 48 47
167233 69 56
167407 55 44
167699 67 59
168014 61 51
168038 53 43
168053 46 40
168257 49 66
168357 56 54
168398 60 64
168428 54 55
168494 60 66
168527 59 64
168551 53 48
168688 58 56
168695 63 60
168738 45 36
168781 54 45
168858 72 84
168899 78 84
170020 46 52
170029 52 48
170189 62 59
170335 32 64
170368 42 59
170418 64 67
171502 55 46
171532 53 46
171583 44 39
171640 66 49
172033 55 52
172204 52 65
172348 65 47
172623 78 73
173027 54 45
173205 58 46
173730 45 47
174629 45 39
174680 64 43
174902 58 56
175280 47 54
175976 62 42
176483 40 38
177953 48 55
178085 54 76
178133 61 69
178244 21 38
178537 32 37
178590 39 29
179303 59 63
179590 42 55
179950 58 56
180583 48 53
180892 49 65
180970 40 29
181531 66 66
182129 37 59
182171 38 71
182252 13 61
182282 11 54
183502 14 86
183547 16 66
183619 16 64
183768 21 61
183892 51 52
184469 49 62
184540 46 52
184594 47 68
184791 44 63
184877 40 59
184955 47 67
185015 63 56
185300 55 70
185472 46 64
185514 53 52
186008 31 38
186092 50 66
186107 65 74
186134 53 79
186682 46 51
186766 46 59
187241 67 84
187318 42 58
187437 37 43
188281 40 55
188291 44 67
188299 42 56
188454 26 41
188569 73 85
188589 70 86
188599 68 86
188623 38 61
189010 28 34
189376 34 83
189487 41 73
189502 43 68
189624 53 91
189631 55 95
189727 44 74
189774 37 70
189994 57 77
190204 46 54
190244 54 63
190609 56 77
190662 32 47
190672 30 56
190822 40 45
190864 41 78
190916 69 104
190944 71 78
190976 68 67
191088 43 68
191148 33 73
191308 42 88
191319 50 87
191415 38 65
191449 40 80
191836 46 51
191851 48 53
192028 49 63
192179 29 34
192313 48 63
192369 39 58
192385 42 55
192457 40 49
192474 29 49
192912 51 85
193086 35 76
193154 27 66
193193 34 61
193342 50 74
193357 39 62
193369 43 73
193388 41 63
193474 58 66
193558 69 99
193755 57 59
193964 30 37
193975 32 38
194150 44 39
194994 27 52
195143 41 65
195212 29 41
195302 51 53
195374 40 53
195710 35 64
196625 55 55
196850 57 62
196910 47 79
197017 58 66
197837 27 42
198115 46 65
198220 34 62
198308 50 79
198350 62 76
198514 41 77
199891 39 85
200585 33 58
200732 43 85
200804 27 71
200909 33 64
200971 25 74
201513 90 41
201770 215 65
201780 202 68
201827 232 77
202095 298 100
202292 287 93
202442 152 130
203183 151 68
203582 109 56
203768 147 62
203834 149 84
204191 34 76
204242 36 91
204318 43 79
204569 38 80
204690 43 74
204740 31 63
204776 23 76
204797 20 61
204875 33 60
205391 39 75
205423 36 87
205481 30 64
206309 43 69
206488 33 71
206732 36 67
207197 48 93
207205 45 84
207410 43 64
207905 26 45
208123 42 63
208240 49 84
208384 39 69
209208 62 57
209529 42 47
209564 51 56
209731 51 59
209792 45 67
210264 34 46
210811 26 67
210829 23 65
210868 33 61
210883 34 59
210967 47 85
212063 33 79
212690 32 85
212852 37 78
213090 45 89
213179 40 96
213426 34 85
213534 22 61
213720 41 75
213750 55 62
214073 38 52
214468 49 67
214611 28 61
214701 33 73
215184 46 92
215699 52 74
215727 68 89
216105 51 56
216118 51 62
216130 48 58
216148 52 61
216272 27 33
216352 53 69
216371 41 67
217216 30 54
217435 41 62
217466 37 53
217535 46 64
217603 48 84
217855 41 79
218001 48 79
218133 37 62
218200 44 92
218687 37 58
218805 38 67
219068 42 51
219373 44 59
219445 40 70
220700 55 87
220835 38 50
221526 33 60
221773 22 35
221831 24 42
222171 36 55
222186 30 45
222261 39 73
222300 31 57
222447 51 86
222459 48 91
223131 43 62
223494 42 57
223518 37 58
223885 35 50
224181 26 36
224815 39 54
224893 35 63
225104 21 35
225238 25 50
225256 31 44
225703 32 65
225869 48 71
225884 34 58
226154 47 56
226218 55 58
226300 48 60
226479 47 64
226676 34 46
227416 45 67
228097 51 67
228442 48 77
228655 63 87
229322 46 86
229424 18 74
229662 33 70
229904 50 82
229998 34 42
230748 53 61
230922 49 56
230997 39 46
231048 34 59
231324 34 64
231517 53 73
231819 34 46
231894 52 61
232642 46 64
232747 58 63
233295 46 61
233312 63 89
233609 69 40
233632 91 46
233827 56 45
233851 56 42
233865 51 38
234048 37 34
234954 58 43
236104 65 40
236191 64 49
236912 61 27
237213 85 61
237540 77 45
238090 63 41
238151 58 49
238180 40 51
238232 57 47
238245 64 36
238369 60 41
238452 61 58
238542 53 43
238647 68 43
238797 83 60
239344 60 29
239839 51 48
239924 90 52
240084 49 36
240630 43 32
240636 47 30
240878 79 68
242421 86 39
242496 60 51
242565 49 51
242691 55 45
243698 51 54
244064 85 59
244216 83 56
244606 83 38
244650 64 42
244698 58 41
244878 41 31
244947 40 46
244974 58 47
245022 85 54
245214 55 33
245349 78 58
245616 73 51
245625 63 36
245667 65 45
245679 60 44
245685 52 43
246100 70 65
246912 58 49
247174 53 26
247249 51 32
247588 73 58
247639 88 51
248707 45 36
248722 52 42
249032 72 35
249144 50 39
249463 73 44
249742 48 30
250031 52 37
250148 46 30
250275 73 45
250512 45 29
250524 45 26
250645 76 55
250694 92 68
250840 43 22
250848 44 22
250950 50 36
251037 60 36
252117 44 39
252162 52 38
252341 55 37
252354 51 41
252387 64 38
252494 61 53
252579 65 44
252651 71 49
253441 71 28
253650 71 41
253709 88 59
253877 54 32
254223 59 50
254398 57 47
254938 63 58
255146 87 56
255327 75 37
255710 67 40
255730 70 46
255841 64 49
256305 56 30
256653 50 53
256658 48 51
257073 71 42
257223 58 45
258874 62 52
259414 69 55
259660 59 33
260087 76 23
260445 64 32
260522 64 37
261274 78 45
261336 81 58
262020 47 41
262346 56 57
262742 72 56
262776 58 44
263533 62 46
263921 67 24
264206 78 45
264332 49 32
264350 53 31
264385 44 44
265284 85 44
265401 64 42
265859 64 33
266113 58 53
266495 69 44
266680 51 45
266690 61 45
266909 85 43
267269 63 49
267335 79 63
267880 72 48
267901 87 44
267946 73 35
268020 57 42
268317 76 46
268539 61 40
269049 74 53
270594 63 36
271527 79 47
271750 48 37
272082 57 40
272334 60 49
272417 65 42
272873 107 65
274310 54 39
275560 50 54
276573 32 55
276811 27 44
276997 31 47
277261 34 49
278264 48 41
278287 63 36
278464 51 33
278759 39 53
279662 38 62
280665 26 45
280832 22 25
281050 12 21
281124 33 53
281131 27 40
281190 29 43
281222 24 51
281651 41 68
281731 51 84
282068 41 61
283013 55 65
284319 42 59
284348 44 54
284361 41 58
284377 50 65
284494 39 61
284690 32 66
284744 27 78
284768 24 65
285052 35 54
285190 43 66
285288 26 60
285494 47 44
285679 40 57
286395 20 68
286454 21 40
286484 3 16
287250 54 77
287448 46 58
287535 66 109
287748 60 56
287874 40 79
287940 53 93
287981 45 61
288042 40 67
288225 35 44
288261 35 47
288318 55 52
288693 44 77
289146 43 64
289904 38 50
290306 32 52
290392 57 80
290578 48 59
291250 36 46
291435 43 54
292938 40 73
293224 49 70
293544 51 76
293659 33 43
293763 52 61
294378 30 56
295089 37 74
295362 34 53
298153 41 76
298254 42 75
298392 43 53
298989 54 71
299473 56 61
300393 36 61
300560 41 63
302274 31 57
302539 35 72
302572 32 68
302692 20 76
303596 36 68
303663 44 63
303866 37 100
304163 39 89
304692 25 45
304752 33 78
304824 38 60
304918 31 99
305055 22 47
305074 35 58
305094 32 60
305106 39 77
306255 29 62
306671 41 61
306729 35 59
307071 30 86
307107 33 93
307114 35 95
307280 26 89
308050 28 63
308073 34 66
308363 35 62
308774 40 77
308801 32 67
309146 39 102
309673 34 51
309730 45 79
309743 47 84
309788 49 90
309879 27 55
309917 19 51
309947 34 80
310274 49 101
310782 36 54
310941 24 54
311000 37 83
311024 43 81
311461 38 98
311705 40 95
312291 31 59
312355 24 61
312398 17 79
312487 39 48
313253 20 34
313642 39 58
313664 34 71
314496 22 61
314754 17 83
314928 22 71
314943 29 79
315237 47 92
315249 46 94
316435 47 80
316534 31 74
316798 41 73
317953 39 73
318097 32 80
318187 33 85
318514 26 58
318625 37 85
319084 28 74
319300 63 81
319327 52 76
319532 49 71
319606 62 78
319614 48 74
319642 48 73
319770 42 69
320252 49 76
320270 56 76
320304 50 94
320342 45 85
320375 43 74
321243 43 65
321312 43 54
321501 43 92
321600 44 58
321807 33 68
321867 35 56
321882 44 57
322157 22 56
322891 34 74
322915 27 64
323224 33 64
323359 43 63
323427 41 69
323475 30 45
323661 35 84
323738 54 81
323781 37 64
323837 39 59
324153 37 52
324363 45 69
324432 29 50
324921 44 77
325176 39 87
325182 36 83
325679 49 87
326346 28 57
326842 51 99
326880 46 74
326988 32 59
326997 32 65
327067 41 80
327454 26 58
327513 25 59
327916 34 87
328381 33 47
328408 42 63
328534 21 80
329052 89 40
329128 62 33
329201 73 38
329225 66 39
329345 99 41
329468 75 41
329561 86 38
329955 96 27
330278 57 31
331002 119 45
331418 70 24
331495 63 25
331739 55 20
332255 88 41
332306 108 46
332501 53 30
332688 63 27
333095 92 43
333110 114 54
333353 51 34
333826 73 43
333954 93 28
333970 86 23
334208 71 29
334547 60 31
334990 92 36
335023 87 40
335864 98 34
336239 66 29
336538 73 35
336790 90 36
337076 67 45
337386 62 27
339437 54 44
339808 86 41
339877 81 37
339941 62 34
340486 76 60
340574 78 46
340664 71 37
340745 68 43
341012 73 32
341203 76 33
341231 71 30
341262 69 42
341320 69 35
341378 66 32
341580 53 30
342756 71 38
345852 60 52
345873 64 44
345903 54 39
345921 60 42
346043 66 38
346145 37 31
346259 73 47
346281 98 55
346307 78 38
346346 80 48
348047 66 48
348115 44 43
348178 33 28
348331 67 43
348874 52 48
348881 53 41
349145 57 49
349425 49 45
349430 61 47
351173 46 37
351298 63 60
351364 84 58
351472 74 51
351586 59 51
352096 79 68
352145 71 62
352322 72 46
352392 58 49
352419 59 56
352427 59 58
352548 68 46
352655 79 56
353435 68 65
353516 64 63
353632 58 44
353923 55 56
354304 70 69
354410 73 61
354899 66 63
354923 67 81
354989 57 57
355228 79 64
355257 69 47
355967 60 44
356028 55 21
356264 53 51
356309 86 62
356579 49 49
357164 42 66
358320 43 51
358744 46 68
390946 39 61
391051 36 59
391248 31 85
391276 40 90
391403 33 87
393225 30 59
393709 53 83
394019 34 69
394393 19 31
394776 35 64
395224 38 72
395433 29 80
395676 40 47
395993 36 73
396210 35 93
396285 41 87
396400 38 63
396741 42 56
397110 35 67
397509 48 72
397551 47 73
397722 51 77
399323 37 73
399679 26 91
399761 34 58
399860 46 87
399888 33 77
399921 29 77
399933 30 76
400012 44 76
400338 55 78
400562 49 68
400899 47 63
401732 19 49
401933 32 70
402086 38 93
402908 36 71
402926 39 75
403751 47 97
403989 46 77
404239 15 56
404299 36 79
404308 39 82
404346 38 62
404391 36 56
404688 23 49
404726 37 80
405012 36 64
405209 40 69
405222 50 76
405309 60 84
406899 36 76
406965 42 72
407212 35 77
407523 38 93
407857 39 79
407978 40 76
408267 35 78
409001 24 73
409076 34 79
409247 19 55
410135 40 78
410263 40 71
410303 42 82
410378 38 70
410485 27 63
411467 44 76
411646 35 88
411941 38 64
412183 25 64
412650 30 90
413108 59 63
413152 45 80
413245 62 64
413335 50 61
413363 39 62
413490 35 49
413754 39 78
414036 26 49
414078 30 40
414252 35 65
414531 39 75
414576 39 76
414585 30 56
414729 33 78
414948 40 95
416292 16 94
416689 11 86
416788 17 106
417133 12 90
417199 17 128
417412 16 105
417502 23 100
417541 21 108
417589 19 130
417781 21 106
418797 15 95
419553 15 113
419928 14 126
420669 14 77
420702 14 70
421281 13 112
421307 16 103
421456 12 103
421464 13 94
421484 10 74
421560 15 124
421837 20 101
421870 16 93
421885 14 97
422076 11 86
422082 11 98
422295 16 102
422524 16 100
422541 16 102
422866 19 118
423536 23 121
423609 17 97
424626 15 97
424695 17 115
425475 11 73
425670 13 92
425814 11 94
425958 17 110
426024 15 101
426045 18 101
426066 17 98
426225 16 119
426330 16 99
426411 14 101
426893 13 100
427110 15 130
427320 15 101
427397 21 108
427725 17 99
427767 15 132
428220 18 123
428409 8 59
429264 15 67
429324 19 111
431208 12 104
431484 12 72
431739 14 78
432351 16 81
432479 17 105
432518 19 94
432559 20 108
432881 13 98
432911 21 107
432950 21 114
432956 19 110
432974 20 109
433949 14 102
435056 10 88
436668 10 83
436692 13 85
436850 21 106
436876 16 89
436884 18 99
437884 24 92
437956 21 110
438053 15 107
438181 15 75
438196 18 89
438716 24 147
440300 15 83
440659 12 94
441036 16 105
443668 51 61
446075 51 68
446397 61 53
446425 60 73
446490 53 86
446503 46 73
446889 60 58
446919 55 57
446937 51 56
447064 51 67
447344 41 68
447371 42 76
447411 45 82
447674 58 81
447966 53 63
447996 58 57
448156 47 71
448887 45 81
449835 68 62
449932 43 68
450126 74 91
450441 40 86
450460 37 86
450804 57 75
450998 41 64
451011 41 62
451088 41 54
451660 37 61
451733 41 64
451921 47 54
452385 50 78
452673 43 65
453030 51 55
453136 65 80
453696 57 82
453720 47 62
454761 87 86
455142 54 62
455303 57 72
455465 54 54
455516 42 54
456710 56 65
456765 54 71
456791 51 55
457501 58 67
457540 57 66
457629 46 54
457667 67 60
457701 62 55
457715 70 70
458352 59 56
459142 51 82
459517 47 68
459581 55 65
459591 49 65
459596 40 60
459618 34 61
459629 44 68
459660 39 67
459711 55 63
459732 49 64
459745 57 81
459805 48 101
459828 63 93
459858 57 87
459870 59 94
459901 52 82
459939 43 66
459980 17 78
460009 15 88
460044 41 83
460077 55 71
460085 61 69
460186 39 96
461317 66 66
461450 56 78
461632 51 84
461653 54 89
462028 55 82
462313 38 69
462478 54 49
462553 34 63
462691 42 58
462840 62 63
462865 69 82
463018 40 59
463054 59 85
463072 61 74
463080 60 77
463262 70 88
464093 49 87
464123 52 75
464157 50 59
465708 43 55
465941 26 43
466366 33 61
467524 43 90
468432 47 86
468500 43 56
468645 25 80
468703 45 75
469246 9 81
470132 56 71
470356 51 72
470372 68 86
471052 43 94
471084 52 95
471230 51 92
471266 44 72
471718 46 93
471847 36 82
472261 57 95
472388 66 86
472433 46 87
472538 34 83
472649 62 88
472903 58 81
472988 42 65
473192 33 57
473387 42 97
473675 64 81
474176 46 91
474239 57 90
474429 47 86
474813 56 80
474953 51 101
475047 49 91
475192 56 71
475227 51 73
475235 49 83
475254 46 89
475309 34 63
475377 57 66
475535 48 81
475586 51 83
475664 46 55
476090 49 83
477737 55 60
478093 56 58
478584 55 78
478662 51 82
479628 36 73
479685 44 69
479700 45 66
480327 99 62
480808 76 42
481137 83 40
481485 78 43
481715 70 35
481722 70 36
481733 69 37
482711 121 39
482969 94 43
483011 104 49
483113 87 23
483251 74 35
483450 96 26
483676 84 43
484304 101 39
485882 91 62
486036 63 46
486084 91 30
486112 96 29
486475 80 37
486578 56 29
486858 65 48
486928 68 35
487006 90 70
487121 87 40
487593 99 50
487608 104 54
487704 103 45
488331 85 44
488427 71 34
488439 77 35
488487 109 49
488544 102 49
488599 90 38
488706 71 39
489180 94 44
489586 97 40
489788 84 38
489889 104 55
489920 84 45
490068 87 34
490704 110 42
491192 93 39
491577 85 44
491689 73 41
492009 99 48
492117 94 50
493410 99 37
493479 111 36
493557 74 46
493608 58 34
493668 94 36
493704 91 36
493880 90 26
493905 87 27
494502 102 38
494528 133 46
494608 102 41
494613 97 38
494650 110 37
494755 86 36
494769 85 29
494789 101 40
494865 116 53
494871 117 58
494898 94 53
495459 99 31
495611 95 36
495622 104 43
496193 89 28
496217 104 32
496295 63 27
496880 85 40
498027 45 37
498290 84 52
499018 38 95
499216 48 73
499256 44 93
500022 80 95
500493 55 82
500703 46 69
501117 52 83
501225 58 87
501675 40 77
501900 31 63
502798 42 73
504723 40 69
504918 27 48
505385 44 70
505441 20 44
505498 13 40
505505 11 40
505522 25 53
505854 50 65
505936 45 62
506268 53 75
507098 70 80
507113 61 74
507504 38 79
508390 41 64
508897 54 75
508932 45 83
509187 39 79
509900 51 44
509915 67 63
510059 54 69
510216 61 88
510229 59 72
511993 33 35
512304 39 31
512522 43 68
512822 54 76
513293 72 59
513882 41 58
513998 71 107
514014 72 80
514056 73 98
514380 56 65
514600 61 101
514656 64 75
514665 67 77
514843 55 94
515059 69 93
515236 60 98
515272 56 87
515303 55 94
515464 60 97
515472 65 90
515526 71 101
515539 70 86
515840 59 84
515993 29 77
516117 43 61
516252 34 56
516314 42 76
516328 53 88
516354 42 66
516371 56 73
516399 40 60
516433 48 59
516521 43 76
516531 35 66
516552 35 59
516707 48 92
516729 37 72
516756 57 92
516854 56 119
516961 31 53
517030 38 75
517040 46 89
517047 52 94
517059 47 66
517154 51 82
517198 40 90
517248 58 79
517271 56 60
517282 57 62
517294 65 71
517304 60 63
517338 34 55
517383 36 60
517399 50 81
517415 53 79
517428 62 100
517439 60 96
517463 78 110
517538 42 61
517569 37 61
517625 42 64
517630 39 52
517660 42 59
517741 55 84
517753 58 77
517783 65 84
517797 58 75
517832 44 72
517862 37 52
517895 38 63
517934 40 62
517950 37 58
517972 46 79
518043 41 73
518054 53 69
518136 22 56
518141 27 59
518174 44 74
518217 58 82
518234 61 74
518243 63 74
518346 43 76
518400 54 64
518408 55 70
518450 43 90
518497 30 74
518533 28 57
518565 37 68
518682 14 70
518692 25 78
518704 25 66
522948 9 57
522958 10 62
522980 17 68
523953 7 60
524073 18 63
524125 11 64
524169 22 60
524225 21 86
524242 16 69
524426 53 87
524448 73 108
524472 53 79
524611 40 63
524732 52 110
524802 46 74
524877 48 56
524887 61 78
525010 54 85
525066 60 87
525079 55 77
525186 37 78
525231 27 67
525346 39 71
525952 7 48
526513 6 43
526528 6 35
526558 4 20
526837 2 11
526884 3 14
530601 15 65
530616 17 77
530646 17 69
532877 3 23
533203 13 63
533296 15 96
533467 62 55
533788 12 90
533956 52 65
534985 30 0
535164 33 0
535750 7 4
