281 5 33
295 5 37
320 8 32
352 6 33
12231 9 24
12378 5 36
12517 28 56
12555 9 40
12560 5 45
13590 8 44
13654 17 62
13773 19 35
13932 30 41
13937 33 43
13947 38 47
14026 26 53
14180 35 39
14189 42 45
14358 51 38
14510 23 39
14558 61 78
14632 46 45
14917 36 43
14948 42 46
15262 48 52
15368 65 63
15434 53 43
15697 56 51
15922 49 64
16345 36 36
16373 49 42
16501 55 50
16525 52 52
16666 36 50
16733 29 46
16877 52 63
17084 47 46
17123 38 46
17269 55 51
17348 45 48
17595 50 36
17640 35 36
17770 52 50
17871 51 48
17884 52 51
17890 56 52
17998 29 42
18004 35 46
18094 59 45
18131 39 38
18142 42 44
18249 45 41
18672 36 46
18708 32 44
18783 36 45
18826 38 68
18834 37 71
19059 32 54
19131 36 43
19146 44 42
19189 43 25
19272 43 70
19282 44 65
19321 37 60
19327 52 65
19370 46 53
19475 44 62
19725 31 42
19821 52 64
19962 40 50
20553 32 54
20568 29 51
20758 36 57
21387 37 60
21593 43 55
22061 50 65
22436 33 35
22615 49 42
22675 31 51
22747 36 35
22999 42 54
23411 42 41
23937 58 50
24062 40 42
24072 37 44
24086 34 28
24102 38 38
24120 39 42
24327 21 36
24414 24 36
24501 50 31
24531 38 35
24584 45 48
24660 62 44
24682 62 33
24711 56 29
25111 41 45
25258 36 46
25371 54 45
25520 37 42
25565 43 43
25603 51 46
25629 42 44
25649 37 43
25659 42 44
25952 45 39
25992 48 44
26040 47 50
26142 40 48
26160 46 56
26607 59 48
26886 44 39
27230 47 34
27624 43 49
27729 54 53
28181 51 33
28205 55 44
28246 60 44
28251 61 46
28271 49 26
28317 44 43
28337 36 37
28343 35 41
28501 34 50
28513 33 48
28602 26 48
30446 7 48
30647 4 32
31004 4 30
33465 14 43
34126 13 26
34137 10 28
49289 45 44
49997 106 104
50176 49 53
50346 53 34
50494 37 32
50526 61 43
50558 75 41
50745 56 24
51092 55 38
51111 54 44
51212 70 44
51291 62 50
52835 77 41
52994 55 39
53345 41 38
53588 46 29
53852 43 35
53882 36 29
53927 52 38
53936 51 38
53988 44 32
54082 42 33
54116 45 35
54232 56 33
54242 48 39
54267 50 42
54402 48 50
54464 40 46
54525 47 34
54721 46 52
54750 59 55
54895 57 49
55498 63 47
55696 43 49
55831 43 24
55872 46 41
55915 57 57
56413 48 32
56429 45 23
56582 63 40
56915 64 46
56987 34 29
57236 34 40
57245 35 40
57409 45 40
57511 74 46
57701 48 41
57815 60 42
58665 59 47
59359 68 58
59602 48 39
60232 47 39
60364 41 37
60560 43 54
60673 61 57
60889 52 37
60960 84 59
61169 70 56
61399 65 50
61405 64 48
61456 57 51
61496 58 40
61525 52 30
63051 65 50
63090 68 44
63099 63 42
63168 58 36
64017 52 26
65105 53 41
65190 66 39
65361 68 42
65894 73 35
66147 51 31
66160 51 30
66253 87 46
66347 51 46
66366 56 46
66377 50 35
66421 55 36
66582 56 46
66600 60 46
66779 64 54
67020 55 42
67053 57 41
68144 74 51
68258 34 34
68438 65 31
68462 62 41
68645 50 31
68805 48 53
68850 43 40
69070 47 30
69334 33 26
69804 55 33
69928 86 43
70250 26 95
70349 16 80
70973 15 87
71163 12 57
71402 12 58
73920 77 47
74402 45 18
74624 50 32
75612 49 28
75789 85 31
76196 97 54
76218 76 39
76487 40 28
76636 72 36
76919 64 28
76970 55 34
77032 82 28
77269 57 31
77311 45 20
77623 47 20
77884 69 34
78128 76 42
78268 51 29
78283 54 34
79939 69 27
80003 75 23
80494 67 21
81023 67 26
81317 76 27
81324 82 26
81331 89 29
81411 54 22
81693 67 29
81711 82 34
81788 68 39
82293 63 20
82638 42 21
82968 46 29
83101 68 32
83194 59 22
83478 66 19
83616 61 37
83673 69 37
83734 65 19
83818 69 32
83852 56 31
84165 50 26
84265 77 36
84280 70 31
84352 65 20
84379 66 27
84676 67 14
84914 39 21
84928 54 21
84968 78 22
84985 80 29
85044 119 34
85378 66 32
85564 71 32
86059 75 27
86411 59 31
86521 47 23
86536 46 24
86557 44 26
86828 59 24
87024 64 28
87176 59 15
87424 73 29
87497 73 33
87525 62 29
87638 50 30
87903 69 24
88161 57 25
88371 85 29
88554 76 23
88689 70 25
88719 72 26
88929 83 40
88956 75 32
88977 78 35
89064 56 23
89091 48 20
89208 77 47
89262 71 35
89400 54 30
89416 52 28
89585 61 30
89724 73 26
89817 77 29
89826 57 24
89913 57 18
90019 71 31
90381 57 30
90714 66 27
90729 64 22
90767 55 22
90807 67 29
90870 72 29
90876 76 25
90959 68 28
91154 66 24
91605 44 31
91704 17 65
92460 48 16
92819 23 9
93184 98 40
93767 55 18
93786 45 19
94249 17 6
94775 52 25
95080 68 29
95973 54 26
96732 55 24
96907 85 31
97355 55 20
98094 74 42
98334 69 26
98442 51 22
98565 59 40
98863 67 26
98901 61 21
99022 53 25
99088 66 29
99837 56 19
99866 50 29
100025 82 43
100142 43 20
100216 62 39
100284 52 34
100304 43 27
100330 38 32
100367 50 30
100604 66 46
100794 51 42
100805 53 36
101018 72 45
101329 57 33
101383 51 27
101440 54 32
101950 56 35
102026 65 35
102228 54 25
102239 55 24
102443 36 31
102723 54 34
102744 59 33
102815 70 34
102853 58 33
103416 47 47
103827 71 45
103977 36 32
104253 55 33
104787 68 26
104793 70 26
104819 70 25
104840 62 29
105048 57 26
105062 63 30
105331 50 42
105745 45 19
105974 45 36
106020 40 17
106049 43 27
106331 9 40
106340 6 44
106643 66 42
106766 47 42
107120 44 42
107288 46 38
107456 55 50
107480 59 45
107496 72 54
107543 54 42
107975 41 50
108097 44 42
108202 45 44
108587 58 39
108614 60 39
108656 56 49
109088 54 33
109142 40 40
109253 45 35
109529 58 28
110225 60 50
110299 38 30
110626 42 37
110789 10 11
110800 3 16
110969 6 8
110996 11 28
111086 4 12
111326 43 42
111741 38 31
112487 41 27
112546 36 31
112811 62 42
113681 26 45
114008 57 39
114047 51 34
114492 47 56
114548 51 70
115135 44 56
115423 41 46
115495 29 46
115507 28 46
115684 35 70
115834 29 37
115980 33 47
116278 25 28
116434 38 54
116511 32 43
116642 19 32
116659 26 47
116725 28 62
116769 30 57
116844 20 35
116979 43 56
117000 52 55
117056 44 39
117352 37 57
117445 25 65
117482 31 56
117532 40 41
117564 34 46
117574 32 37
117582 29 39
117635 37 47
117649 33 62
117691 29 44
117735 37 41
117756 42 54
117763 42 57
117928 38 56
118365 25 50
118437 38 60
118592 39 44
118755 31 61
118999 50 54
119035 49 57
119146 27 42
119166 38 58
119248 37 53
119263 29 49
119291 45 51
119330 45 59
119374 52 59
119412 43 61
119434 42 51
119453 31 49
119550 33 45
119562 32 60
119584 32 61
119596 37 68
119602 35 64
119629 31 58
119643 34 58
119653 35 59
119684 44 62
119703 46 68
119744 38 69
119900 41 69
119911 37 65
119961 39 61
120018 40 67
120423 45 46
120767 35 56
121185 33 67
121371 33 61
121422 45 68
121595 32 66
121698 32 63
121767 28 55
122199 48 54
122205 46 52
122249 23 44
122388 50 83
122520 31 38
122863 44 45
122886 36 37
122934 33 33
123015 29 31
123965 41 69
124166 31 39
124493 25 55
124793 33 36
124891 33 72
125189 26 44
125391 25 43
125536 26 46
125684 47 54
126126 41 42
126433 29 29
126438 18 24
126496 47 75
126564 35 76
126833 40 60
126926 33 50
126992 17 35
127019 23 40
127172 40 61
127238 26 60
127256 33 59
127357 24 44
127385 30 43
127726 39 73
127736 37 69
127751 39 86
128054 34 62
128678 21 44
128724 30 54
128855 13 24
128947 31 25
129050 41 42
129058 43 46
129074 37 34
129125 42 58
129248 34 51
129260 28 48
129310 37 66
129370 37 57
129435 55 51
129637 34 72
129663 43 79
129679 44 65
129795 39 56
129853 38 46
129882 29 54
130098 34 50
130292 41 41
130348 29 30
130412 32 47
130473 43 59
130563 27 62
130570 32 63
130793 54 76
130824 53 73
130875 42 57
130930 39 58
130985 30 53
131135 56 76
131147 57 80
131152 58 79
131341 33 67
131464 32 79
131469 32 72
131484 28 60
131728 46 64
131841 28 56
131955 35 66
132045 38 58
132072 31 50
132414 58 70
132564 31 48
132844 18 42
132883 18 33
132989 41 62
132996 42 59
133518 33 62
133523 35 56
133767 33 68
133924 37 51
135168 59 41
136222 37 34
136303 17 32
136356 31 33
136579 24 38
137239 59 51
137389 50 27
137425 48 29
137480 60 29
137543 57 56
137613 65 36
137690 40 27
137835 51 36
137912 42 19
137954 25 12
138016 40 18
138290 62 31
138443 40 34
138599 56 34
138776 56 41
139398 50 40
139742 51 48
139883 72 44
140081 83 44
140177 59 48
140414 61 49
140497 47 30
140567 60 54
140831 44 28
140959 59 40
143507 36 25
143588 58 38
145196 55 40
146318 67 47
146803 48 39
149775 41 42
150288 57 36
151944 43 28
152076 63 41
152130 55 38
152784 73 42
153141 45 45
153259 46 44
153267 52 41
153618 47 44
153730 70 32
154170 67 44
154563 68 56
154962 57 37
155645 58 35
155675 45 32
155699 48 36
155707 51 37
155930 61 45
156038 45 35
156053 36 28
156279 73 40
156288 70 43
156322 55 41
156482 23 51
156933 62 34
157054 65 44
157072 73 53
157121 47 41
157160 52 42
157165 51 44
157712 58 59
157759 50 46
157879 54 34
158336 48 34
158429 57 42
158687 66 53
158842 49 35
158855 47 33
158867 59 33
159062 67 39
159127 56 36
159134 49 33
159338 67 39
159662 52 46
159680 54 40
159811 47 49
159860 54 53
159904 50 58
159916 62 67
159966 50 56
160156 33 34
160266 73 55
160276 73 61
160655 49 31
161144 40 32
161153 51 41
161163 55 34
161305 63 47
161335 65 45
161419 38 31
161473 62 42
161490 72 50
161497 78 49
161548 70 41
161553 63 43
161604 58 45
161625 53 41
161672 62 35
161883 53 36
161912 55 34
162249 59 39
162292 50 47
162313 37 45
162643 58 69
162664 59 58
162673 59 60
162693 53 52
163252 62 37
163807 63 63
165752 42 30
166122 50 37
166159 60 50
166821 49 37
167368 23 35
167789 63 41
167837 59 57
167868 59 62
167927 44 49
167978 33 39
169053 39 24
169172 57 38
169448 49 35
169514 47 38
169562 28 30
169567 32 36
169583 38 33
169952 61 33
170054 58 22
170213 81 41
170514 74 43
170520 69 45
170808 81 43
170817 71 42
170846 78 55
170964 52 26
171056 65 37
171089 68 44
171122 57 39
171137 62 38
171148 58 43
171917 68 36
172025 70 47
172036 70 46
172086 70 45
172357 52 26
172408 49 29
172511 52 24
172594 58 37
172627 53 40
172756 51 38
173407 64 36
173500 35 30
173875 54 35
173914 54 45
173971 62 44
174240 67 48
174368 53 32
174523 52 39
174570 49 40
174661 45 41
174675 28 38
174680 23 52
174685 14 53
174786 16 34
174828 53 51
174977 39 33
175005 46 35
175407 60 28
176343 69 40
176877 62 37
177357 42 40
177549 46 40
177677 59 40
179045 62 46
179499 46 39
179876 58 22
180223 58 39
180568 62 46
180610 39 29
180907 56 31
180912 54 32
180992 55 40
181031 47 40
181173 69 36
181438 51 46
181493 24 28
181651 30 40
181888 65 29
182157 53 31
182296 66 41
182351 25 40
182374 35 40
182400 32 42
182629 54 48
182657 44 36
183098 51 40
183254 30 39
183633 78 40
183808 50 40
184191 63 44
184258 54 38
184724 81 47
185091 66 41
185354 67 31
185470 54 36
185989 75 43
186154 34 28
186256 57 35
186355 53 45
187238 55 32
187273 60 27
187705 46 29
187814 59 43
187997 74 43
188921 39 30
189050 66 35
189164 52 29
189272 44 35
189559 50 20
189638 54 37
190120 63 24
190154 52 27
190392 80 36
190447 54 33
190504 59 30
190612 39 27
190888 7 16
191430 39 35
191699 46 37
191732 55 42
191916 59 36
191948 54 40
192639 43 31
192714 33 40
192806 54 47
192858 61 46
192868 58 47
192977 52 24
192990 48 26
193380 74 50
193660 56 29
193873 55 34
193949 54 26
193956 54 24
194092 75 41
194133 52 43
194281 48 29
194304 44 32
194334 30 24
194354 28 20
194378 34 22
194390 40 25
194397 40 27
194414 41 36
194492 54 29
194527 53 30
194592 62 58
194619 48 61
194629 60 66
194799 60 31
194865 85 54
194993 61 39
195033 63 45
195088 51 42
195098 49 45
195129 49 41
195411 31 26
195720 44 29
196067 53 30
196225 45 45
196708 38 38
196748 57 42
196775 59 47
196990 38 42
197217 58 50
197340 30 37
197528 45 47
197562 40 51
197682 55 32
197964 53 36
198471 48 51
198595 48 53
202929 49 47
203100 44 45
203187 40 30
203197 45 36
203289 31 27
204051 55 43
204386 83 57
204842 62 45
205132 45 36
205404 63 35
205947 57 33
206887 44 40
208532 42 37
209308 43 55
209407 70 36
209869 46 30
209904 31 43
210108 43 37
210411 39 25
210707 49 44
210753 40 30
211114 53 39
211454 32 46
211665 54 32
211674 57 36
211730 48 46
211986 49 42
212273 42 30
212340 47 44
212496 23 18
212538 38 32
212602 51 44
212612 49 38
212819 42 31
212854 37 22
212898 60 40
212959 59 44
213514 60 42
213670 67 51
214784 29 19
214813 39 38
214922 60 49
214974 56 39
215078 37 36
215315 53 30
215447 76 52
215463 62 52
215757 51 39
215862 38 40
216021 48 40
216141 56 52
216198 53 51
216654 60 36
216826 50 36
217088 38 39
217253 41 41
217372 40 41
217839 34 27
217900 13 27
218134 20 50
218433 49 36
218460 36 28
218914 41 52
218943 62 50
219160 43 37
219299 56 48
219623 60 42
219981 48 36
220073 52 41
220142 57 48
220272 47 58
220285 35 37
220407 73 58
220425 61 55
220619 33 46
220645 26 38
220740 44 38
220822 40 39
221486 56 40
221519 58 38
221531 63 43
222572 64 63
223049 39 38
223689 47 33
223816 50 40
224039 41 32
224062 39 33
224178 60 64
224287 61 35
224646 65 30
225426 24 37
225435 31 41
225903 45 46
226371 69 48
226504 47 44
226566 56 52
226862 51 54
227099 59 34
227785 81 63
228043 48 42
228224 48 58
228278 48 50
228602 37 32
228869 28 34
228971 73 50
229106 47 33
229379 69 42
229847 38 22
229956 59 42
231263 44 32
231344 47 51
231597 50 25
232068 53 48
232248 50 49
232476 41 29
232560 44 44
232590 45 40
233471 19 54
234098 25 37
234131 21 46
234708 47 42
234816 11 29
235147 42 51
235173 32 29
235184 35 30
235524 42 68
235633 25 56
235679 27 58
235701 32 63
235728 31 57
235851 40 58
236045 44 56
236178 33 42
236242 27 42
236255 29 46
236271 31 52
236940 26 40
237133 16 50
237267 19 23
237299 7 32
237377 35 66
237409 48 93
237590 30 39
237933 23 35
238137 58 73
238559 61 51
238809 50 55
238923 45 41
239046 53 63
239430 18 25
239647 35 18
239695 43 29
239788 33 45
240145 30 40
240204 37 31
240244 32 27
240269 32 31
240546 52 26
240960 54 29
241017 40 25
241046 38 14
241215 50 50
241656 45 47
241710 50 54
241833 34 36
241839 36 38
242169 50 50
242391 50 57
242512 80 59
242668 49 36
242837 44 41
242932 60 45
243126 56 53
243303 24 27
243342 39 30
243657 42 44
243864 54 46
243951 50 43
244215 43 42
244242 41 62
244263 43 53
244351 56 41
244422 57 46
244602 67 48
246021 53 42
247014 51 51
247137 52 55
247150 47 55
247484 39 42
247783 44 55
247891 43 59
247916 38 56
247967 43 76
250756 45 49
250786 36 40
251252 48 42
251381 64 61
251536 67 54
252092 73 44
252167 56 42
252330 49 35
252801 61 53
253309 66 56
253489 51 52
253612 55 48
253675 61 51
253756 52 40
254263 42 29
254473 64 43
254779 49 51
254997 38 49
255119 35 43
255145 49 43
255273 64 72
256212 55 53
256359 41 41
256487 49 52
256659 57 49
256713 47 52
256724 42 49
256848 39 64
256877 45 51
256940 61 54
257157 41 61
257174 40 56
257298 50 57
257591 47 56
257693 51 62
257705 55 61
257867 44 63
258215 32 53
259187 50 65
259623 32 55
260406 38 53
260596 57 64
260622 55 60
260676 50 75
260763 31 45
261517 40 71
261815 46 55
261967 46 37
262078 31 47
262342 40 50
262362 34 44
263111 44 55
263241 41 47
263319 50 51
263355 50 47
263366 36 39
263393 42 54
263596 51 45
263602 49 42
263622 49 59
264271 42 46
264292 42 44
264352 36 54
265277 31 61
265370 37 56
265550 65 79
265601 60 69
265620 34 54
265644 38 53
265817 50 68
266408 50 55
266518 46 35
267772 54 60
268867 38 44
269189 53 45
269300 49 65
269528 38 44
269746 56 46
270154 41 57
270390 43 40
270488 37 35
270556 37 38
270660 60 40
270682 52 38
270741 62 63
271149 65 56
271229 61 55
271342 42 73
271403 55 71
271461 59 53
271739 49 60
271929 53 40
272178 53 65
272327 37 45
272391 65 72
272425 69 58
272634 46 45
272783 45 47
272797 54 54
272819 53 46
272967 41 49
273148 60 55
273681 34 44
273885 32 53
273913 42 59
274086 54 54
274407 42 34
274427 56 39
274670 62 67
274800 43 57
274851 44 56
274895 40 46
275136 63 43
275167 72 47
275182 63 56
275297 36 38
275417 40 35
275628 22 14
275633 27 15
275670 35 32
275771 29 51
275961 44 42
276115 58 60
278444 40 37
279947 47 36
280737 55 57
282645 33 57
284053 50 40
284201 62 48
284790 15 13
285146 50 44
285405 52 57
285418 53 66
285871 40 47
286226 43 63
286539 57 51
286903 39 44
286924 34 41
286967 19 56
286988 20 66
286995 10 77
287009 18 51
287024 20 46
287069 29 39
287111 21 39
287129 23 33
287165 19 16
287171 15 16
287185 14 13
287201 14 9
287254 3 11
287290 4 24
287826 17 53
287839 11 51
287930 12 70
288039 46 56
288052 53 52
288079 13 116
288096 16 130
288214 16 61
288231 20 56
288243 21 45
288277 12 54
288320 45 44
288332 50 54
288338 55 53
288351 57 46
288634 12 81
288668 12 75
288729 12 50
288807 30 43
288872 10 62
288906 6 47
288970 8 35
289162 3 11
