5633 126 33
5648 105 20
6598 8 12
7311 36 158
7337 189 34
7349 157 54
7436 148 33
7926 68 90
7939 53 107
8153 94 28
8226 108 24
8467 63 57
8480 32 73
8574 64 125
8612 147 15
8727 45 90
8824 136 18
9104 45 84
9177 143 26
9638 67 69
10329 79 102
10495 90 13
10783 76 65
10998 81 61
11172 87 72
11345 81 72
11827 109 79
11996 40 108
12225 35 126
12285 49 89
12752 37 152
12781 34 122
12799 31 121
12824 33 145
12979 69 123
13033 33 160
13166 88 61
13176 54 100
13252 52 85
13332 23 107
13333 56 77
13341 58 86
13389 50 106
13733 94 63
14020 26 116
14106 37 104
14247 66 120
14339 98 43
14371 109 56
14447 59 104
14591 109 66
14627 91 66
14741 85 63
14936 79 47
15042 136 61
15214 86 41
15515 50 44
15862 24 157
16090 99 81
16157 99 72
16170 116 81
16204 124 76
16211 119 79
16247 70 56
16515 64 38
17860 92 59
18373 92 50
18490 122 82
18543 81 56
18763 130 67
19051 87 65
19217 79 40
19247 89 47
19270 69 49
19360 70 36
19599 86 57
19692 80 50
19784 64 53
19881 6 50
19977 6 48
19992 8 51
20015 8 39
20202 11 33
21124 7 38
21207 3 14
21261 7 22
21405 55 35
21460 22 46
21701 30 41
22254 13 50
22439 7 28
23667 10 44
23700 22 67
23709 23 71
23741 35 63
23857 21 33
24349 41 48
24523 31 67
24626 47 82
24659 41 78
24682 41 83
24727 28 61
24778 26 62
24899 36 72
24937 29 77
24964 27 62
24991 45 99
25107 43 73
25120 32 48
25141 33 47
25206 41 74
25294 52 74
25415 24 68
26055 25 37
26116 30 70
26734 49 69
26751 48 76
26858 31 71
26867 33 68
26958 38 74
26987 54 92
27044 46 72
27230 19 45
27325 19 46
27343 23 48
27442 30 56
27589 30 59
27624 35 67
27649 27 69
27728 49 79
27805 38 88
28181 45 73
28457 44 84
28477 45 96
29194 50 75
29239 35 56
29839 41 74
30233 53 52
30347 43 55
30360 45 54
31209 52 64
31808 64 58
31818 55 60
32032 65 56
32744 69 67
33539 51 73
33661 62 55
34319 34 43
34425 42 54
34587 24 43
35160 48 61
35349 44 31
35517 42 41
36210 58 33
36318 46 67
37741 40 55
37944 42 41
37957 42 38
37978 53 40
38251 45 64
39349 49 54
39706 25 39
39841 47 55
39880 34 50
40144 37 50
40331 73 52
40495 29 51
40841 49 45
41039 44 53
41054 40 50
41157 58 44
41369 50 58
41522 29 46
41573 45 45
41672 50 49
42221 40 59
42393 56 43
42507 55 46
42789 47 44
43271 31 34
43647 47 42
43776 49 57
43785 48 53
43995 65 64
44193 45 52
44372 45 75
44493 38 46
44544 40 53
45102 47 51
45520 51 71
45742 68 59
46802 53 58
47035 26 42
47283 42 39
48271 49 51
50421 52 50
50661 50 50
51731 45 66
51902 58 53
52115 41 59
52242 55 59
52316 35 43
52358 49 38
53967 44 55
54227 49 51
54298 52 51
54672 57 83
55281 49 63
55838 45 54
56017 43 52
56070 46 46
56573 54 53
56683 58 69
56849 72 76
56937 50 71
56988 28 39
57089 46 65
57309 49 41
57737 60 53
57911 46 46
58454 42 59
58717 47 48
58831 64 64
59921 12 17
59949 21 25
59958 24 33
60050 36 36
60090 42 34
60682 49 75
60697 49 72
61214 32 53
61634 57 62
61794 54 51
62507 41 49
62559 42 43
62568 34 34
62670 29 53
63044 45 47
63072 38 60
63138 37 54
63159 54 73
63176 52 79
63184 51 75
63268 45 56
63303 38 48
63651 40 52
63668 42 59
63675 37 57
63691 53 70
63705 52 74
63739 64 71
63898 41 57
64205 52 42
64255 55 52
64313 25 44
64463 43 54
64741 33 46
64823 36 42
64883 35 37
64931 49 43
64965 50 47
65167 43 43
65208 44 56
65238 46 46
65252 35 33
65447 57 52
65615 26 44
65722 22 20
65812 8 8
65951 34 41
66471 37 61
66704 49 56
66785 37 55
67265 35 46
67344 24 52
67658 49 68
67838 35 57
68098 30 57
69246 31 55
69322 39 68
69780 56 71
69897 28 45
70303 37 58
70534 37 68
70642 30 52
70792 40 77
71353 30 45
71492 44 39
71585 33 69
71728 33 54
71810 36 64
72016 38 71
72055 28 60
72124 44 58
72142 48 80
72547 41 48
72620 53 64
72643 48 64
72826 50 51
72857 52 65
73014 50 70
73225 31 50
73321 45 58
73576 38 66
73758 39 49
73781 42 51
73991 25 30
74489 36 52
76261 37 46
76980 55 56
78475 65 61
78507 59 42
78516 63 41
79308 30 32
79338 37 35
79605 32 44
80077 38 41
80587 40 45
80624 50 46
80652 50 53
80783 41 43
80831 38 52
81256 56 47
81265 57 49
81709 55 52
82235 43 36
82555 40 62
82586 42 51
83722 61 11
84787 83 9
85343 78 7
85438 59 5
85451 63 6
85460 38 7
86137 75 11
86302 114 15
87251 45 5
87398 72 13
88410 90 9
88448 94 15
88775 79 15
89049 58 7
89261 68 11
89486 69 4
90008 94 5
90248 82 10
90305 96 13
92488 96 8
94101 72 12
94561 98 14
94623 97 14
94670 102 17
94726 113 23
94888 84 12
94933 115 15
95751 104 10
95859 79 10
95899 79 8
95978 99 12
96432 73 9
96597 85 10
96750 113 10
96870 76 10
96881 69 7
97005 115 4
98266 100 15
98565 87 13
99075 77 12
99407 96 5
99552 91 9
99603 120 6
99708 111 10
99837 100 12
100033 76 5
100131 63 10
100189 103 7
100224 113 6
100413 101 8
100573 87 5
100830 56 6
100884 21 2
100890 34 4
100920 59 5
102047 91 4
102353 135 7
102924 120 5
103054 66 2
103761 75 7
104045 64 6
104127 84 8
104711 107 6
105546 84 12
105720 102 9
106256 108 9
106287 82 9
106707 88 8
106940 93 8
106965 87 6
106995 103 6
107021 70 4
107114 89 10
107126 87 6
107135 99 8
107168 114 11
107262 108 9
107270 98 11
107325 76 2
107461 95 11
108151 116 7
108692 75 5
109579 59 8
110076 109 8
110215 79 6
110235 65 4
110758 96 4
111316 71 7
111477 83 3
111502 118 5
111531 99 6
111539 103 6
111545 110 6
111662 91 6
111681 91 7
112357 112 10
113149 109 7
113484 101 10
113704 88 7
113974 82 4
114442 104 13
114613 91 13
115501 78 9
115541 91 7
115552 103 7
118302 23 3
118364 15 0
118548 66 1
119285 67 3
119311 77 6
119529 73 3
119692 89 5
119765 111 9
119990 79 3
120010 92 5
120084 106 8
120429 64 2
120663 77 2
120741 85 6
121136 87 2
121145 83 4
121357 81 1
121372 79 7
121552 90 3
121591 77 10
121890 72 8
122160 97 5
122304 102 5
122323 94 7
122339 88 8
122363 98 10
122493 136 9
122636 82 8
123408 64 5
123456 77 10
123939 41 4
124456 93 5
124706 58 6
124957 61 7
125650 134 7
125683 95 7
125992 63 8
126430 88 10
126614 51 6
127277 82 7
127295 81 6
127703 13 0
129849 28 2
132211 58 2
132733 80 8
133049 91 5
133626 62 5
133745 89 6
134056 93 8
134395 90 11
134470 93 10
134710 62 2
134908 72 3
134998 79 2
135802 86 6
136620 47 7
136728 20 8
136760 66 7
136833 50 4
137343 67 5
137572 58 6
137602 66 4
137611 76 5
137636 66 9
137803 87 7
138406 87 6
138483 68 6
138633 86 9
138798 109 14
139199 92 11
139482 71 3
139522 86 8
139534 65 9
139541 71 10
139680 98 11
140057 90 2
140150 87 3
140990 86 8
141500 67 1
141694 76 4
141944 65 3
142407 55 2
143445 94 6
144059 87 7
144163 91 6
144472 79 7
144547 85 9
146284 104 10
146335 85 9
146473 120 3
146506 86 7
146548 84 6
147588 81 5
148476 65 3
151974 64 4
152204 72 4
152875 60 5
152883 54 5
152986 111 7
153039 101 5
153084 140 8
153559 96 10
153795 25 3
153988 85 10
154675 98 6
155368 61 4
156181 95 14
156456 112 11
156719 70 11
156790 91 7
156805 87 3
156835 98 5
156887 105 5
156892 96 6
156899 106 5
156981 57 5
157031 60 7
157046 70 9
157081 103 8
157087 110 7
157122 107 5
157162 79 6
157412 69 12
157647 122 11
157911 73 3
158151 98 9
158375 93 4
158409 78 6
158641 74 5
158664 68 6
159043 85 3
159562 75 4
160252 88 8
160681 94 4
160753 74 4
160891 66 4
160909 103 5
161352 71 2
161783 79 2
162293 34 37
162804 93 6
163122 73 4
163329 103 1
163345 98 3
163928 124 4
165095 103 7
165368 57 6
165386 66 7
165970 92 0
166164 92 5
166437 109 7
166794 84 4
166980 80 10
167709 99 6
167771 102 4
168244 55 3
168511 99 7
168600 89 2
168622 77 3
168631 77 3
168735 103 9
170334 71 6
170544 78 11
170610 95 12
170940 73 11
171189 87 4
171216 100 7
171514 79 7
171576 73 6
172251 66 2
172398 80 5
172419 78 7
172473 56 8
172638 72 4
172842 92 7
172904 90 6
173873 67 5
174432 69 10
174534 99 8
174595 90 10
174703 90 5
174711 80 5
174781 76 6
175520 63 5
175685 62 8
175827 87 5
175915 94 7
176223 86 8
176232 75 6
176305 99 6
176362 86 8
176367 85 7
176436 75 10
176446 77 11
176458 68 10
176526 8 9
176544 26 8
176589 60 3
177300 90 5
177306 92 6
177398 57 6
177825 82 6
177930 85 4
178340 67 4
178946 93 6
179231 95 6
179978 101 9
180610 58 8
180683 76 7
180709 81 6
180992 65 4
180999 63 4
181992 79 1
182166 73 6
182248 66 5
182378 92 10
182436 87 7
182481 83 4
182874 82 6
182904 105 7
183264 76 3
183561 66 3
183699 111 7
184729 105 7
185128 91 7
185223 53 3
185521 103 6
185886 66 5
186615 75 11
187139 73 10
187284 80 6
187451 59 5
187557 75 5
187651 91 13
187984 95 11
188016 89 10
188052 80 4
188106 84 5
188128 65 8
188419 93 6
188427 88 5
188865 92 11
189003 73 7
189581 86 13
189710 61 1
189722 62 2
189950 75 6
190264 83 7
191204 68 11
191555 80 5
192209 56 30
192381 56 36
192713 54 32
192871 44 30
192904 42 35
192912 44 33
192968 56 33
193010 57 38
193028 51 38
193572 30 12
193744 41 34
193863 42 27
194377 48 20
194830 40 30
194849 54 31
194953 52 32
195219 54 35
195392 37 19
195438 40 28
195477 24 22
195498 16 15
195538 16 10
196142 46 30
196193 45 27
196208 42 27
196220 46 26
196292 55 23
196348 55 27
196381 47 41
196502 56 25
197048 46 34
197381 33 30
198426 40 36
198576 50 41
199396 60 52
199528 62 38
200080 46 33
200101 40 30
200119 33 37
200536 44 52
201199 50 43
201586 58 43
201757 50 33
201904 58 35
202431 41 27
202683 45 46
202728 42 47
203021 36 24
203134 61 40
203319 42 38
204918 49 45
204945 45 41
205110 49 51
205137 56 45
205374 53 46
205485 48 42
206074 54 54
207815 54 27
207966 26 23
208005 39 24
208099 47 36
208148 43 45
208153 39 46
208177 45 53
208425 56 35
210122 51 33
210182 56 38
210273 52 33
210503 75 37
210627 47 34
210698 45 31
210915 42 34
211109 43 33
211463 26 33
211571 45 37
211642 49 44
211983 44 36
212408 39 38
212475 49 30
212578 55 65
212619 41 41
212875 22 23
213749 52 47
214092 44 22
214125 37 34
214777 52 27
214797 52 27
214933 47 27
215647 47 33
215676 43 35
215720 35 42
216339 75 6
216361 60 4
217814 97 11
219958 75 4
219994 101 9
220074 84 10
220153 61 2
220189 68 5
220212 77 5
220495 69 7
220593 56 4
220806 58 11
220826 45 5
220883 75 5
220920 96 7
221344 64 7
221736 67 6
222424 49 6
222497 57 3
223166 69 6
223317 97 5
223491 72 3
223529 64 2
223570 61 10
224547 74 7
224931 68 14
225273 74 11
225447 81 6
226113 34 10
226517 72 7
226627 71 12
227278 83 7
227545 81 5
227981 111 17
229334 89 8
229375 110 5
230109 102 7
230469 61 9
230662 49 7
230773 76 12
230863 91 12
231193 63 9
231335 71 7
232540 68 14
232845 69 11
233185 68 9
233644 58 3
233691 84 2
234296 63 8
234538 62 9
234667 71 9
235258 80 7
235972 96 8
236348 78 8
236496 92 8
237492 87 11
237771 83 12
238023 95 15
238157 53 5
238168 60 9
239197 77 9
239876 95 10
240448 84 8
240697 69 10
241253 106 13
241427 80 7
241531 66 12
241675 61 7
241750 62 10
241856 66 4
241957 60 9
242235 80 3
242322 60 3
242379 81 10
242505 44 2
243259 87 12
243311 43 6
243369 77 10
243900 63 2
244213 75 9
244219 73 8
244624 41 1
244762 75 3
245072 69 6
245461 92 12
245506 69 9
245701 47 7
245722 39 7
246122 55 11
246593 73 7
246642 81 13
246664 96 12
246682 83 11
246711 89 3
246837 75 7
246895 98 11
247365 79 6
247414 69 6
247944 72 1
248469 64 5
248958 72 3
249132 92 4
249325 63 6
249643 108 16
249709 75 13
249745 52 10
249878 72 12
249906 84 14
250000 119 7
250022 109 9
250042 96 6
250099 85 7
250121 49 6
250164 81 7
250200 79 6
250212 84 6
250330 72 9
250719 49 3
250775 86 10
250791 85 11
250798 90 12
250805 90 12
250981 65 8
251039 77 6
251078 73 3
251125 82 6
251223 92 7
252111 45 1
252249 56 7
252500 73 9
252581 83 9
252608 78 4
253601 67 6
254173 78 6
254541 113 4
254546 113 4
255268 72 4
255286 83 4
255330 78 5
255477 91 3
255482 80 4
255769 84 2
255949 81 2
256182 71 4
256366 83 5
256450 71 5
256564 103 7
256633 77 9
256726 100 6
257011 78 2
258490 75 2
258590 95 5
258813 77 4
258873 78 7
259002 70 8
259072 60 5
259084 65 4
259167 84 7
259223 104 8
259638 80 7
259826 114 9
259938 68 4
259989 85 2
260324 104 5
260349 92 7
260466 74 1
260624 95 3
260636 90 3
260656 99 4
260727 79 2
260800 77 2
260877 63 3
260965 71 6
261265 72 8
261290 65 5
261398 83 7
261661 57 1
261669 52 1
261941 67 4
262216 69 4
262496 68 4
262697 86 6
263186 77 7
263270 65 8
263308 84 9
263375 79 4
263482 65 1
263506 78 1
264024 62 14
264266 65 18
264508 39 9
265064 58 13
265248 65 9
265753 98 20
266402 88 13
266445 76 18
266553 52 13
266561 41 11
266719 83 12
266914 52 13
267012 66 7
267083 53 9
267142 72 9
267254 64 17
267305 56 11
267346 60 12
267368 57 10
267386 70 11
267464 65 14
267542 78 16
267557 65 17
267572 69 16
267678 74 9
267962 58 9
268058 75 20
268416 67 14
268421 64 14
269224 66 19
269294 46 8
269759 43 6
270391 70 13
270431 64 13
270451 77 14
270605 55 9
271015 34 9
271382 69 12
271470 76 12
271717 52 8
271747 56 11
272194 54 11
272292 95 9
272766 60 9
272787 77 12
273038 66 10
273241 64 6
273298 71 17
274119 55 13
274295 59 11
274881 26 3
274911 41 9
274989 81 12
275294 70 7
275684 90 30
275711 90 18
275816 52 9
275933 76 15
276299 73 6
276593 81 15
277167 70 12
277470 72 18
277501 59 17
278800 72 17
279140 82 19
279750 87 15
280254 52 5
280414 71 6
280751 65 8
281067 73 13
281240 62 8
281527 90 6
281688 60 9
281693 57 10
281897 70 10
282066 75 10
282181 58 13
282611 58 8
282894 61 16
283160 66 13
283334 58 9
283380 68 13
283389 75 12
283400 83 15
283412 79 16
284055 74 11
284588 77 10
284712 56 20
284881 44 8
284913 71 20
285004 70 16
285619 79 10
285632 96 14
285640 91 12
286959 79 17
287178 70 25
288065 89 22
288314 83 19
288496 64 16
288696 84 15
288843 71 15
289094 60 21
289269 53 7
290768 79 19
290869 59 14
290951 69 11
291635 83 18
291752 62 21
291856 70 13
291995 45 9
292221 37 12
292323 54 12
292496 53 17
293028 93 19
293332 37 13
294543 66 11
294620 61 18
295089 58 19
295388 29 16
295784 34 12
295922 79 18
297175 69 24
297460 57 13
297686 49 9
298043 55 18
298332 70 17
298385 72 9
298522 67 19
298590 81 15
299208 95 14
299948 57 12
300305 71 26
300827 77 21
300890 67 20
301601 68 16
302264 59 14
302477 53 15
302938 54 11
303027 50 20
303276 73 23
303378 53 14
303476 69 20
303988 44 7
304007 42 11
304072 61 14
304735 68 16
304783 82 12
304846 75 19
305041 46 14
305077 61 17
305350 42 13
305395 55 20
305509 77 18
305530 82 14
306434 23 5
306467 27 6
306496 41 9
306537 66 14
306707 59 20
307197 64 14
307256 64 11
307998 67 10
308063 59 15
308782 64 13
308947 76 9
309064 94 24
309826 57 14
310132 53 11
310477 54 21
310615 56 14
311312 71 20
311353 78 17
312364 54 11
312637 67 12
312647 76 12
312697 66 13
312775 56 6
313242 80 30
313297 84 19
313345 67 8
313531 103 20
313536 104 26
313581 74 24
313611 76 13
313617 82 14
313884 54 19
313998 79 15
314053 59 20
314067 66 17
314099 76 18
314171 75 19
314189 71 19
314304 39 10
314321 55 21
314369 57 23
314425 71 28
314504 64 20
314526 48 20
314543 41 14
314557 47 16
314574 56 20
314609 71 16
314659 69 13
314797 68 32
315286 53 21
315456 54 19
315488 76 25
315586 78 27
315787 81 23
316366 41 22
316519 60 11
316531 42 11
316675 79 23
317187 26 16
318062 54 20
318922 60 21
319154 64 17
319277 65 16
319332 70 19
320478 63 10
320560 62 19
321007 44 16
321231 52 16
321369 58 20
321396 65 18
321593 65 13
321618 60 10
321708 65 15
321902 62 15
322278 66 18
322709 58 11
322729 83 16
323478 68 19
323541 74 25
323625 85 18
323703 61 17
324393 98 32
324689 60 20
325510 59 18
326472 30 49
326637 18 41
326748 38 57
326803 26 44
327272 36 34
327378 37 39
327995 30 43
328464 40 50
328670 45 56
328779 36 31
329591 34 40
329714 41 37
329798 46 41
329942 42 49
329981 41 48
330873 59 61
331798 34 35
332500 40 37
332922 42 37
333809 29 43
333908 29 38
334197 15 62
334513 10 69
334594 13 64
334625 7 49
335240 9 78
335260 11 88
335375 13 70
335381 10 78
336696 7 50
337791 19 63
338274 11 72
338281 13 70
338331 22 59
338336 22 57
338865 21 59
340084 20 69
340360 26 79
340380 22 79
340879 15 42
341611 22 62
342250 24 62
344090 31 95
344371 14 56
344582 29 63
345149 17 67
345833 21 66
346038 24 73
346351 32 87
346610 27 86
346631 26 67
346754 14 60
346763 15 63
346823 17 68
346931 11 50
346973 14 71
347052 27 61
348029 17 70
348147 17 69
348202 20 64
348355 21 87
348472 14 69
348516 16 59
348556 19 67
349044 18 64
349076 28 70
349772 29 90
349790 31 88
350197 25 52
350214 25 69
350219 24 63
350479 21 62
350747 13 83
350774 11 85
351134 21 69
351251 12 45
351602 23 61
351737 10 59
351783 15 68
352367 28 85
352404 22 64
352473 23 79
352767 17 67
352773 17 66
353304 15 52
353318 14 47
353589 11 60
353652 9 68
353994 28 82
354028 21 93
354136 12 32
354180 19 68
354300 30 105
354310 30 118
354327 27 99
354420 14 53
354477 20 73
354493 12 56
354531 21 66
354917 16 63
354962 18 56
355752 15 69
356226 26 98
356234 27 91
356879 21 78
357686 30 57
358123 14 60
358697 19 64
360133 13 35
360187 12 52
360223 22 63
361332 20 78
361361 17 61
362321 30 87
362343 27 89
362379 18 66
362424 18 72
362453 16 68
362500 21 58
362523 23 75
362535 21 73
362555 20 66
363051 20 65
364151 19 59
364191 11 66
364201 11 67
364640 18 50
366198 11 47
366554 20 83
366820 15 54
367607 13 94
369232 29 67
369649 15 63
369660 14 57
369688 18 70
369850 17 74
369932 15 50
369949 15 47
369991 17 55
370148 12 73
370412 25 87
371446 22 57
371512 26 96
371946 17 56
374783 24 70
375172 18 42
375189 20 48
375321 22 48
376194 34 42
376325 49 41
376496 46 39
376575 47 43
376617 44 41
377006 45 34
377146 40 33
377928 35 34
378234 37 39
378389 63 48
378435 39 38
380003 70 7
380188 94 2
380290 77 4
381547 51 30
381852 60 40
382211 55 22
382969 37 37
383163 35 22
384706 68 51
385707 51 34
385966 47 27
386624 28 28
386644 25 25
386703 33 26
386785 48 40
386830 61 43
386888 44 27
387170 80 48
387327 47 24
387333 47 25
387889 44 26
390307 55 43
390685 45 21
390782 60 40
391155 60 24
391215 46 26
391631 48 26
391638 48 26
391824 53 33
391882 44 34
392425 47 34
392982 51 33
393672 31 24
393704 36 29
393973 38 27
394187 14 7
394464 46 31
394557 40 40
394757 39 35
394770 52 38
394889 46 39
395127 41 29
395194 36 22
395367 33 28
395783 43 34
395827 51 29
396457 45 32
396490 58 33
396561 36 32
396636 43 32
396649 58 39
397058 52 52
397190 56 40
398770 45 25
398800 52 33
399512 60 53
399595 69 35
399680 39 33
399720 43 35
400108 54 37
400951 27 29
401158 16 24
402434 42 32
402469 43 37
402514 51 36
402657 45 49
403247 49 41
406331 40 28
406610 23 20
406702 27 36
406749 25 27
406900 26 25
407052 30 36
407135 46 45
407539 52 32
408097 44 32
408264 47 37
408329 43 40
408821 47 30
408830 48 37
408835 52 39
408933 53 45
409067 49 30
409288 37 39
409420 49 51
409636 48 38
410591 51 40
410636 48 42
410864 41 24
411344 64 44
413010 34 29
414358 52 30
415184 48 45
415200 51 45
416292 44 37
416435 31 19
416628 57 25
416658 53 32
416690 43 34
416696 32 34
416929 44 39
417041 51 49
417502 33 34
417862 54 43
417904 34 20
418982 63 46
419095 45 44
419218 31 26
419320 57 49
419468 55 40
419768 43 31
420289 59 36
420313 45 28
421187 45 35
421265 48 33
421495 46 38
421706 34 40
421910 64 44
421991 47 60
422327 42 48
422583 39 38
422639 48 55
422717 50 33
422979 40 44
423594 65 40
423876 60 53
423928 51 51
424532 49 53
424553 61 59
424710 21 30
424753 19 41
424887 44 41
425007 34 32
425676 49 45
426222 49 42
426257 56 55
426584 35 28
426621 30 35
427413 56 42
427687 53 52
428550 54 45
430105 63 51
430300 43 44
430726 63 38
430911 78 43
431001 33 36
431123 27 44
431721 31 41
431778 32 40
433496 41 31
433580 78 43
440356 35 41
440385 38 38
440403 36 40
440410 40 34
440451 45 35
440463 40 31
440481 32 32
440655 63 38
440942 53 41
440951 56 44
440968 54 46
440974 56 44
440992 42 42
441072 63 41
441157 71 52
441237 52 48
441318 52 46
441493 44 28
441582 39 31
441639 56 38
441716 61 53
442085 70 61
442137 66 39
442197 59 31
442240 57 24
442602 47 51
442682 44 41
443398 47 36
443780 33 24
443831 31 22
443836 30 26
444006 50 40
444038 62 42
444086 55 36
444103 50 39
444318 42 53
444363 36 44
444652 43 30
445555 59 34
445585 66 35
446689 42 40
446836 48 36
446977 65 54
447017 45 34
447027 41 44
447037 47 47
447051 41 36
447120 47 27
447707 47 36
447898 37 45
447997 53 46
448058 41 36
448073 34 33
448357 56 39
448481 23 38
448664 9 47
448921 3 14
454922 29 49
454951 35 53
455025 28 31
455037 25 22
455103 41 25
455110 43 29
455139 40 26
455269 52 34
455397 69 40
455840 40 41
457679 54 36
457786 52 33
457825 52 45
458505 30 26
458857 37 35
458936 53 47
458994 48 43
459116 30 27
459215 44 35
459533 37 34
459737 56 48
459917 54 57
460080 33 42
461157 62 49
461336 49 37
461474 53 31
461701 45 41
461886 53 38
462270 43 32
462771 47 37
463001 34 38
463185 71 45
463284 45 29
463815 78 50
464060 51 30
464352 48 31
464946 52 41
465027 44 34
465081 46 35
465105 39 40
465199 63 45
465204 58 43
465240 39 37
466240 37 33
466548 49 36
467441 65 32
468815 70 33
469353 71 43
469386 96 51
469432 70 44
469471 34 33
469526 50 44
469998 59 50
470208 39 29
470332 63 50
470428 64 45
470875 56 33
470965 46 26
471468 57 50
471910 48 50
472003 36 26
472441 53 48
472745 64 53
472930 49 39
473106 42 32
473400 54 39
473416 46 42
473456 37 35
473491 52 35
473608 57 38
473867 54 31
473974 59 27
474020 51 40
474154 22 23
474163 19 22
474404 34 40
474511 40 28
474541 31 23
474637 59 54
474668 67 39
474895 58 34
475422 64 34
476448 60 23
476791 71 39
476823 68 28
476964 51 31
477003 48 34
477165 59 34
477362 44 34
477476 46 50
477652 30 36
478059 39 46
478144 52 54
479226 40 27
479241 41 27
479397 46 46
479628 46 43
479676 57 50
480008 53 49
480102 27 34
480789 45 49
480826 39 49
481233 36 37
481350 25 63
481413 34 42
481493 52 47
482709 41 77
482841 51 51
482990 38 65
483036 39 68
483042 39 55
483246 51 36
483579 28 40
483816 32 31
484290 52 65
484926 37 51
485040 43 66
485055 36 62
485061 38 61
485463 38 58
485571 43 66
486165 46 51
487020 34 47
487474 46 53
487960 37 31
488103 26 35
488637 32 39
489078 32 54
489201 49 63
489318 53 64
489414 46 60
489681 30 32
489707 30 39
489815 43 55
489914 64 56
490209 65 81
490396 36 41
490474 48 56
490539 48 72
490603 46 52
490672 42 42
490738 36 40
490786 43 49
490831 45 50
490846 34 41
491200 49 59
491365 37 55
491499 51 61
492019 53 66
492193 35 73
492325 51 49
492391 40 40
492537 56 65
492744 19 62
492791 13 56
492885 27 42
493055 37 75
493218 51 69
493548 31 45
493688 50 70
494674 48 65
494679 49 66
495115 8 66
495261 52 51
496037 61 57
496140 45 45
496483 31 27
496777 44 58
496914 12 14
496961 40 29
497066 20 24
497341 25 44
497361 22 39
497424 18 51
497725 21 51
497731 12 45
497828 22 38
498016 48 64
498504 37 49
498605 71 72
498612 70 68
498664 34 53
498692 27 35
499277 56 52
499303 46 46
499407 49 46
500099 60 51
500495 35 64
500600 44 49
500825 47 44
500858 45 38
500939 46 47
500973 38 42
501008 47 42
501065 55 45
501095 42 56
501379 57 52
501458 36 38
501686 30 35
501809 60 65
501907 51 58
502025 59 55
502199 78 22
502628 68 17
502652 71 14
502697 44 7
502796 59 14
502825 71 16
502838 75 22
502909 63 23
502967 39 15
502985 57 18
503097 74 18
503107 67 18
503140 65 15
503245 70 17
503317 87 26
503352 83 24
503374 73 13
503402 85 17
503559 78 29
504007 83 32
504045 78 30
504366 69 20
504432 53 24
504699 86 19
505323 81 23
505521 65 23
506166 82 31
506313 56 17
507120 47 30
507157 57 33
507280 55 15
507318 68 28
507861 67 18
509035 68 15
509423 72 26
510164 59 26
510426 80 36
510438 79 35
510643 60 29
510915 48 18
511293 99 23
511500 86 27
512254 82 34
512260 78 29
512563 75 28
513073 70 22
513334 63 23
513640 81 19
513871 101 28
513961 56 19
514106 100 29
514205 89 28
514570 57 26
514612 77 31
514750 55 22
515020 70 21
515533 83 24
515701 77 22
515725 59 16
516758 81 33
516763 86 34
516829 87 27
517192 83 25
517231 73 19
517653 72 32
517858 91 33
517876 68 27
518469 74 32
519905 64 28
519977 70 25
520424 54 23
521105 62 16
521144 69 14
521207 65 29
521291 90 23
523011 48 16
523191 63 20
523272 62 20
523285 57 23
523308 59 21
523329 77 30
523749 73 24
524070 87 15
524178 70 22
524433 78 24
524593 85 19
524729 102 16
524788 66 15
524938 99 25
526611 96 23
526749 76 30
528114 88 19
528496 58 21
529551 90 24
530416 108 26
530512 56 21
530559 51 21
530584 60 17
530788 71 16
531552 74 23
532054 85 15
532291 76 22
533079 72 19
533439 85 16
533879 89 20
534025 52 12
534354 78 18
534425 89 29
534469 80 24
534875 99 22
535202 51 18
535244 74 21
537541 80 28
537688 72 19
537714 81 18
537742 73 19
537842 86 20
537934 72 17
538251 52 19
538697 80 28
538817 54 12
538994 100 42
539141 85 16
539198 64 12
539511 68 19
541295 74 18
541493 64 19
541508 68 17
541517 73 18
541595 68 11
541702 73 27
541841 97 22
542756 55 17
542903 87 22
543984 36 21
544626 66 21
545226 21 12
545889 63 16
545907 71 17
546174 81 28
546837 96 24
547034 83 19
547338 91 19
547468 49 18
547600 98 18
547786 78 18
547900 98 17
548014 80 22
548065 72 15
548188 86 19
548361 84 22
548407 80 10
548436 72 16
549060 85 23
549610 80 4
549883 100 8
549890 108 7
549926 86 7
550188 126 6
550454 129 10
551379 85 6
551461 82 5
551487 100 4
551679 103 4
551793 74 4
552500 66 7
552539 103 6
552622 110 6
552833 56 6
552972 96 6
553102 79 7
553110 88 9
553129 87 11
553194 89 8
553209 94 9
553262 91 14
554028 78 12
554170 47 5
554188 55 7
554289 129 10
554722 59 9
555520 75 11
556126 108 6
556576 90 8
556648 138 6
556817 105 7
557163 117 6
557488 65 7
557620 83 12
558330 62 3
558372 78 8
558558 96 15
558603 62 8
558634 63 3
558795 80 6
559062 106 9
559161 84 5
559382 92 7
559413 112 7
559461 83 5
559582 95 5
559610 89 5
559716 75 10
559828 75 4
560136 97 2
560193 83 3
560232 92 8
560258 101 10
560566 104 6
560630 122 7
560739 111 15
560765 68 37
560837 97 8
560885 122 8
560921 105 9
561671 89 10
561688 102 11
561705 99 13
561968 118 8
562021 102 4
562130 102 6
562186 71 7
562220 65 5
562279 116 5
562332 99 9
562392 88 8
562433 74 8
562735 83 9
562795 104 8
563154 108 8
563168 101 9
563695 98 9
563780 125 10
564158 85 7
564224 76 6
564264 111 8
564350 107 11
564794 87 9
564820 73 8
565085 112 11
565418 101 7
565983 93 14
565997 90 15
566111 120 7
566213 55 3
566530 59 3
566720 94 6
566899 99 8
567177 85 7
567232 93 4
567337 97 10
567439 108 5
567962 105 8
568385 38 10
568393 46 11
568492 30 5
568505 25 7
568512 20 7
568891 7 8
568903 4 11
568925 8 11
569141 2 16
