474 5 31
1187 21 97
1433 12 58
1448 10 59
1639 7 39
1718 9 81
4032 12 79
4065 13 82
4466 12 98
4960 8 52
5114 13 106
5415 9 70
5593 13 95
5623 14 84
6955 12 84
6984 13 89
7945 14 109
10841 16 105
12615 9 81
13091 13 84
13427 13 108
14287 13 62
14602 25 73
14702 24 98
14750 24 96
15024 24 62
15279 21 64
15322 15 59
15358 14 52
15424 23 39
15466 22 52
15620 20 67
15635 19 68
15825 23 75
15881 24 69
16236 11 70
16291 14 63
16433 25 105
16439 25 109
16565 19 76
16570 19 72
16616 19 60
16623 15 64
16639 18 57
16651 21 59
16726 30 119
16870 27 77
16902 33 94
16911 34 101
16921 32 103
16932 29 102
16967 23 86
17074 31 85
17092 31 93
17138 23 97
17266 18 98
17317 21 90
17324 23 79
17999 19 56
18298 20 71
18343 18 72
18541 21 82
18613 24 74
19000 13 72
20040 24 100
20954 22 82
21014 19 55
23664 31 88
23696 24 87
24340 23 76
24695 15 77
24979 23 90
25177 18 84
25204 20 84
26098 28 88
26151 24 50
26215 18 70
26500 14 96
26566 25 95
26713 14 79
27287 25 85
27307 22 83
28021 40 83
28815 22 68
29013 31 93
29153 30 84
29216 28 126
29706 14 56
29836 14 48
29964 18 77
30643 22 89
30741 20 80
31397 24 96
31954 17 104
32430 21 89
32498 22 79
32624 28 66
32633 27 75
32687 17 91
33912 24 97
34179 27 107
34217 30 101
34241 33 108
34284 17 61
35011 21 65
35038 20 91
35179 19 71
35251 26 69
35357 19 82
35381 16 64
35467 20 84
35542 21 74
35812 24 105
36196 44 107
36388 17 75
36445 21 83
36705 33 103
36725 26 93
36799 18 76
37945 16 71
38054 14 75
38314 16 64
38736 20 80
38765 12 60
39314 26 83
39804 15 53
39860 22 78
40781 8 48
41049 20 78
41173 22 85
41223 21 100
41607 14 72
41640 16 53
41706 27 91
41834 18 90
42153 10 86
42354 22 77
42524 22 90
42922 25 82
42978 26 95
43098 13 64
43308 12 65
44942 25 55
56553 12 101
57037 8 71
57127 12 96
57479 15 95
57788 15 82
57847 12 94
60900 11 76
63510 10 77
63825 13 110
63894 13 83
66204 12 96
71826 12 94
71845 10 88
75208 13 102
75355 9 75
76325 6 42
79998 8 71
80957 12 83
81136 10 78
81205 12 102
87848 7 57
90074 31 72
90153 29 73
90241 22 53
90424 29 80
90455 21 74
90538 23 33
90830 30 79
90948 32 53
91004 27 55
91310 22 55
92189 24 44
92358 15 66
92610 21 75
92862 24 72
93411 29 72
93516 23 49
93543 25 55
94038 20 43
94165 27 53
94689 32 62
94792 39 96
95518 10 60
95782 9 49
101746 8 71
106248 47 62
112894 11 78
113904 9 72
116009 9 77
117327 7 52
120390 9 78
120814 12 81
120981 9 78
122259 12 79
122493 8 69
122679 13 107
123294 13 94
123567 11 87
123816 7 58
125845 14 101
126297 13 107
126390 18 88
127160 12 99
127760 11 65
129347 12 108
131306 14 101
132101 14 62
133875 16 116
134791 11 97
135114 7 62
135130 7 60
135164 6 53
135321 7 63
135383 4 16
135623 12 60
135893 12 95
136133 9 75
136373 12 107
136418 17 104
136863 9 78
136936 11 77
137263 11 72
137569 12 81
137723 14 91
137756 12 100
137860 15 92
139322 9 79
139335 9 77
139405 12 89
139434 11 87
139527 10 82
140140 12 84
140185 11 57
140938 9 67
141745 12 94
144037 8 69
144109 9 76
144232 12 82
145960 8 72
147278 10 88
147611 12 96
147878 12 87
149195 6 48
149294 9 68
149666 4 28
150217 15 73
150505 12 80
150895 13 86
152956 13 71
152971 14 81
153187 14 91
153506 12 96
153529 11 89
153853 12 76
153990 15 81
154770 6 54
155514 10 88
155931 14 118
156313 11 98
156774 12 71
157907 10 83
158510 10 72
158516 10 71
159451 14 95
159832 10 77
160478 8 68
161427 11 82
161809 13 61
164434 11 90
165376 21 77
165390 18 78
165532 9 55
165552 8 54
166380 16 119
166801 9 77
167121 12 77
167222 16 109
167726 10 72
167792 10 77
168948 37 35
169500 59 51
169557 46 50
169581 31 39
169594 27 29
169923 47 30
170269 46 39
170815 36 32
171812 50 45
173426 26 42
175143 48 46
175209 35 30
175860 39 35
176343 34 40
176392 32 40
176488 49 52
176917 52 32
178421 46 53
178496 45 47
178517 47 40
178652 41 38
178818 35 53
178850 38 54
179117 43 44
179238 40 47
179451 47 50
179487 58 41
179538 52 50
180310 41 50
180419 45 48
180550 53 43
180564 44 39
180720 40 44
181058 47 39
181737 58 46
181877 38 35
182168 35 48
184729 44 31
185161 47 65
185560 46 51
185807 36 44
186013 36 31
186018 47 39
186756 37 31
186767 35 35
186946 50 38
186955 47 31
187055 43 46
187445 36 38
187539 45 53
187763 42 45
187832 47 49
187892 40 42
187910 39 40
187940 39 38
188033 53 52
188323 47 43
188667 34 36
189255 36 63
189693 35 38
189995 38 46
190032 43 40
190887 31 44
191034 35 39
191067 36 53
191403 40 37
191547 38 35
192131 40 30
192172 41 47
192234 43 38
192371 39 33
193466 37 39
193478 39 41
193585 40 32
193740 45 56
193951 63 50
193999 72 59
194312 60 52
194395 66 51
194448 48 43
194990 41 53
195197 46 42
195504 42 61
195542 33 64
195590 64 46
195764 38 40
195974 47 37
195993 50 38
196644 59 41
196667 60 46
196691 49 49
196781 47 33
197350 36 43
197530 60 44
197807 49 53
197833 41 45
198317 62 74
199081 43 30
199089 41 31
199194 32 34
199247 66 47
199645 54 66
199887 54 45
200598 28 43
200634 23 46
200649 24 51
200817 29 35
200996 32 38
201033 45 27
201309 19 15
201503 13 13
201662 29 16
201763 14 22
201809 21 26
201819 25 34
202003 41 48
202070 31 45
202317 51 44
202365 64 55
202387 58 46
202426 39 32
203503 47 33
203519 47 31
203581 37 32
203632 41 44
203731 48 44
203743 52 61
203802 24 43
203998 36 38
204031 37 38
204254 46 38
204313 35 41
204462 44 41
204593 50 47
204599 51 48
204626 47 44
204754 29 21
205266 56 33
205276 55 32
205305 44 41
205610 34 45
205721 35 56
205844 35 42
206093 60 49
206351 35 38
206930 42 36
207623 33 35
208296 30 32
208867 22 28
209286 46 36
209292 49 42
209655 34 54
209865 42 47
209892 41 52
210307 23 49
210325 26 42
212148 33 23
212457 28 38
212540 54 62
212852 38 37
212879 63 51
212909 58 54
213395 26 44
213572 41 43
213588 32 40
213650 43 41
213674 41 45
214040 46 40
214082 51 44
215291 38 34
215837 44 38
218236 42 56
218485 35 43
218701 33 36
218787 52 42
218824 48 32
218938 52 35
219304 48 38
219742 48 46
219754 45 44
219766 63 36
219802 46 41
219826 47 43
219835 45 38
220702 18 18
221254 33 21
221634 37 43
222102 40 41
222186 47 41
222225 41 38
222372 43 37
222405 37 27
222480 32 36
222923 47 53
223642 60 69
223743 45 47
223780 22 36
223846 31 35
223859 49 40
223882 50 52
223902 51 57
223940 42 60
223946 42 59
223969 47 57
224001 42 43
224155 35 30
224227 36 43
224260 38 37
224599 49 61
224794 45 30
224837 39 28
225224 55 53
225446 45 32
225610 58 41
225683 56 43
225772 46 26
225848 44 34
226297 53 39
226309 53 35
226424 47 46
227311 40 49
227552 46 55
227873 48 34
228058 61 32
228085 49 30
228137 26 30
228877 47 32
228904 57 42
229012 54 55
229134 53 33
229233 38 43
229362 45 37
229699 38 44
229753 49 46
229778 53 44
230001 54 39
230439 36 43
230738 55 47
230796 43 32
231283 64 37
232053 45 30
232271 26 37
232333 26 40
232656 48 51
233509 41 33
233558 28 30
233761 47 36
234113 51 33
234128 50 31
234308 53 65
234665 46 40
234983 59 44
235196 63 49
235295 37 37
235583 37 48
236362 69 50
236449 36 23
236700 42 50
236894 32 40
237296 46 50
237455 41 39
237542 40 38
237638 51 47
237749 39 26
237773 38 25
237803 37 25
237899 44 39
237941 49 43
238154 43 33
238361 42 40
238935 50 48
239033 55 49
239489 39 51
240092 38 38
240547 34 40
240623 26 34
240856 38 50
240926 61 57
240934 49 42
241366 43 54
242850 40 62
242920 39 34
243172 39 38
243365 32 45
243375 30 45
243398 32 42
243767 35 35
244381 48 35
244703 64 43
245106 36 34
245220 45 31
245241 39 41
245356 37 47
245839 49 53
246673 83 18
246904 66 22
246993 64 31
247031 75 30
249160 59 26
249443 65 34
249464 51 26
249526 44 18
249536 33 21
249551 35 20
249586 48 29
250218 33 14
250293 33 4
250775 80 17
250920 64 21
251254 57 15
251285 61 27
251336 51 30
251578 56 25
251642 69 33
251702 52 17
252116 58 26
252225 52 26
252286 55 25
252483 65 25
252495 66 25
252631 64 22
252730 81 31
252879 57 28
253274 57 31
253691 66 23
254289 59 26
254319 77 25
254331 57 15
254500 66 29
254775 51 19
256491 66 16
256568 55 12
257106 66 23
259555 71 21
260502 44 14
260687 63 18
261061 42 8
261815 69 23
262271 52 13
262481 56 14
262598 56 16
262881 84 28
262923 78 31
263304 68 21
263715 89 25
263730 85 20
264186 55 17
264503 59 16
264753 55 15
264792 54 19
265336 54 18
265516 69 25
265676 53 15
265778 55 27
266604 52 17
266737 51 19
266853 79 23
266942 74 22
267249 60 9
268415 55 40
268826 61 18
268988 59 29
269024 63 18
269030 78 16
269294 47 20
269299 50 18
269930 53 21
270187 45 13
270408 63 18
270657 48 17
270784 62 31
271710 30 55
271752 25 47
271860 26 63
272016 23 63
272154 42 81
272313 16 33
272396 31 68
273110 23 53
273800 21 43
273853 24 47
274014 15 37
274023 16 46
274087 17 58
274293 24 54
274307 19 48
274542 30 69
274647 29 55
274890 28 78
274941 24 59
275242 24 59
275522 26 78
276286 32 73
277935 17 59
278112 15 43
278211 45 81
278283 22 58
278379 23 57
278700 15 53
279063 34 58
279074 25 49
279142 21 61
279384 22 38
279681 18 46
279701 9 40
279718 17 48
279737 21 52
280937 20 73
280952 23 63
281024 24 43
281162 9 27
281226 19 59
281267 29 64
281278 34 66
281297 30 42
281321 29 36
281624 32 58
281689 20 46
281858 18 71
281906 29 66
281934 42 63
281975 30 44
282179 35 53
282212 38 52
282299 19 28
282348 16 28
282362 16 31
282382 15 38
282390 19 39
282785 9 46
283055 11 43
283181 25 53
283191 28 73
283203 29 56
283275 28 59
285095 12 64
285221 6 52
285971 11 59
286192 11 70
286364 15 73
287327 8 57
287753 14 65
288620 12 65
288789 10 69
289471 8 55
289882 13 80
290335 12 73
290814 10 47
291223 8 50
291265 8 65
291280 16 75
291295 17 61
291407 9 71
292102 21 108
292685 11 72
292923 16 80
293243 14 106
295675 10 70
296132 11 90
296425 9 56
296782 6 47
298540 11 69
301426 12 83
303632 11 60
305116 39 43
305274 43 67
305490 28 55
305533 35 62
305670 21 42
305676 19 42
305781 32 48
305850 22 36
305987 28 47
306330 21 53
307099 33 53
307816 21 45
308028 22 73
308222 16 49
308615 24 48
308748 26 49
308897 24 41
309089 27 68
309269 28 50
309356 20 52
309369 20 59
309698 40 50
310549 27 58
310558 32 68
310828 26 55
311020 21 73
311908 20 53
313391 26 38
313446 23 46
313501 29 50
313521 34 58
313537 33 57
313547 31 54
313675 18 40
313868 28 57
313883 20 51
313990 27 64
314038 31 80
314066 26 56
314101 31 61
314225 19 41
314339 26 40
314356 22 48
314371 20 44
314378 21 44
314475 35 72
314498 36 57
314694 27 51
314746 32 61
315003 25 45
315252 16 41
315352 19 39
315409 29 62
315491 20 52
316024 9 32
316211 21 44
318037 6 19
318222 16 54
318244 14 42
318617 30 64
318644 35 76
318684 34 74
318720 28 54
318928 27 59
319088 29 41
319143 27 31
319172 39 56
319196 36 61
319238 28 57
319245 36 52
319461 21 63
319520 31 44
319605 17 54
319678 20 48
319779 38 66
319810 21 46
319860 21 57
320097 29 74
320124 33 60
320463 33 38
320484 23 41
321155 31 47
321534 18 51
321565 25 59
321765 23 58
321808 16 42
321850 16 45
322352 22 40
322378 32 61
322426 29 57
322578 25 51
322593 29 58
322747 31 62
322943 29 75
323034 19 42
323089 28 64
323141 26 51
323237 25 50
323279 26 56
323292 29 51
323477 35 65
323763 23 61
324023 22 48
324043 22 46
324088 32 58
324292 39 53
324754 19 44
325603 31 59
325836 42 67
327259 29 54
327432 37 55
327940 19 46
327973 29 58
329032 31 62
329086 34 48
329306 25 67
329355 25 50
329533 25 43
329553 31 54
329592 27 60
329618 17 51
329639 17 45
329669 17 51
329816 38 49
329903 24 40
329914 27 52
329936 27 43
330318 29 66
330341 31 56
330395 20 36
331096 13 34
331109 18 41
331115 22 47
331544 24 75
331688 19 61
332039 19 42
332271 27 72
332340 38 70
333047 30 61
333181 20 42
333191 22 47
333203 29 50
333517 22 48
333574 31 60
333856 29 49
333922 29 50
333939 30 46
334530 25 42
334885 20 53
335078 20 55
335218 31 50
335424 36 66
335527 29 39
336539 27 56
336583 25 52
336677 25 40
336712 31 48
336765 29 50
336944 25 49
337085 25 48
337151 31 56
337169 38 62
337251 23 54
337409 27 71
337869 24 74
338003 22 49
338381 30 65
339042 22 45
339146 40 37
339360 31 59
339741 21 54
339750 22 56
340461 12 32
340663 16 24
340687 17 25
340917 22 38
341087 29 45
341120 30 48
341582 33 55
341857 33 48
342029 33 43
342322 54 53
342744 30 43
342844 28 48
343813 32 46
344397 40 52
344592 32 51
344710 33 43
344855 25 29
345271 46 60
346408 51 39
347016 24 40
347181 35 70
347311 17 31
347477 33 67
347482 34 61
347592 33 34
347637 23 33
347756 39 45
347775 40 49
348593 22 34
348869 30 51
349179 22 39
349220 36 48
349487 25 42
349845 20 40
349913 30 51
349926 37 52
349935 35 44
349972 35 34
350012 18 44
350612 33 49
351043 63 20
351098 76 22
351335 40 17
351955 48 15
352329 66 23
352476 31 10
352609 47 31
353010 64 16
353283 56 24
353705 41 20
353973 64 23
354138 64 20
354579 55 20
354750 45 19
354885 81 36
354982 61 21
355607 57 22
355676 72 22
355688 71 19
355757 51 16
356063 33 13
356285 56 22
356558 41 16
356564 49 18
356587 44 12
356633 81 24
356716 49 14
356822 43 14
356846 51 16
356861 57 22
356945 62 10
357234 41 17
357321 58 20
357345 53 15
357591 42 19
357897 52 32
357963 43 20
358047 54 15
358104 68 24
358669 50 21
358704 48 22
358752 47 22
358766 54 25
358933 25 15
360077 54 21
360215 55 20
360480 42 21
360579 55 17
360830 71 20
360908 40 21
360916 43 22
360960 38 20
361021 72 26
361058 71 24
361271 48 21
361351 51 19
361358 51 23
361385 42 14
361419 32 14
361569 36 9
362220 48 16
362477 58 12
362742 61 27
363125 49 16
363179 69 20
363228 67 24
363279 57 26
363314 48 22
363707 55 18
363751 50 23
363815 55 18
363866 76 27
364192 53 22
364276 54 16
364441 58 19
364465 40 20
364537 58 12
364792 45 17
364891 41 27
365037 45 18
365638 41 15
365857 36 14
365985 63 17
366618 40 14
366678 55 22
366952 61 24
367346 46 25
367436 72 20
367598 51 17
367999 44 15
368450 61 19
368522 51 16
368718 48 20
368833 58 19
369095 61 26
369586 54 27
369703 49 26
369717 52 26
370651 46 29
370675 49 27
370714 42 30
370975 44 20
371623 32 15
371997 49 26
372017 64 19
372296 51 16
372366 55 28
372573 78 34
372673 54 26
372846 46 21
373578 53 26
373707 65 17
373787 57 20
374385 59 20
374892 48 22
375042 46 18
375051 46 19
375186 59 20
375220 55 10
375484 61 19
376041 36 26
376716 47 25
376836 49 18
376872 57 20
376878 58 22
376911 50 26
377502 60 17
377738 45 16
378130 50 13
378163 51 17
378193 48 16
378312 71 20
378705 46 10
378759 40 15
378924 37 18
378972 43 14
379653 39 14
379743 55 15
380016 40 15
380223 33 14
380347 65 12
380442 64 25
380607 67 25
380745 71 27
381735 49 15
382446 45 18
382698 63 32
382707 58 30
383512 32 26
383670 28 26
383950 23 36
384053 45 56
384104 34 51
384257 34 38
384505 30 33
384663 33 46
384825 36 37
384921 28 42
385359 37 52
385404 46 56
385423 41 49
385439 41 47
385484 40 40
385564 37 27
385593 41 34
385752 47 45
386352 25 41
386377 26 46
386602 38 33
386738 41 48
386886 40 36
387712 21 39
387721 19 31
387838 29 50
387844 32 50
387949 50 67
387956 44 57
388144 41 45
388291 44 51
388360 30 35
388472 38 53
388480 41 58
388510 42 62
388670 27 44
388686 28 46
389097 33 57
389187 35 32
389248 29 36
389285 30 36
389356 28 53
389614 26 23
389661 43 32
389669 44 32
389704 50 55
389872 33 35
389932 25 31
389961 30 37
389981 39 43
390274 37 33
390324 38 39
390336 39 38
390456 22 24
390474 27 27
390555 31 24
390591 35 32
390604 24 27
390740 21 24
390748 17 24
390784 22 33
390814 29 41
390832 26 43
390892 38 41
390925 35 47
391174 16 47
391300 40 48
391369 26 38
391669 40 40
391813 33 36
391975 32 37
392012 42 41
392165 20 36
392335 22 34
392414 29 37
392634 22 34
392700 27 25
392945 32 22
393732 29 27
393750 29 29
394212 38 49
395149 14 23
396253 34 22
396843 21 34
396942 27 26
397053 10 24
397539 56 50
398667 19 26
398710 32 60
399112 20 40
399131 29 32
399846 34 39
401621 32 39
402306 34 36
402384 43 39
402494 40 38
402503 40 37
403760 35 25
403786 48 35
404865 33 26
405109 50 44
405150 47 52
405244 28 31
405352 40 37
406197 34 28
406409 29 32
406483 37 33
407276 32 41
407539 34 39
407608 25 31
408075 33 35
408267 21 38
408833 43 32
410108 55 29
411132 40 17
411173 52 24
411481 36 13
411631 49 24
412063 61 30
412081 54 25
412102 61 21
412289 53 15
412312 61 17
413033 62 22
413179 60 23
413542 60 29
414810 47 14
415054 18 13
415102 39 26
415121 49 28
415490 40 14
415755 43 24
415983 29 15
416014 34 14
416048 46 14
416861 76 25
416874 65 23
417029 58 20
417208 43 9
417284 57 26
417589 68 21
417745 63 20
418125 59 20
418138 63 24
418149 65 27
418474 54 12
418941 63 25
418992 58 32
419136 50 17
419930 51 22
419959 49 15
420523 65 24
420661 47 19
421074 69 20
421887 55 27
422135 24 18
423079 48 19
423086 50 16
423199 45 19
423251 49 21
423326 52 20
423563 60 32
423590 58 20
423617 54 16
423668 54 22
424307 58 9
424320 70 12
425578 43 5
426136 56 3
426262 58 8
426694 64 7
426709 54 6
427771 69 9
428175 70 8
428238 73 15
429448 76 6
429901 82 8
430375 69 11
430521 52 11
430556 55 6
431023 63 8
432314 49 6
432421 33 2
432551 48 1
432744 39 6
434755 84 8
435104 82 11
435344 71 4
435605 79 9
435665 46 4
435752 63 8
435917 46 43
436137 62 8
436255 59 5
436325 50 12
436664 59 7
436752 78 6
437131 77 11
437280 62 9
437448 77 5
437826 63 8
437937 57 2
438057 53 2
439044 51 9
439209 58 6
439268 69 5
439500 52 5
439530 66 6
439722 80 7
439755 61 10
439823 54 7
440137 69 7
440659 62 8
441271 62 6
441289 81 5
441808 59 2
442201 53 7
442293 52 7
442849 32 28
442891 43 32
442942 34 28
443038 14 54
443212 44 27
443307 30 30
443395 43 25
443521 46 30
443549 46 32
443587 47 25
443653 46 25
444003 36 15
444130 41 22
444155 49 21
444525 45 30
444750 51 18
445104 48 21
445452 49 11
445967 43 17
447067 49 26
447887 37 15
448135 38 25
448765 36 19
448794 42 24
449018 51 34
449383 42 24
449457 38 30
449532 39 26
449573 24 23
450184 43 22
451020 33 20
451185 61 29
451446 44 26
453003 51 20
453140 34 22
453378 26 12
453449 21 11
453525 14 11
453606 29 19
453727 39 22
453824 41 16
454581 40 18
454705 54 17
455370 42 28
455948 50 41
455954 46 33
455966 44 36
456698 46 27
456822 41 32
457106 47 35
457598 70 30
458710 31 11
458730 32 13
458850 59 30
459050 35 16
459371 28 24
459785 32 20
461036 48 18
461084 56 15
461138 43 21
461442 44 24
462805 12 10
462851 43 19
463272 44 31
463302 50 30
463691 36 21
463793 53 26
463889 50 33
464081 44 27
464264 53 29
464657 72 25
464833 37 15
464879 28 14
465323 46 28
465407 37 26
465569 46 24
465635 28 26
466078 56 23
466086 55 21
466374 38 23
466586 51 27
466673 39 30
466769 45 33
467714 18 16
468165 41 29
469301 51 13
469439 70 38
469491 47 27
470579 57 30
472073 51 35
472274 59 30
472307 59 24
472429 57 26
472550 43 22
472582 35 19
473047 50 24
473088 43 23
473354 63 39
473505 57 22
474126 24 20
474873 55 23
475056 58 28
475532 52 21
475545 51 22
475811 40 31
476190 41 36
476715 51 35
476722 50 35
476783 45 29
477977 27 24
478424 49 40
478431 50 38
478611 31 35
478883 27 30
478991 32 38
479067 20 29
479190 30 44
479675 5 11
479769 31 28
481095 21 26
481703 24 13
483500 44 52
483710 27 31
485464 27 43
485519 34 46
485970 19 33
485997 22 41
486123 45 58
488390 21 49
488402 17 45
489423 30 53
489594 11 15
489774 17 31
489798 17 42
490714 10 27
490754 16 36
490785 32 63
490889 21 52
491538 21 46
492296 33 35
492425 37 55
493607 38 50
493722 20 35
494046 23 31
494567 33 36
495110 26 49
495962 40 43
496411 30 41
496551 6 19
496733 23 38
497257 34 49
497329 24 41
497413 29 38
497514 15 35
497912 31 43
497989 29 33
498013 29 37
498213 20 15
498704 19 27
498860 30 51
499094 22 41
499631 27 48
499681 22 37
499761 13 23
500335 25 46
500699 23 46
501176 21 28
501824 47 55
501862 30 42
501919 21 33
501959 25 41
501964 27 38
502220 23 47
502570 10 65
502619 20 38
502964 25 39
504121 22 45
504478 14 30
504518 21 37
504578 24 52
504674 22 36
505106 15 41
505174 33 65
505212 39 73
505800 26 48
505851 18 31
506055 27 35
506861 26 64
506930 24 37
508273 31 51
508287 34 44
508357 30 56
508661 21 49
508710 24 33
508981 28 45
509148 32 47
509370 35 38
509425 31 44
509517 34 49
510328 20 46
510420 26 48
511141 27 35
511220 27 46
511449 20 31
511681 34 56
511782 19 28
512218 9 44
512624 21 21
513034 23 31
513160 36 47
513782 21 46
514669 28 43
514783 38 43
514872 26 36
515108 21 36
515846 31 47
515876 25 35
516078 24 41
516102 25 38
516372 21 43
516456 26 47
516471 24 33
516692 34 45
516880 15 41
516900 26 39
517146 22 34
517385 33 25
517392 39 27
517507 11 20
517538 14 18
517550 16 18
518476 36 34
518487 34 30
520727 37 19
521379 40 13
521446 39 20
521872 40 25
521962 57 32
522722 37 10
522761 31 10
523004 33 10
523121 53 25
523152 48 23
523517 50 19
523749 32 16
523799 11 44
523805 6 52
523817 6 44
524168 35 32
524294 31 20
525268 37 18
525655 65 23
526215 43 15
526525 34 21
527687 43 19
528112 45 19
528726 47 16
528776 53 22
528918 51 25
529036 46 21
529119 57 23
529224 66 22
529357 33 22
529381 31 16
529647 78 22
529831 67 22
529997 58 25
530815 29 15
531024 41 9
531353 24 10
531834 62 26
531922 30 17
531944 35 18
531994 50 24
532684 54 24
533672 40 24
533931 47 26
533949 48 23
533992 51 35
534688 32 17
534717 25 13
535226 53 12
535808 55 17
535955 47 19
536326 42 11
536695 49 23
537203 42 19
537985 52 20
538876 51 11
539017 54 22
539947 33 19
541258 66 17
541424 53 16
541782 33 21
541839 42 14
542409 56 19
543722 50 15
544358 56 21
544393 39 15
545272 47 19
545505 48 27
545523 53 23
545810 59 22
545981 52 10
546054 65 25
546450 48 22
546745 62 19
546764 75 23
546796 58 22
546802 59 20
546813 60 20
546856 37 18
547629 44 16
547811 49 18
547906 45 31
548053 49 12
548269 58 23
549282 92 29
549732 39 23
549850 7 20
554184 4 13
555045 27 0
555098 102 8
555149 49 5
555803 28 20
555942 26 24
556065 31 23
556584 40 21
556884 36 8
556995 55 26
557634 43 20
558148 50 12
558376 41 19
558461 58 17
558585 45 20
558714 37 17
558939 35 14
559120 53 17
559227 55 18
559311 65 19
559381 52 18
559786 49 17
559919 35 13
559934 39 11
559977 57 17
560075 38 18
560648 59 19
560835 55 17
561350 65 19
561415 53 23
561551 59 18
561658 49 27
561710 40 16
561772 39 18
561820 67 22
561869 76 22
562162 59 20
562277 56 23
562406 38 11
562421 36 12
562688 36 15
562761 33 18
562946 50 16
564123 22 11
564154 46 15
564277 36 25
564540 60 23
565285 53 14
565387 65 11
565946 53 22
566125 50 18
566458 47 18
566922 45 21
567034 51 12
567061 58 16
567654 58 20
567886 51 24
567954 44 19
568435 53 21
568549 42 22
568570 47 14
568687 54 25
568849 60 21
568891 45 23
568921 52 17
569203 45 15
569266 53 13
569307 63 18
569498 56 21
569515 58 17
569959 40 22
570041 41 13
570364 47 23
570445 62 21
570577 51 22
571194 20 10
572525 50 20
572954 26 14
573224 43 13
573891 46 26
574115 49 22
574187 36 13
574222 24 22
574456 36 23
574502 44 21
574649 61 22
574994 50 21
575186 50 18
575709 50 22
575789 47 27
575795 45 23
575941 53 16
576011 39 27
576092 40 23
576138 51 20
576233 22 15
576451 40 25
576776 46 26
576818 52 26
576949 35 17
577213 53 23
577667 35 16
577673 36 16
577760 38 21
577826 34 17
577915 41 31
578048 50 23
578055 44 20
578481 63 25
578568 64 16
578585 57 13
578649 47 21
578778 45 21
579261 55 18
580023 37 21
580301 27 17
580337 35 18
580605 28 17
580833 37 27
580991 37 25
581226 63 27
581616 48 13
581716 45 23
582276 38 14
582962 42 18
583476 52 22
583533 46 18
583693 51 24
583781 53 17
584298 47 36
584307 47 33
584427 46 26
584466 47 29
584490 45 21
584538 62 26
584727 47 24
585582 49 22
585768 32 20
585783 34 26
585939 36 16
585991 59 26
586844 56 20
587055 52 26
587499 55 21
587685 67 23
588099 46 21
588119 51 17
588464 62 37
588803 46 18
588827 44 21
588843 39 25
589019 62 17
589387 58 29
589441 54 24
589831 30 17
590047 38 30
590053 38 29
590080 40 30
590256 47 17
590320 38 20
590484 37 18
590686 17 2
590842 27 5
590927 33 15
591088 38 12
591492 42 13
592104 59 16
592855 43 23
593007 36 10
593073 18 3
593254 31 14
593545 61 22
593632 46 18
593824 48 26
594328 43 22
594358 48 28
594748 70 26
594796 51 22
594814 56 29
595237 51 20
595453 37 19
595765 43 16
596002 35 19
596326 52 32
596338 58 40
597082 40 24
597311 55 20
598120 41 13
598225 63 19
598369 45 14
598405 50 20
598767 30 14
599619 43 27
600178 38 25
600247 55 22
600418 35 20
600501 46 23
600532 46 16
600619 39 17
600643 46 13
600769 54 27
600796 36 16
600814 31 22
600832 29 25
600853 28 23
601081 46 26
601294 90 20
601346 66 21
601356 55 21
601443 50 15
601460 51 15
601695 65 31
601781 42 21
601867 45 21
602193 66 19
602212 55 21
602394 60 21
602890 66 20
603310 60 19
603899 38 19
604021 72 19
604135 59 22
605273 47 20
606043 47 13
606120 56 21
606425 47 25
606644 49 17
606760 54 38
607513 47 16
607693 48 14
607945 49 19
608009 34 31
608026 48 35
608604 34 16
608797 8 3
609614 54 22
610112 53 17
611081 37 24
611312 50 24
611382 55 23
612059 40 22
612079 27 15
612095 36 21
612116 50 20
612284 41 23
613533 37 14
613542 35 10
613627 49 19
613992 38 19
614547 55 23
614828 56 19
614953 30 9
615147 54 20
615532 60 33
616022 57 24
616276 52 22
616502 32 17
616715 53 29
616916 41 18
617015 34 17
618250 37 18
618328 48 25
619097 49 24
619685 39 22
619754 61 28
620278 48 21
620583 50 20
620621 55 20
621026 48 24
621193 17 6
621325 41 17
621331 43 18
621494 48 14
621698 39 18
621707 36 18
621974 46 18
622786 53 23
622865 40 9
623110 64 23
623287 40 10
623528 41 12
624198 52 28
624480 44 18
624516 47 12
624802 54 17
624902 49 22
624937 39 22
624975 40 21
624992 44 21
625185 53 12
626189 55 20
626372 53 28
626402 57 28
626509 46 17
626998 36 31
627075 36 21
627433 36 30
627490 40 33
627550 42 33
627595 31 30
629064 35 16
629292 41 18
629859 38 28
630496 58 37
631063 8 8
631078 5 6
631532 37 13
631781 66 31
632170 59 28
632254 51 19
632370 38 11
632470 26 7
632723 52 22
633417 31 18
633564 48 18
633569 50 18
633724 53 28
633794 40 24
633837 37 18
633846 34 18
633888 41 26
633951 40 20
634293 56 19
634305 46 18
634521 45 9
634577 44 20
634587 51 22
634595 37 23
634639 43 13
634708 49 22
634775 10 6
634920 36 6
635036 23 19
635074 30 17
635224 49 24
635247 59 24
635317 34 14
635344 36 12
635482 66 17
635539 65 15
635646 41 14
635694 56 16
635772 41 21
635872 53 14
635890 44 13
636052 53 28
636096 52 38
636241 51 25
636335 49 17
636377 40 17
636392 47 22
636425 52 20
636466 50 26
636482 44 17
636702 43 19
636751 39 22
636809 56 14
636899 46 16
636949 52 16
636989 46 27
637061 52 21
637232 43 21
637373 49 29
637395 59 30
637433 22 18
637463 17 17
637476 17 12
637514 22 23
637664 64 23
637749 35 12
637997 42 25
638062 37 32
638118 32 20
638128 28 15
638316 50 30
638363 47 23
638699 40 19
638765 41 16
639116 62 25
639155 36 12
639349 51 28
639573 40 19
639746 36 25
639779 42 27
640088 61 31
640190 59 40
640217 41 30
640247 43 31
640538 38 11
641009 60 22
641436 55 26
641505 23 11
641579 66 23
641659 65 23
641900 44 34
642064 46 15
642155 49 27
642195 63 21
642484 45 32
642789 18 6
643059 26 40
643122 16 28
643178 31 26
643238 19 17
643446 43 24
643517 59 23
644163 60 30
644357 48 27
644591 66 30
644839 50 32
644980 43 25
646015 43 22
648089 43 28
648683 46 34
649791 48 21
649831 60 31
649857 50 22
650165 50 28
651443 56 20
651939 39 24
652026 34 18
652035 47 22
652247 45 27
652273 35 26
652334 42 21
652561 77 31
652687 49 27
653543 38 19
653558 35 15
653572 29 14
653953 41 22
654637 35 14
654688 51 21
654754 51 22
655703 37 20
655949 38 27
656441 51 22
657152 52 26
657945 23 21
658017 21 12
658047 16 10
658209 32 32
659199 60 32
659369 18 16
660314 34 27
660324 39 29
660369 41 22
660447 67 10
660876 56 9
661314 69 7
661383 54 7
661413 51 6
661649 66 9
661658 65 6
662073 50 12
662499 62 11
663399 51 7
663591 33 6
663821 61 8
663873 95 14
663889 86 13
663951 85 13
664148 78 13
664223 66 18
664703 68 11
664724 56 10
664884 44 10
665233 64 15
665351 38 8
665442 61 15
665577 62 17
665690 64 8
665729 66 12
665842 52 7
665872 55 5
666025 74 4
666191 65 12
666209 60 12
666236 76 17
666454 69 14
666892 56 6
666980 90 14
667685 60 8
667772 70 10
667817 67 6
667920 74 15
668423 55 11
668447 61 14
668474 63 20
668576 38 9
668627 41 16
668885 66 7
669171 71 9
669419 49 14
669770 78 10
669835 71 9
670329 71 5
670827 31 5
670953 76 17
671118 54 8
671376 63 17
671512 46 4
671724 66 13
672705 64 15
673170 69 11
673770 68 17
673782 74 16
673967 56 9
674581 50 7
676099 60 10
676177 67 10
677756 43 23
677796 48 20
677888 42 26
678625 59 21
679609 60 28
679672 57 21
679814 44 36
680058 50 18
680785 54 20
680851 37 20
680901 35 31
681524 15 7
681595 26 5
681750 54 5
681877 47 15
681993 87 15
682089 56 5
682111 51 19
682137 36 20
682184 42 20
682195 39 21
682209 41 19
682217 42 23
682351 42 20
682644 47 8
682870 35 13
682942 16 9
682976 31 14
683135 17 12
683938 55 12
683960 53 15
684320 27 8
684348 34 6
684393 49 16
684659 42 13
685003 46 24
685026 34 17
685152 46 18
685900 34 17
686026 55 14
686062 79 10
686113 76 22
687534 29 16
687599 40 27
687747 55 24
687774 55 22
687800 38 21
687845 38 15
687909 42 20
688192 41 21
688247 27 11
688483 27 9
688783 36 19
688868 13 18
688878 10 13
689037 19 18
689244 32 22
689330 57 26
690320 43 21
690340 34 16
691012 47 12
691728 39 18
692543 46 22
692664 66 16
693203 47 25
693351 51 23
693483 51 20
693626 36 22
694831 47 16
694861 67 17
694890 64 17
695074 45 21
695129 44 14
695136 49 21
695164 47 20
695224 67 20
695251 59 22
696040 37 22
696064 32 17
696310 34 33
696362 35 47
699935 29 29
700697 59 23
701124 45 31
701235 33 19
701887 43 39
702176 47 45
702695 25 22
702709 30 20
703086 46 32
703125 46 34
703357 47 41
705398 36 36
705528 35 30
705546 33 29
705690 45 40
705746 26 26
705858 41 31
706200 45 41
706239 33 31
707186 28 17
707197 30 23
707209 43 30
707249 38 24
707420 28 15
707476 34 24
707893 35 23
709172 38 23
709246 33 25
709656 40 25
709668 36 22
709867 37 15
710159 45 38
710208 40 37
710385 28 36
710826 47 32
710832 50 32
711084 34 19
711454 41 33
711501 43 41
711600 40 28
711942 22 27
712003 30 28
712025 42 29
712176 37 25
712301 39 20
712320 54 28
712771 27 28
713350 46 30
713405 36 30
713448 34 23
714304 40 19
714394 24 22
714410 36 30
714443 55 43
715074 42 10
715129 27 25
715139 32 36
715269 43 19
715303 44 27
715315 32 20
715517 63 36
715735 33 28
715756 38 32
717686 30 24
717928 25 16
717995 7 5
718154 32 18
718170 26 13
718258 53 13
718474 39 28
718655 51 38
718711 35 25
718912 36 28
718936 48 37
719131 37 23
719881 41 33
719954 44 29
720415 37 41
720598 24 14
720640 34 20
720742 33 37
722023 43 21
722222 46 32
722251 57 46
722401 19 14
722871 29 26
722909 31 22
723026 32 23
723158 55 32
723394 60 43
723728 49 46
724164 29 35
724407 39 25
724479 38 41
724497 31 35
725465 63 35
725968 49 43
725977 44 44
726027 49 32
727474 39 15
727764 32 26
728699 32 24
728830 33 22
728839 38 27
728970 43 26
730478 27 23
730483 27 22
730527 30 22
730537 33 19
730566 41 20
730769 35 18
730785 40 13
730976 45 29
731006 42 28
733328 29 19
733525 46 20
733902 37 26
734036 46 24
734594 52 33
736606 29 21
736825 33 17
737009 45 36
737888 46 21
739013 29 20
739173 46 44
739248 56 37
739335 45 35
739367 38 31
739405 58 36
740512 23 7
740529 33 8
740683 36 7
740885 49 74
741837 46 30
741972 45 28
742399 41 23
743170 64 38
743302 33 26
744191 44 28
744631 24 20
744682 32 26
744799 39 28
744901 45 27
745021 66 31
745123 30 25
745386 48 27
745527 37 26
745681 40 27
746023 48 20
746077 40 27
746337 61 37
746382 37 23
746438 38 23
747004 35 19
747809 53 41
747893 44 34
748221 57 35
748371 40 20
748524 51 36
748708 45 17
748895 48 19
749012 49 33
749339 42 29
749805 34 20
750491 34 16
750501 38 15
750954 59 31
751610 39 24
751967 44 30
751973 39 29
752027 42 27
752337 32 28
753523 36 19
753562 28 26
753782 41 24
753792 47 26
753812 55 26
753817 56 28
753839 43 25
753951 25 15
754122 58 30
754130 63 38
754152 47 34
754292 46 30
754768 60 34
754883 35 24
754902 55 40
754957 49 40
755140 39 34
755152 38 32
755254 46 18
755260 39 17
755471 36 18
755689 52 23
755771 36 23
755864 43 28
755880 52 38
755893 52 34
755926 53 36
755940 49 37
755999 52 34
756107 36 29
756220 49 20
756361 42 33
756493 32 15
756959 49 39
757099 41 24
757129 41 25
757139 33 22
757144 34 21
757161 43 31
757276 48 31
757305 45 24
757313 40 21
757341 30 12
757354 33 9
757506 54 33
757653 60 32
757671 59 32
757815 58 31
757866 54 29
758052 34 21
758162 46 32
758319 37 21
758337 33 23
759506 44 28
759675 46 15
759854 17 8
760170 32 16
760822 81 36
760975 26 14
761186 33 20
761575 46 31
761832 44 21
762342 45 30
762692 22 19
762700 25 21
762810 45 30
762831 56 39
763784 47 41
764151 38 43
764345 48 40
764469 39 22
764662 67 34
764671 65 34
764913 53 30
765102 31 36
766162 44 35
766230 41 18
766587 50 23
766818 37 19
767042 39 28
767181 46 23
767274 34 27
767525 54 27
767622 34 25
768641 36 22
768865 46 32
769026 54 30
769077 41 26
769119 30 22
769144 48 29
769168 60 31
769207 53 26
769311 46 21
769338 51 22
769429 64 29
769572 51 16
769632 65 35
769650 64 38
769678 81 53
769753 66 27
769767 51 26
769846 32 19
769868 31 21
769951 47 29
770012 62 29
770066 60 30
770859 52 35
770868 51 37
770889 46 30
770919 44 22
771165 59 37
771431 31 26
771639 56 33
771682 42 33
771744 28 34
771785 34 30
771989 53 35
772030 33 30
773588 19 21
773603 19 23
773644 17 23
774140 27 23
774874 39 29
774970 52 33
775177 41 25
775787 56 38
776078 42 24
776346 42 32
776706 53 34
776862 29 15
777042 49 30
777213 33 31
777366 50 28
777698 47 25
778885 12 44
778933 25 72
779362 12 63
779986 26 48
780082 20 54
780331 18 37
781066 22 41
781769 26 53
783449 16 29
783730 27 47
783745 20 31
783881 20 29
784021 22 44
784989 29 48
786322 24 59
786651 26 45
786862 31 55
786923 33 71
787013 29 51
787031 29 57
787176 28 48
787257 29 48
787284 27 51
788986 29 50
789182 33 54
792511 27 59
792533 15 38
794332 34 48
795086 33 65
795543 22 45
795895 24 33
795961 20 42
795996 19 49
796528 34 53
796723 24 41
796741 21 40
797121 21 59
797323 28 32
798658 40 72
798711 32 59
799382 21 68
799908 32 61
799996 36 51
800765 18 27
801194 30 49
802487 29 55
802697 20 32
803051 23 42
803066 33 79
803073 34 76
803360 33 48
803735 34 48
803792 17 48
804431 11 20
804475 13 29
805207 18 46
805581 28 62
805714 30 60
805891 31 59
805945 24 56
806073 28 52
806236 35 41
806302 28 44
806350 31 47
806386 42 58
806437 35 57
806485 22 30
806801 33 69
806972 28 54
807130 22 39
807560 30 62
808365 33 44
809059 23 66
809141 36 58
809208 29 39
809425 34 76
809487 25 69
809593 27 63
809752 25 56
809965 20 47
810010 15 47
810235 40 68
810827 31 64
810929 26 48
810995 41 69
811244 34 63
813256 35 75
813267 38 73
813451 26 43
813790 34 65
813952 23 48
814087 38 73
814121 20 53
814253 35 62
814484 19 41
814644 20 43
814731 15 40
815734 18 55
815768 16 44
815964 19 38
816567 19 44
816624 19 51
816824 30 58
816851 26 62
816965 18 51
817028 22 46
817097 26 34
817315 8 25
817652 15 33
817768 28 53
818054 27 63
818207 18 69
818420 35 55
818574 26 56
818724 26 53
818801 36 69
818878 32 67
820270 11 10
820547 26 25
821365 51 45
821375 52 39
821381 53 40
821628 41 36
822153 49 41
822351 37 40
822387 36 33
822499 49 56
823214 38 43
823242 41 41
823912 52 51
823981 33 38
824035 29 45
824053 30 41
824116 43 43
824437 42 30
824503 43 52
825043 42 41
825697 33 51
825730 32 35
825748 45 41
825836 34 37
825943 44 56
826039 32 50
826306 51 43
826389 49 54
826708 55 49
826804 28 40
826897 36 32
826903 42 45
826954 51 47
827629 38 39
827689 42 41
827972 38 41
828442 44 39
829150 45 51
829270 35 41
829358 36 35
829468 35 42
829722 33 23
832573 38 39
832768 41 40
834166 45 30
834261 32 42
834634 48 40
834757 29 44
834847 35 42
834877 42 34
835511 54 57
835620 27 28
836087 39 43
837042 32 48
837223 39 34
837343 33 43
837523 31 39
837854 37 44
838258 29 32
838513 26 39
839037 30 44
839205 54 46
840189 29 51
840197 31 50
840573 33 48
840826 43 36
841009 44 40
841296 41 56
841903 51 36
842028 38 45
842091 36 34
842597 25 40
842746 22 31
843133 28 46
843254 36 42
843435 38 38
843611 47 44
843655 40 37
843863 60 58
844058 50 48
844063 47 45
844083 53 41
844473 54 28
844480 49 31
844560 45 34
844649 57 26
844670 48 27
844724 39 26
844829 53 45
845054 38 51
845759 40 38
845915 62 34
846122 43 61
846517 25 36
846709 16 17
846859 24 75
848056 27 47
848334 39 48
848344 37 51
848485 36 57
849506 20 55
849604 23 62
849626 27 72
849723 33 73
850139 40 71
850280 25 46
850619 27 46
850899 22 68
850991 11 67
851072 22 64
851122 22 58
851366 29 75
852180 20 61
852255 18 60
852340 13 45
852422 20 68
852520 21 91
852531 26 76
852654 9 36
852674 13 64
852730 18 93
852742 14 78
852884 31 75
852891 28 72
853155 35 52
853221 32 77
854484 27 82
854976 30 75
855036 18 61
855123 13 41
855406 16 60
855517 18 76
855708 19 72
856165 20 45
856235 19 71
856402 24 66
856617 20 82
857271 17 55
857359 25 88
857863 25 53
857901 25 53
857962 25 62
858284 20 66
858487 23 73
858884 9 48
859030 24 59
859080 19 63
859271 20 69
859650 33 78
859822 14 53
859926 21 63
860223 61 17
860940 53 34
860958 55 36
861096 75 36
861135 51 36
861834 41 32
861849 44 38
862043 58 40
862411 59 39
863236 75 22
864012 22 11
864213 41 33
864600 41 27
864838 65 31
865396 41 24
866203 69 13
866638 63 14
867115 73 27
867409 74 27
867908 71 17
868666 56 24
868796 78 16
869267 32 8
869865 47 41
869873 49 35
869897 47 40
870258 49 37
870684 55 19
870699 58 18
870933 80 16
871353 68 21
871617 49 29
871744 49 24
871974 53 25
872112 42 11
872117 41 13
872337 64 17
872352 64 22
872382 61 24
874462 62 16
874476 59 16
874610 37 14
874862 45 23
875085 67 24
875265 76 20
875307 54 12
875314 54 14
875394 70 18
875821 48 10
876030 48 24
876324 61 25
876550 70 32
876733 83 27
877251 77 22
877349 75 23
877395 66 25
877481 60 21
877489 65 23
877661 78 23
878260 49 15
878995 49 18
879164 48 15
879229 35 27
879391 62 35
880354 62 31
880692 52 17
880896 67 25
881578 62 23
881947 60 23
882157 47 18
882453 61 18
882669 67 21
882690 65 16
882743 66 24
882903 69 14
882980 69 24
883259 23 42
883280 27 53
883587 31 47
884322 16 54
884459 38 46
884555 27 61
884921 26 44
884937 30 35
886143 46 59
886280 32 65
886324 35 59
887062 32 55
887158 27 62
887529 35 63
887888 35 67
887986 35 50
888095 31 57
888132 33 68
888893 29 57
888970 26 52
890192 24 54
890501 32 80
893064 21 61
893148 39 66
893219 37 81
893501 34 58
894119 20 57
894250 29 70
894279 30 64
895000 25 48
895225 26 54
895288 37 60
895434 7 54
901776 21 77
902159 17 31
903650 18 51
903902 39 57
904133 32 62
904198 28 65
904385 29 69
904721 42 92
905202 25 74
905287 19 48
905804 26 60
905867 24 50
906767 39 56
907294 25 60
907403 26 50
907677 27 77
907742 31 43
907800 15 51
907845 19 69
908326 26 59
908360 19 50
908794 25 71
909132 27 61
909152 25 58
909228 18 51
909902 33 73
910366 22 53
910588 26 55
910726 20 65
910851 22 60
911868 21 71
912205 34 72
912212 32 72
912284 25 68
913004 29 62
913014 29 58
913047 33 76
913142 29 62
913244 31 62
913265 22 52
913617 29 83
913721 21 36
913900 32 83
913988 20 46
914000 13 39
914044 14 41
915104 27 50
915172 37 69
915179 36 71
915371 33 95
915398 26 69
916681 27 53
916692 32 56
917148 25 60
917181 19 72
917230 23 76
917248 23 73
917322 22 48
917629 25 54
918066 31 58
918072 32 56
918162 32 79
918447 33 61
918467 21 64
919262 25 61
919271 24 61
919386 32 62
919872 30 60
919941 24 44
920545 18 52
920966 18 44
921105 23 57
921121 16 51
921136 16 51
921172 10 38
921191 13 27
921204 12 30
921212 12 31
921271 6 30
921869 40 66
922172 25 51
922241 31 70
922307 28 50
922467 28 75
922478 31 83
922766 28 64
923004 22 56
923033 23 46
923048 25 42
923111 24 76
923156 38 83
923202 29 65
923493 18 52
923595 25 44
923694 33 80
924231 43 89
924391 34 60
924412 30 56
924454 24 75
924622 32 49
925081 26 66
925171 44 74
925382 33 73
926047 33 58
927685 20 54
928343 36 55
928380 42 73
928430 38 79
928536 14 57
928736 11 49
928831 29 97
929034 32 80
929282 24 82
929298 21 85
929870 29 83
930114 21 46
930313 25 65
930370 22 54
930483 28 96
930592 24 50
930626 24 50
931575 26 57
932533 29 55
932702 36 83
933240 42 59
933252 40 60
933363 20 83
933399 17 70
933923 22 73
933952 22 49
934750 38 78
934763 36 83
936056 15 65
936190 25 84
936328 13 61
936852 25 59
936884 26 82
937043 22 55
937109 18 38
937256 25 67
937709 40 90
938052 18 52
938094 23 50
938708 14 45
938785 20 55
939467 47 27
939730 41 39
940248 82 44
940254 80 42
941597 24 72
941607 27 73
941643 27 78
941764 28 80
941847 20 67
941871 24 54
941886 20 53
942272 30 55
942345 40 80
942801 22 52
942864 14 66
943288 29 69
943504 21 56
943519 21 54
943873 20 67
944104 12 59
944479 24 78
944493 20 72
944504 24 82
944933 25 63
945174 29 66
945555 21 46
945720 28 67
945747 23 62
945762 21 61
946614 19 42
946945 24 53
947128 18 43
948049 16 82
948313 28 82
948327 29 76
949121 28 102
949316 19 68
949468 33 89
950164 29 56
950365 20 62
950560 17 65
950931 12 41
952195 12 44
952482 27 59
952570 22 51
952773 15 44
952830 28 79
952927 28 56
953849 20 57
954026 26 90
954154 30 80
954175 20 58
954208 16 46
954517 31 74
956000 27 82
956510 21 40
956524 16 46
956709 17 31
956799 6 11
957584 24 67
957745 27 85
958318 33 48
958330 24 40
958361 23 60
958770 30 87
958805 28 89
959416 20 53
959883 36 63
960034 16 59
960082 16 54
960520 32 82
960696 22 59
961084 25 63
961183 18 73
961189 18 68
961207 17 68
961234 21 68
961465 26 71
961942 23 61
962224 48 87
962293 32 59
962431 33 74
962515 32 68
963033 19 62
963039 22 63
963543 22 62
964014 46 33
964118 52 33
964291 72 48
964308 86 51
964377 67 30
964432 81 36
964480 58 43
964739 44 32
964818 65 31
965032 63 32
965176 36 37
965785 68 51
965843 77 40
965888 67 28
966156 47 34
966683 34 36
967430 37 23
968143 46 37
968209 49 32
968517 76 52
968615 50 29
968844 57 37
968941 46 33
968949 47 29
968989 27 23
969089 44 40
969182 51 23
971798 44 30
972113 49 28
972487 38 29
973383 85 42
973535 41 26
974187 66 23
974482 59 31
974571 32 26
974593 45 33
974607 55 31
974796 36 22
975144 71 34
975333 80 26
975372 72 24
975528 75 47
975578 77 39
975656 54 22
975700 58 19
975847 77 47
975967 57 24
975973 58 21
976333 77 36
976393 70 36
976447 62 37
976893 63 24
977051 66 40
977259 58 19
977277 65 19
977391 84 39
977568 72 29
977844 79 41
977940 73 28
977952 56 28
978000 72 30
978142 71 34
978181 68 25
978252 46 25
978318 55 33
978367 60 48
978390 80 50
978400 80 44
978408 73 37
978492 57 36
978937 61 32
978970 62 30
978981 58 35
978996 51 31
979011 48 27
979038 56 35
979088 68 31
979107 68 32
979182 51 16
979238 51 22
979419 61 22
979456 72 26
979476 70 29
979941 37 21
980261 37 12
980497 14 9
980851 38 21
981183 45 26
981975 79 29
982131 65 26
982174 78 26
982210 63 21
982369 67 27
982773 62 21
983377 83 33
983610 54 26
983648 48 29
983685 60 15
983725 62 16
984193 64 28
984735 66 29
984962 61 20
985071 63 33
985142 71 17
985473 51 16
985536 83 25
985554 82 34
985634 90 31
985664 62 17
985758 81 20
986764 81 28
988090 53 28
988233 58 36
988830 73 22
989144 69 28
989265 75 24
990754 51 23
991014 63 24
991089 73 26
991207 49 27
991236 56 31
991323 53 21
991647 64 35
991703 46 23
991786 76 21
991793 77 21
991830 98 24
991908 51 25
992223 64 33
992260 63 24
992376 62 25
992456 53 28
992522 70 33
992802 49 25
993042 49 32
993367 71 31
993901 69 42
994258 55 19
994375 34 14
994385 36 13
995228 57 18
995662 80 33
995668 85 34
996359 46 24
997111 100 30
997559 59 30
998974 81 31
999131 45 16
999818 58 26
999959 52 23
1000365 107 45
1000437 70 22
1000478 69 37
1000493 84 41
1000509 81 37
1000522 83 36
1000604 72 22
1000733 66 24
1000754 65 26
1000806 80 28
1001212 86 35
1001402 55 34
1001427 47 36
1001583 68 27
1002749 75 34
1002932 73 23
1002955 63 20
1002963 53 20
1002995 80 29
1003067 81 35
1003331 76 23
1004276 96 39
1005821 80 27
1008146 76 32
1008158 80 32
1009107 75 33
1010923 64 30
1011263 55 35
1011292 64 40
1011732 77 22
1012291 72 40
1012856 88 32
1012993 50 19
1013149 71 35
1014151 53 52
1014235 50 58
1014253 64 71
1014288 63 61
1014301 63 69
1014466 49 52
1014823 51 44
1015373 56 74
1015711 48 51
1017240 62 68
1017383 43 42
1017809 31 37
1017872 19 38
1017932 19 39
1018730 57 61
1019340 45 56
1020362 47 34
1020376 59 46
1020589 25 15
1020650 40 45
1021467 39 30
1021539 48 37
1021601 44 31
1022332 46 42
1022426 67 66
1024492 58 59
1024513 46 61
1025092 39 43
1025188 56 63
1025878 51 48
1025896 51 48
1026991 49 57
1027050 54 64
1027260 42 55
1027468 39 57
1027549 43 37
1028490 68 95
1028499 69 94
1028739 48 46
1029757 26 50
1029888 13 57
1031061 55 74
1031085 48 72
1031220 22 44
1031292 50 67
1031415 39 50
1032235 36 38
1032358 45 63
1032472 39 29
1033043 34 29
1033882 28 40
1034429 46 60
1034454 46 67
1034670 48 70
1034963 49 61
1035074 36 60
1035205 54 71
1035258 48 57
1035361 52 73
1035399 50 68
1035533 59 80
1035649 54 74
1035661 55 73
1035776 52 72
1035799 45 58
1035822 41 53
1035851 37 54
1035858 36 56
1036304 18 37
1036633 22 49
1036702 29 61
1037827 7 58
1038178 14 53
1038657 33 74
1038877 39 65
1039096 34 84
1040276 34 54
1040762 44 56
1041339 28 48
1041497 48 68
1041579 44 76
1041843 39 69
1042007 33 63
1042531 43 66
1042951 53 83
1044807 31 56
1045008 42 56
1045578 55 78
1046398 60 66
1046535 39 49
1046930 42 68
1047452 39 44
1048531 53 49
1048722 33 49
1049000 52 73
1049485 33 44
1050212 25 44
1050436 24 94
1050522 27 54
1050583 42 96
1050720 18 58
1051020 26 38
1051116 47 55
1051141 38 58
1051251 43 51
1051699 31 44
1051718 32 59
1051777 22 40
1051867 16 31
1052132 12 56
1052309 23 61
1053788 35 55
1053849 34 66
1054619 74 45
1055027 56 46
1055054 45 50
1055252 17 82
1055482 43 84
1055813 12 51
1055834 6 38
1055849 10 47
1055857 16 41
1055882 19 45
1055912 24 47
1055959 37 64
1056056 58 65
1057130 65 57
1057177 47 41
1057601 67 69
1057992 57 72
1058604 65 80
1058637 54 59
1059307 80 69
1059348 43 51
1059973 75 61
1060096 65 77
1060322 70 65
1060540 71 50
1060645 61 46
1060741 61 53
1060956 61 64
1060979 65 76
1061022 69 58
1061093 40 36
1061135 40 49
1061158 42 65
1061183 51 77
1061237 52 66
1061287 50 55
1061360 70 58
1061371 66 62
1061411 65 51
1061419 80 78
1061445 62 64
1061455 80 75
1061466 83 67
1061509 75 53
1061555 59 70
1061607 47 50
1061933 41 74
1062702 81 60
1062843 80 64
1063207 113 73
1063332 92 56
1063413 110 56
1063418 109 55
1063478 87 62
1063484 85 60
1063508 61 155
1063547 106 58
1063671 104 66
1063800 82 63
1063873 104 70
1063912 115 78
1064000 105 82
1064067 125 52
1064121 113 61
1064148 127 60
1064163 108 70
1064228 76 59
1064251 115 77
1064305 136 81
1064321 106 80
1064476 72 76
1064483 92 82
1064609 121 73
1064672 37 118
1064688 82 58
1064726 73 47
1064797 82 51
1064873 101 72
1064885 114 71
1064927 78 59
1064978 102 56
1064999 101 55
1065008 101 56
1065113 115 59
1065155 80 58
1065195 71 56
1065208 85 60
1065236 75 58
1065248 70 50
1065373 90 60
1065470 56 44
1065482 40 34
1065636 32 62
1065641 27 65
1065647 16 60
1065836 69 98
1065910 68 63
1065923 63 80
1065929 66 83
1065939 75 84
1065962 84 92
1065968 88 90
1065974 84 85
1065988 97 73
1066053 16 142
1066070 70 72
1066079 86 76
1066080 25 137
1066087 109 52
1066184 75 71
1066278 100 60
1066286 107 64
1066403 36 94
1066546 56 118
1066791 40 87
1066887 65 142
1066935 42 123
1066990 33 83
1067268 96 64
1067317 76 46
1067547 101 55
1067745 130 65
1068205 130 51
1068376 108 52
1068939 22 10
1081689 5 6
1081785 2 15
1081846 3 20
1081865 4 10
1082067 9 31
