59 2 15
83 2 17
396 6 24
6210 23 11
6225 27 11
6307 26 3
6374 29 8
6436 17 4
6461 16 7
6543 25 18
6635 50 22
6658 8 8
6804 16 10
7462 13 21
8160 36 38
8706 3 20
8778 11 10
8813 10 11
8935 11 30
9074 22 39
9183 39 42
9193 45 52
9508 19 12
9814 4 14
9991 16 27
11880 2 18
12021 20 49
12068 9 31
12110 5 26
12231 12 45
13809 17 34
13828 10 28
14088 41 52
14593 51 45
14679 58 50
14960 48 41
14990 41 46
16481 2 15
16487 2 15
16769 28 24
16885 60 53
17008 40 97
17186 44 53
17246 45 53
17370 58 55
17384 62 49
17550 47 45
17680 63 32
17921 54 54
18169 36 37
18339 39 56
18385 34 32
18568 59 64
18626 47 61
18660 53 47
18956 64 50
19183 58 49
19332 56 60
19754 27 40
20252 33 37
20319 58 59
20482 41 21
20592 53 54
20799 42 52
22219 24 50
22323 54 57
22371 38 51
22426 48 41
22662 45 58
23354 21 12
23363 25 13
23420 45 39
23456 56 56
23513 9 16
23981 49 52
24009 44 44
24098 59 52
24143 49 56
24201 45 43
24575 57 51
24635 68 41
24668 57 52
24728 63 52
24851 48 46
25616 59 61
25841 60 38
25871 31 31
26005 58 64
26137 66 44
26747 47 46
26815 50 42
26838 51 57
27036 57 47
27050 60 49
27079 48 39
27222 55 44
27227 49 39
27255 48 46
27322 69 51
27335 65 47
27359 53 35
27379 52 39
27384 49 38
27424 44 42
27631 69 63
27798 54 49
28066 53 47
28106 64 47
28673 81 49
29576 45 49
29874 51 60
31324 50 47
31519 29 26
31851 53 49
33109 49 35
33133 57 35
33184 44 47
33928 60 49
34699 52 58
35152 44 34
35254 60 59
36273 39 44
36417 43 54
36438 59 59
36598 68 61
36842 65 73
37120 62 46
37642 23 29
38149 35 24
39477 55 29
40808 50 36
41488 69 57
41671 36 50
41698 35 46
42096 57 35
42492 53 27
42976 76 37
43074 52 35
43737 53 38
43770 44 41
43777 43 40
43818 61 50
43908 59 48
44595 66 52
44649 76 39
44718 43 25
45103 40 26
45439 62 39
45797 47 39
46063 66 47
46153 54 54
46256 44 24
46651 51 35
46659 52 34
46670 55 32
46680 60 36
46749 88 44
46778 70 39
46793 68 42
46886 66 47
46891 73 52
46981 43 43
47214 76 39
47577 54 26
47881 72 45
47988 67 56
48015 54 61
48192 53 55
48303 72 39
48378 64 53
49194 45 35
50089 44 36
50395 59 36
51016 55 20
51762 56 37
52191 44 30
52239 54 39
52578 56 31
52627 54 36
53026 50 29
53064 63 42
53122 59 45
53221 74 51
53240 74 46
54035 24 30
54105 47 37
54122 39 33
54127 33 34
54171 26 38
54293 15 58
55030 20 56
55035 25 56
55057 24 43
55081 42 50
55175 9 56
55180 10 55
55189 12 56
55219 39 56
55243 55 58
55254 58 45
55269 56 45
55300 39 39
55308 40 39
55324 35 34
55365 39 48
55416 43 52
55449 46 58
55508 45 49
55565 44 44
55571 38 41
55577 36 40
55583 33 39
55597 41 48
55630 39 45
55654 33 47
55689 19 42
55705 27 51
55714 26 49
55730 22 48
55830 23 31
55842 21 28
55864 21 24
55880 21 25
59706 19 46
59716 18 41
59771 35 43
59811 30 43
59842 31 39
59862 41 49
60560 55 42
60653 79 30
61313 61 42
61406 50 36
61853 54 38
62439 41 39
63195 43 37
64201 52 40
64314 60 45
64602 50 44
64956 95 61
64977 81 55
65298 56 51
65462 48 51
65898 52 35
66697 63 45
66852 52 42
67040 42 31
67142 56 26
67153 60 26
67204 75 32
67213 58 27
67240 64 42
67247 51 41
67280 58 49
68143 52 48
68481 42 46
68509 51 53
68601 48 35
68709 47 57
68726 37 42
68887 73 52
68976 39 38
69489 46 47
70444 56 43
70467 56 35
70946 46 32
71100 71 56
72027 33 56
72719 52 45
72876 65 47
72904 54 50
73344 38 63
73416 73 54
73728 52 44
73818 51 41
74434 40 42
74481 32 45
74797 48 38
74909 43 38
75067 60 48
75159 38 33
75333 51 30
75441 69 62
76119 41 54
77409 46 41
77529 46 54
77542 45 52
77556 48 44
77584 63 43
77645 63 56
77718 57 34
77826 38 45
77880 45 42
78463 31 40
78472 31 41
78724 33 31
79117 48 46
79291 45 36
79867 39 50
81610 55 41
81634 49 35
81787 47 41
81829 34 38
81874 53 39
81955 59 39
82087 51 42
82327 53 50
82471 57 33
82880 59 48
83018 43 38
83045 52 43
83315 48 56
84209 64 32
84224 68 37
84530 74 50
86210 57 34
86646 52 41
86885 39 42
87269 48 36
88517 49 53
88628 40 29
89354 70 39
89663 61 51
89860 42 39
90840 33 38
91332 53 37
91347 43 31
91757 50 73
91772 46 58
91952 52 37
92050 42 46
92130 60 49
92251 39 52
92755 44 35
92773 41 41
92815 45 44
93622 42 44
94342 47 49
94607 34 66
94711 40 46
94776 47 49
94783 45 39
95722 40 29
96268 35 28
96307 42 41
96394 64 50
97391 53 38
97528 55 42
97645 61 36
97844 37 26
97880 40 38
97960 63 60
97967 53 50
97974 48 51
97979 53 56
98006 42 40
98196 58 48
98443 51 49
98567 67 62
98587 44 50
98773 72 56
98818 60 65
99167 66 37
99263 40 42
99548 39 53
100404 30 33
101375 27 36
101431 17 21
101466 26 37
101957 28 46
102035 46 64
102068 55 52
102089 43 54
102146 42 48
102371 48 52
102392 48 55
102451 42 62
102532 36 48
103135 34 52
103177 39 47
103315 37 32
103742 36 42
103753 32 38
103989 38 33
104992 50 58
105055 39 66
105204 40 68
106450 40 62
106564 28 59
106785 21 42
108433 31 47
109589 27 49
109689 32 48
110053 38 54
110069 37 53
110149 32 67
110209 24 31
110217 28 36
110366 37 52
110809 30 44
111032 39 63
111425 39 63
111725 29 63
111821 35 62
112137 49 63
112421 28 53
113435 31 43
113616 28 53
113909 31 43
115242 56 62
115846 39 55
116066 23 51
116267 43 52
116396 28 40
116675 33 67
116687 36 68
116750 29 73
117628 36 53
117867 37 52
118152 39 54
118605 32 58
118761 30 58
119043 27 52
119349 38 57
119700 51 43
119979 47 58
120519 55 51
120615 38 61
120780 53 46
121174 47 60
121390 37 48
121427 51 54
121457 43 43
121591 36 51
122311 31 42
122472 32 47
123036 47 50
123535 34 48
123551 38 45
124089 27 49
124261 27 50
124271 28 51
124374 21 51
124629 26 49
124692 26 61
124731 31 68
124871 24 53
125005 31 71
125268 63 17
125373 80 17
125801 66 9
125809 76 9
125852 53 8
126261 65 19
126401 92 21
126599 62 15
126608 61 15
126678 57 16
126716 77 18
126953 67 16
126959 66 16
127422 87 4
127484 85 4
127948 64 2
128004 39 4
128170 24 2
128818 75 3
128845 75 2
129056 84 8
129211 60 7
129250 76 4
129517 60 2
129559 60 3
129619 66 4
129682 86 5
129706 83 6
129793 80 4
130147 61 1
130165 67 2
130222 84 5
130994 82 8
131237 135 7
131379 70 5
131743 22 3
132347 79 9
132766 71 7
132898 71 13
133043 84 9
133088 73 7
133168 72 12
133229 83 6
134102 68 6
134414 52 4
134870 80 3
135251 96 3
135927 98 6
136233 125 11
136254 107 9
136776 74 3
136881 84 6
136923 64 4
137001 77 3
137367 90 7
137571 70 10
137745 86 5
138198 60 7
138213 66 8
138910 57 5
138956 37 5
138961 39 3
139031 74 4
139137 85 7
139538 80 4
139554 72 3
139624 62 3
139817 65 3
141472 72 2
142612 93 2
143198 66 5
143969 67 4
145374 57 6
146104 74 3
147019 64 4
149104 79 8
149295 71 7
149809 72 10
149851 86 4
149991 86 6
150061 95 6
150215 53 0
150280 95 4
150628 61 3
150890 77 3
150937 75 3
151326 102 11
151487 69 10
151693 86 5
151791 97 8
152583 84 9
153357 54 2
153383 65 2
153406 59 4
153940 75 8
154105 53 4
154216 86 9
155290 78 4
155327 67 9
156037 52 4
156184 116 12
156255 95 3
157159 80 10
157606 70 7
157663 88 9
157864 82 6
157998 78 9
158108 35 8
158448 85 9
159273 70 2
159287 72 2
159399 105 2
160505 98 9
161048 87 6
161079 90 10
161483 85 6
162309 91 7
162641 112 5
162654 115 6
163488 69 4
164353 69 10
164821 70 3
165124 86 2
165176 33 2
165201 27 1
165280 63 2
165290 69 2
165301 79 2
166006 80 10
166144 84 8
166513 59 0
166732 58 2
167479 123 9
168110 53 39
168118 52 32
168236 41 29
169337 69 36
169714 42 19
170212 34 31
170356 44 30
170673 27 28
171615 68 41
173530 56 35
173535 55 34
173731 59 46
173842 42 36
173887 38 25
173911 38 22
174163 41 31
174350 38 19
175573 56 32
176065 52 41
176323 64 33
176457 56 29
177553 62 33
177674 53 57
177707 63 52
177845 46 28
178371 46 28
178569 57 23
178895 54 32
178908 53 32
179020 48 23
179126 53 36
179140 35 28
179912 55 42
180261 55 33
180337 59 40
180722 41 34
180905 48 21
181093 53 31
181150 52 32
181726 48 26
181942 38 21
182062 56 39
183175 54 26
183516 42 21
183944 42 32
184421 31 34
184960 66 35
185384 69 36
185537 39 31
187039 91 55
187186 44 26
187411 58 36
187462 62 41
188447 33 23
188594 30 13
188685 37 25
188721 45 27
189094 62 39
189115 58 37
189213 65 31
189658 19 95
190292 38 22
190364 46 20
190457 66 36
190570 51 18
191397 30 26
192062 58 38
192134 58 42
192217 57 39
192248 67 49
192806 61 43
193073 50 15
193397 14 75
193411 45 29
194280 60 43
194503 48 27
194680 41 29
194724 25 24
194840 68 39
194934 37 37
195037 43 28
195152 42 32
195277 62 40
198163 54 32
198345 51 33
198428 67 47
198537 44 28
198563 42 30
198806 60 38
199467 72 36
199517 55 32
200033 40 28
200290 53 43
200851 43 35
201832 47 28
202028 54 36
202087 45 39
202224 36 39
202828 55 39
203329 59 34
203358 63 26
204318 22 24
204324 22 25
205107 67 42
205790 24 31
205934 57 53
206001 56 33
206238 53 33
206345 49 38
206387 62 39
206417 55 32
206557 68 36
206564 69 36
206598 77 33
206617 67 35
206731 60 48
206796 49 34
206836 32 25
207067 53 29
207262 72 34
208435 38 24
208453 53 27
208766 74 33
208839 45 24
208906 33 21
210489 28 24
210684 38 21
210925 35 28
211056 17 13
211141 30 30
211397 33 36
211754 45 21
211850 47 19
211874 46 24
211889 45 37
212021 55 23
212087 44 24
212129 46 24
212213 50 30
212264 36 28
212285 29 27
212371 47 32
212495 52 32
212732 59 55
212813 55 35
212867 57 42
213032 39 47
213167 59 56
213314 49 39
213601 54 49
213750 56 31
213837 43 37
213861 51 39
214117 40 32
214438 48 34
214611 54 37
214621 51 36
215299 34 39
215378 39 39
215384 35 44
215413 53 53
215600 49 48
216372 44 43
217236 43 31
217516 56 42
217653 53 33
217669 49 27
218153 44 30
220372 37 39
220808 50 53
221080 32 34
221130 25 41
221410 21 20
221620 45 35
221815 37 33
222283 46 38
222346 36 34
222358 28 30
223146 47 36
223153 45 46
223168 53 42
223231 49 42
223968 37 27
224088 28 28
224402 44 34
224582 45 33
225254 69 34
225616 37 28
225644 47 44
225751 44 34
226045 34 47
226118 39 51
226453 24 25
226782 50 33
227418 49 32
227551 59 47
227596 43 36
227691 41 43
227744 62 38
227869 54 47
227877 50 43
228598 32 27
228846 31 34
228929 49 37
229021 33 29
229138 45 42
229363 49 39
229497 49 61
229594 23 24
229726 58 65
230197 39 43
230832 39 34
231159 26 36
231204 39 37
231289 36 38
231438 36 54
231451 36 53
231675 34 48
231700 39 39
231814 33 32
232434 43 34
232450 50 35
232544 23 39
232625 48 42
233325 42 35
233370 48 56
233696 42 40
234441 72 46
234619 35 32
234768 43 30
234969 57 52
234987 67 58
235045 46 36
235454 46 48
235575 44 23
235594 44 27
235604 52 29
235874 36 36
235902 33 26
236238 39 46
236768 32 30
236848 31 21
236954 33 31
236982 45 39
237006 47 37
237189 39 34
237527 39 28
237629 37 33
237680 49 37
237701 51 37
237752 48 35
238064 56 47
238119 56 50
238499 47 21
239700 31 33
239871 39 33
240033 65 52
240805 61 41
240918 51 45
240992 45 40
241789 51 23
241949 36 24
242253 43 26
244299 49 23
244564 55 43
244801 40 38
246061 56 38
246361 52 37
246544 43 36
246713 42 37
246772 49 35
246800 52 46
247046 69 46
247624 13 66
247630 12 78
247807 28 35
247846 39 37
248216 47 37
248409 30 23
248422 34 27
248460 33 20
248487 42 23
248503 54 33
248529 63 50
248743 39 29
248951 42 22
248986 35 32
249001 38 32
249205 35 37
249443 42 40
249771 47 54
249791 48 48
249827 36 39
249838 39 41
249993 64 48
250270 66 41
250471 45 44
251022 28 41
251183 39 22
251716 44 41
251968 65 39
252950 38 37
253076 43 34
253532 52 46
253574 53 27
253628 43 27
253643 35 28
253658 38 31
253670 34 27
253706 34 35
253850 57 40
253894 43 24
253967 49 49
254266 35 30
255217 42 26
255856 33 23
256167 43 22
256329 33 20
256624 54 32
256926 66 34
257360 51 36
257508 49 31
258657 46 32
258951 59 42
259233 47 33
259820 38 31
259825 40 31
259936 45 32
260000 52 38
260040 46 37
260091 45 45
261571 39 28
262420 45 28
262807 44 32
262927 38 36
262950 29 32
263098 39 36
263115 41 27
263125 42 40
263412 47 49
263693 47 38
264653 40 40
265084 49 29
265147 41 27
265181 50 30
265749 46 34
265810 41 46
265887 49 39
265928 53 39
265984 43 37
266306 41 39
266422 45 35
266444 40 29
267239 49 32
268234 42 33
268524 35 31
268714 31 34
269275 36 31
269320 28 28
269665 37 32
270113 56 30
270139 54 34
270334 34 23
270493 41 33
270565 37 36
270889 42 33
270910 57 43
271099 44 24
271244 46 22
271300 50 35
271536 62 31
272438 61 42
272618 56 41
272732 53 28
272875 32 22
274168 54 21
274531 36 25
274555 38 26
274708 53 36
274864 67 33
274933 52 43
275139 46 31
275629 41 29
275718 50 31
275726 52 26
275766 37 35
276999 56 33
277131 35 12
277188 49 28
277197 51 25
277249 48 25
277557 54 38
277591 54 40
278749 48 31
278904 51 22
278921 47 25
278950 29 20
279185 43 19
279225 39 19
280895 40 21
280949 29 19
281309 58 27
281377 53 28
281440 54 24
281682 49 37
281736 38 39
282005 29 22
282119 46 31
282156 35 22
282197 61 26
282405 50 41
282489 50 32
282520 33 22
282575 27 27
282628 31 19
282711 58 20
282812 25 16
283144 58 34
283394 50 23
283572 40 29
283692 50 26
283875 63 48
284053 40 25
284194 42 24
285546 35 30
285617 54 35
285623 54 33
286214 44 31
286335 57 30
286344 50 28
286387 54 31
286684 51 23
286810 49 18
287101 50 33
287455 43 28
287684 58 33
287756 34 24
287776 28 20
287794 22 16
287824 41 27
287899 66 37
287930 71 46
288250 52 29
288502 40 26
288887 60 39
289423 60 22
290020 54 32
290191 47 30
290221 40 28
290386 50 45
290479 40 30
290497 41 26
290653 45 36
291166 47 36
291251 56 28
291484 74 11
291637 52 11
291672 57 9
291712 65 7
291818 52 5
291941 65 10
293571 86 13
293648 76 18
293759 61 6
293811 83 10
293879 76 6
294206 51 9
294245 65 13
294825 84 6
295680 71 10
295813 48 5
296013 79 12
296230 83 7
296523 60 7
296813 63 5
297510 80 7
298102 88 5
298181 23 4
299282 78 9
299473 78 16
299479 56 12
299485 59 12
299641 74 11
299877 84 23
300152 73 10
300185 69 8
300363 58 10
300878 51 5
301765 83 5
301807 70 9
301814 68 10
301987 66 5
302035 51 6
302149 71 14
302974 77 12
303528 46 8
303618 51 4
303776 86 7
303945 49 2
304227 55 10
304288 61 13
304876 57 15
305085 39 17
305188 72 12
305247 60 20
305474 64 18
305993 72 18
306078 83 17
306207 52 11
307154 97 4
307226 90 7
307244 68 8
307694 66 5
307772 59 5
308295 74 6
308332 61 7
308379 67 9
308644 60 12
308664 62 11
309121 69 11
309241 56 6
309601 67 6
309766 51 5
310591 52 4
310675 94 3
310799 63 7
311386 62 11
312015 58 3
312842 74 6
312906 33 7
312964 45 7
313400 57 5
313456 82 4
313485 66 12
313528 70 14
313540 67 11
313697 72 9
314282 53 5
316788 76 1
317250 81 2
317283 11 82
317422 66 2
317484 50 0
317512 62 0
317584 69 1
317593 75 1
317611 95 1
318064 77 1
318072 70 1
318121 81 2
318173 85 3
318439 105 2
318454 82 2
318798 71 0
318814 65 0
319400 48 1
319432 39 1
319458 40 0
319534 108 0
319627 64 0
319671 37 1
319801 73 1
319927 47 2
319972 61 2
320976 64 1
321686 63 0
321995 100 1
322001 98 1
322907 69 0
323678 58 0
323948 85 1
324299 50 0
324467 102 3
324740 74 3
324775 80 3
324854 77 1
324866 64 1
324876 53 1
324899 54 1
325223 62 1
325496 84 2
325838 84 1
326081 75 0
326273 90 1
326549 74 2
327152 57 0
327479 69 0
329329 85 3
331688 75 4
332354 70 1
332420 78 0
332428 79 0
332461 101 1
332600 55 0
332719 99 2
332856 68 1
332948 63 1
333006 92 2
333147 68 0
333288 72 0
333614 74 0
333922 84 0
334430 79 1
334551 55 0
334556 51 0
334602 68 1
334639 83 1
334758 84 0
335121 61 3
335260 82 3
335413 61 2
335626 59 0
335716 87 0
335761 92 0
336613 57 2
337016 65 0
337027 66 0
337125 66 1
337297 89 0
337550 68 3
337942 79 1
338571 67 1
338731 73 1
338909 62 1
339394 75 1
339406 71 3
339550 96 1
339787 64 0
339971 84 1
339998 59 2
340058 45 4
340358 58 1
340396 57 0
340470 59 2
340759 51 0
340869 91 3
340986 78 1
341148 59 1
341262 53 0
341529 84 2
341613 86 0
341910 80 1
342426 70 2
342681 86 1
343095 53 2
343119 53 3
343244 70 1
343337 60 3
343509 81 0
343543 83 0
343549 82 0
343566 83 2
343757 78 2
343845 78 1
345170 59 4
345743 84 0
345761 91 0
346055 72 0
346493 79 1
347159 89 2
347634 47 6
347671 64 8
347886 47 5
348244 73 9
348426 51 5
348589 67 7
348594 75 10
348849 55 5
348890 53 3
349165 78 11
349191 84 13
349557 75 3
349641 42 7
349703 74 6
349760 73 10
349771 60 8
350073 69 7
350215 65 10
350293 59 6
350320 49 8
350350 59 10
350503 75 4
351116 60 8
351623 72 9
351632 80 8
351689 73 6
351737 53 5
351854 59 1
352151 69 8
352175 64 10
352524 71 9
353084 71 4
353318 70 6
353384 53 3
353443 68 7
353741 49 7
353840 61 7
354029 58 9
354086 72 7
354104 71 6
354190 66 5
354287 68 3
354376 51 9
354397 52 7
354457 91 12
354506 61 5
354515 63 4
354540 57 5
354839 74 1
355015 55 9
355273 70 9
355439 55 3
355643 40 6
355978 57 6
356170 57 8
356362 42 7
356497 87 6
356527 64 7
356920 53 3
357413 61 11
358168 74 7
358315 77 5
358489 57 4
358866 78 8
358966 43 8
358981 42 8
359047 61 9
359739 56 12
360039 69 4
360217 64 8
361808 46 5
362059 69 9
362168 94 10
362413 69 8
362637 65 9
363128 56 6
363315 60 9
363591 72 6
363648 76 4
364191 64 5
364742 74 5
364762 68 5
365034 57 10
366442 51 9
366607 59 6
366817 64 4
366883 68 8
366991 56 6
368027 63 27
368314 55 15
368639 60 21
368810 46 14
368915 55 18
369135 58 15
369179 76 21
369234 67 27
369549 76 25
370691 57 14
371143 45 17
371600 43 10
372353 51 3
372469 46 13
373375 57 6
373414 78 6
373420 82 7
373550 44 8
373960 61 6
374743 6 51
374758 45 8
375269 50 9
375972 64 5
376259 56 7
376419 56 7
376793 60 5
376906 74 7
376924 58 5
377038 33 8
377423 57 9
377506 69 12
377753 71 12
379221 49 32
379230 50 30
379924 29 30
380534 55 36
380573 45 39
381527 36 27
381566 24 24
381787 38 33
381940 33 23
381946 32 25
382507 48 33
382582 43 29
383016 39 23
383861 55 25
384107 51 19
385186 47 29
385259 46 33
385841 54 33
385847 50 34
386849 45 35
386906 30 16
386939 27 25
387144 32 32
387314 37 36
387484 38 33
387748 45 34
387839 30 25
389388 36 26
390295 39 25
390682 54 33
390839 17 25
390925 38 28
391018 40 21
392866 34 26
392910 58 48
393073 37 28
393413 36 21
393930 50 37
394152 31 30
394896 46 38
395940 41 34
396045 47 28
396213 36 39
396915 58 41
397314 42 37
398063 33 41
398167 39 42
398241 41 34
398298 41 26
398322 34 35
398391 41 36
398397 39 36
398601 52 40
398796 44 27
398862 40 42
399863 22 16
399890 23 16
400284 44 23
400619 46 22
400922 31 28
401111 28 35
401135 35 41
401141 39 42
401499 27 24
401664 34 18
402116 38 35
402197 42 41
402604 27 28
403093 47 28
403406 44 33
403733 37 31
404240 32 20
404638 57 31
404937 34 22
405000 25 29
405009 25 36
405469 38 28
405554 39 27
405773 48 31
405780 55 35
406014 49 35
406320 32 41
406805 24 24
407821 37 36
408479 42 30
408593 44 26
408728 50 26
408775 48 32
409121 35 24
409157 28 26
409790 30 22
410120 32 31
410673 45 22
410944 60 31
411036 33 26
411303 44 38
411522 30 23
412349 52 41
412746 37 19
413415 35 26
413507 42 25
413827 37 20
413846 34 24
414285 38 28
414370 37 30
414679 55 24
414723 48 21
414767 48 32
414806 53 33
414823 51 18
415470 25 18
416341 53 29
416413 42 20
417125 42 25
418462 54 46
418504 39 43
418891 50 45
418930 45 39
419034 32 29
419107 50 33
419249 29 23
419383 39 23
419522 53 25
420347 36 44
420413 31 34
420579 24 26
420669 42 32
420732 47 18
420803 40 31
420822 43 35
421032 36 22
421053 42 21
421172 48 30
421201 53 39
421796 40 32
421967 25 33
422180 35 38
422366 41 35
422891 39 37
423543 23 44
423666 28 40
423768 33 52
423906 25 25
424112 18 35
424190 32 56
424198 31 50
424493 20 43
424700 26 48
424854 34 64
424949 34 60
425352 36 51
425361 35 46
425409 30 37
425420 21 40
425561 24 36
426479 28 39
426810 32 58
427128 46 42
427156 44 38
427223 42 32
427276 36 24
427404 30 28
427439 29 19
428173 26 34
428194 19 29
428773 19 40
429432 31 29
429509 32 43
429710 35 45
429941 34 26
430537 26 34
431758 42 43
431818 30 46
431867 38 58
432230 39 42
432357 38 63
432666 31 68
433359 31 40
433453 53 51
434445 35 53
434674 36 53
434725 39 46
434928 32 35
435052 21 30
435347 42 44
435458 25 39
435524 27 38
435770 29 46
435854 24 49
435998 27 42
436361 33 57
436664 38 56
437156 30 43
437626 15 55
437906 32 47
438056 25 36
438083 29 45
438176 22 43
438200 30 44
438239 25 28
438530 22 42
439127 32 44
439319 29 50
439647 34 51
439677 27 61
439721 21 62
439765 24 38
439896 25 37
440114 9 45
440958 15 34
441062 22 36
441179 28 39
441635 16 24
441965 31 47
442001 25 49
442097 25 54
442944 22 24
443544 27 50
443925 23 27
444773 32 62
445204 25 52
445679 22 48
446866 22 39
447106 17 46
447328 21 43
447460 25 32
447528 25 45
447971 22 43
448026 17 54
448169 16 35
448278 25 55
448852 26 47
449201 25 42
449390 34 52
449663 37 46
449742 33 53
450777 24 24
451685 20 41
452098 26 43
452522 26 39
452936 12 30
453220 16 40
453231 15 41
453405 18 40
453692 24 38
454292 37 38
455046 36 42
455364 26 47
456017 15 25
456123 10 28
456850 35 51
456934 38 46
457213 26 32
457618 36 34
457684 46 40
458048 25 44
458437 39 56
458530 22 31
458729 27 59
458766 21 48
458901 26 37
458910 27 42
459061 25 38
459415 28 25
459631 17 28
460405 24 45
460615 31 38
461129 26 51
461732 30 48
461861 29 33
461965 37 43
462277 19 33
462322 26 42
462427 33 49
462517 38 34
462913 28 26
462976 35 49
463039 34 46
463407 32 38
463486 29 43
463786 25 47
463844 24 28
463898 11 38
464354 27 25
464817 23 41
464832 23 36
465730 34 56
465847 28 37
465862 25 35
465887 22 39
466536 46 38
466664 34 36
467156 36 42
467180 36 37
467313 20 39
467324 27 48
467330 24 41
467656 32 39
467693 35 42
467750 30 26
468432 42 33
468442 42 29
468551 39 34
468713 46 34
468862 30 42
468956 35 32
468968 34 35
469277 23 12
469366 27 18
469416 26 20
469474 21 12
469542 41 26
469600 37 24
469827 32 33
470104 38 29
470673 39 36
471124 33 26
471240 26 35
471518 26 30
472032 18 36
472326 30 31
472347 29 42
472605 32 42
472707 28 31
472719 28 34
472725 26 30
473277 32 35
473313 35 30
473385 22 34
474073 30 27
474160 35 37
474623 40 54
474816 28 43
474829 29 52
474842 27 51
474901 29 36
475000 30 40
475047 34 26
475057 22 21
475631 29 31
475807 25 39
475825 31 30
476005 47 27
476240 43 38
476245 42 32
476256 33 26
476264 36 26
476908 40 41
476971 26 41
477115 43 47
478578 36 47
479182 27 33
479497 33 38
479601 36 39
479803 21 19
479895 40 42
480160 35 45
480417 24 44
481055 22 33
481403 19 37
482314 42 53
482457 22 17
482578 28 35
482659 46 37
482954 28 44
483035 26 23
483504 41 35
484205 37 36
484881 39 29
485544 32 41
485682 45 36
485691 43 37
485970 45 48
486189 31 50
486807 41 42
487486 26 48
487738 16 30
488003 28 49
488364 27 43
488437 34 36
488684 35 23
488705 40 24
488713 41 25
488727 48 40
488733 40 40
488740 43 41
489160 43 27
489289 30 21
489591 27 18
490377 30 37
490763 29 42
491172 47 63
491310 32 38
491444 24 29
491753 4 10
492149 36 41
492361 32 21
492790 18 26
492819 26 34
492946 33 34
493655 39 35
493895 28 51
494066 42 46
494280 29 47
494756 32 28
494779 29 28
494894 35 39
494951 42 41
495187 32 39
495482 16 27
495912 51 41
496063 28 32
496105 42 44
496227 42 41
496276 35 38
496534 18 21
496549 12 18
496666 40 47
496693 35 43
496912 24 33
497200 21 22
497257 37 25
497301 29 23
497315 24 28
497767 31 38
498868 29 40
498890 34 31
498904 36 34
499078 28 36
500042 30 32
500526 15 43
501084 26 32
501205 37 48
501272 44 33
501816 38 37
502675 20 32
504062 32 34
504083 27 46
504247 31 41
504893 31 28
505103 51 42
505190 26 40
505283 26 26
505706 31 30
505739 22 28
505766 33 36
505843 30 29
506155 38 40
506192 37 26
506671 24 32
506802 25 51
506874 29 36
506937 25 31
507209 33 41
508042 20 31
508053 22 28
508128 27 50
508579 38 39
509125 41 45
509146 37 43
509174 29 36
509188 27 34
509194 22 35
509282 20 34
509484 37 33
509502 26 30
510526 30 31
510604 30 36
510631 24 36
510788 30 35
511324 29 39
511423 20 26
511693 35 53
511783 48 39
512074 37 43
512107 55 62
512224 36 28
512372 24 32
512929 24 42
513647 26 38
513772 38 35
514103 36 29
514274 35 25
514295 35 17
514418 27 51
514468 29 39
514638 35 28
515223 36 35
515244 35 32
515854 46 34
516145 37 29
516401 42 37
516478 40 29
516853 37 25
516885 39 31
517053 36 24
517172 40 35
517467 48 36
517518 33 37
517695 44 32
518237 21 24
518339 26 14
518390 31 22
519032 36 35
519617 61 37
519632 60 33
519674 47 37
519790 35 16
520235 40 28
520529 45 31
520553 32 24
520730 64 36
521333 49 20
521417 28 24
521636 50 28
521717 46 33
521778 43 22
521787 45 19
522147 45 22
522206 33 21
522792 49 44
522923 44 27
522997 27 16
523033 23 15
523504 42 33
523726 34 31
523894 34 28
524552 36 27
524558 36 27
524582 35 30
524739 37 31
524913 11 14
525150 20 28
525379 20 34
525855 26 42
525902 19 23
526281 44 24
527530 55 41
527802 49 44
528074 37 30
528233 35 39
528495 23 20
528710 23 29
529157 26 32
529294 39 29
529849 41 35
530598 40 42
531630 35 43
531703 30 41
532267 38 43
532817 42 46
532837 48 43
532956 30 25
532967 28 30
533187 33 28
533209 34 24
533548 45 31
533568 38 35
533593 38 34
534482 33 48
534517 42 48
534604 43 40
534907 49 47
535291 26 40
535574 33 33
535789 50 33
535873 36 48
536011 28 31
536158 37 39
536218 29 26
536299 29 25
536554 27 28
536671 27 33
536755 25 37
536779 23 31
537034 43 36
537071 30 38
537130 45 39
537142 43 36
537592 25 35
537822 36 31
538035 50 41
538124 32 47
538204 37 33
538426 42 29
538432 44 33
538809 32 35
538894 29 32
538933 43 47
538993 39 40
539134 17 19
539218 45 44
539309 31 26
539386 34 30
539517 43 42
539554 41 46
539636 38 33
539704 38 28
539790 32 46
540006 35 36
540042 39 49
540324 27 32
540348 42 39
540468 34 33
541036 40 36
541475 26 21
541594 32 47
541912 26 32
542149 26 42
542386 41 40
542571 28 26
542649 34 39
542769 35 30
543010 41 36
543160 39 38
544677 38 32
545295 40 52
545835 33 45
545876 22 30
546526 29 38
547266 31 21
547883 42 41
548029 40 39
548486 34 28
549073 21 39
549208 36 39
549244 38 27
549433 34 38
549462 34 46
549478 33 35
549496 45 38
549787 21 39
550057 28 36
550215 29 39
550255 41 49
550332 25 37
550362 30 37
550755 39 37
551622 33 36
551694 66 52
552207 27 39
552310 9 62
552319 34 38
552888 36 39
553728 38 45
553836 29 31
554195 29 41
554258 37 36
555271 42 49
555811 49 38
556564 32 34
557016 44 35
557494 43 26
557608 48 53
557653 46 36
557689 34 29
557850 40 40
558283 46 41
558455 22 29
558534 51 47
558902 32 29
558930 38 37
559955 32 22
560039 48 37
560144 53 35
560236 41 35
560344 19 22
560359 21 28
560452 39 48
560464 41 46
560615 24 20
560667 17 41
560680 8 40
566963 19 30
566993 20 35
567096 18 37
567106 24 38
567136 35 30
567240 26 26
567250 31 35
568254 34 27
568423 53 30
569407 26 29
570468 26 23
570491 33 22
570705 22 27
571902 37 34
572521 25 32
575354 37 26
576535 39 32
577142 37 34
577472 53 37
577583 50 40
577595 44 33
577639 57 45
577799 21 31
577890 41 37
578278 29 34
578478 33 29
578551 20 26
578662 42 36
579069 36 38
579848 39 32
580158 39 40
580505 50 41
580581 35 43
580911 36 24
581105 34 34
581165 50 41
581292 30 26
581346 51 32
582126 37 32
582145 38 31
582599 28 23
582837 56 49
583519 40 38
583638 43 44
583924 45 40
583957 32 27
583975 33 26
584047 24 25
584283 24 25
584294 19 25
584390 46 34
584403 38 36
584503 30 26
584512 29 20
584690 36 24
584840 48 41
584884 39 29
585171 34 35
585252 39 29
585322 17 20
585361 29 22
585409 42 26
585466 41 35
585559 31 24
587096 36 25
587752 41 40
588154 32 38
588528 29 29
588713 37 33
588807 33 32
588910 43 34
589460 51 22
589633 39 28
589675 36 26
589827 24 20
590042 32 24
590113 22 24
591136 39 38
591289 39 32
591474 41 40
591573 46 36
591713 52 40
591811 41 48
591982 25 34
592237 27 38
592744 31 37
593011 33 28
593053 39 25
593506 37 29
593590 24 26
593968 32 29
594016 33 29
594064 38 39
594592 34 27
594856 45 32
594903 36 27
594955 31 32
595629 33 9
595675 45 31
595907 41 33
596786 62 48
597263 26 36
597299 58 47
597932 52 31
597968 35 29
598052 36 24
598154 29 34
598331 37 39
598588 37 23
598631 33 24
598799 26 38
598894 54 28
599139 47 35
599499 48 31
599819 52 30
600771 42 31
601324 24 36
601769 30 31
602439 32 34
602528 10 12
602912 23 23
602939 24 26
602944 26 26
602954 22 21
602959 28 23
603041 15 26
603529 48 38
603541 55 40
603553 56 36
603574 44 35
603713 45 43
604069 39 40
604625 53 40
604820 38 30
604934 30 39
605107 38 33
605159 32 23
605469 26 25
607825 27 28
607920 40 38
608110 36 27
608126 41 30
608133 47 37
608404 43 47
608698 47 18
608913 73 10
609219 31 27
609412 41 39
609432 46 43
609501 30 33
609595 41 47
609836 30 31
609856 29 37
609919 32 41
609964 15 32
609983 24 32
610152 34 33
610400 42 32
610795 31 25
611440 40 52
611461 43 46
612160 51 38
612169 47 30
612253 31 40
612310 36 33
612391 27 41
612694 23 27
613151 34 26
613268 39 45
613351 32 29
613780 38 39
613811 31 42
614069 30 35
614087 26 36
614573 34 40
614637 23 32
614718 32 46
614789 42 41
614928 30 22
615831 29 40
616061 38 52
616184 37 46
616325 43 36
616636 40 41
616674 43 36
616752 32 37
616889 36 23
616937 32 24
617289 46 37
623603 11 12
623751 23 21
623901 32 46
624090 28 26
624851 46 36
624881 35 28
625040 35 43
625379 47 44
625423 35 32
625610 20 23
625705 51 41
625904 32 32
625952 36 29
625975 37 25
625991 52 47
626335 33 44
626507 33 36
627026 64 21
628275 36 10
629279 48 18
629420 51 41
629429 48 40
629756 67 26
629951 29 15
630231 55 16
630519 66 27
630762 55 30
630803 43 27
630953 54 18
631064 66 29
631208 35 12
631236 49 24
631264 48 24
631993 67 25
632135 47 26
632396 51 20
633307 70 31
633548 59 22
633675 49 19
633868 45 18
634952 59 22
635519 59 18
635525 56 21
635941 43 18
636209 26 8
636311 50 28
636320 53 24
636390 63 15
636401 53 17
636455 54 20
636722 45 24
636889 52 19
637146 50 19
637152 41 21
637686 44 26
637866 40 20
637938 53 20
638505 67 30
638778 42 28
638784 46 27
639385 50 12
639493 44 10
640833 54 20
641412 53 11
641873 52 9
642276 58 13
642762 57 24
643026 53 24
643857 31 13
643903 42 13
643965 16 16
644201 31 12
644206 34 15
644456 33 15
644636 54 29
646207 61 15
647778 38 11
648049 42 18
648792 49 16
649034 38 13
649144 45 13
649978 71 25
650185 75 26
650610 31 23
650802 39 13
650892 43 20
651171 54 22
651232 49 18
651270 61 29
651453 53 17
652836 67 24
652875 49 31
653127 36 19
653181 32 16
653523 60 16
653592 53 21
654185 56 25
654212 54 24
654276 21 30
654282 21 26
654330 30 12
654368 14 12
654388 20 9
654595 46 11
654735 53 13
654748 52 19
654913 53 21
654929 58 25
655367 55 18
655404 38 16
655526 7 6
655560 36 14
655925 55 24
656594 70 26
656783 47 25
657203 51 17
657421 72 25
657650 58 14
657661 57 21
657967 64 21
658396 48 20
658559 57 27
658711 35 16
658768 38 27
659320 41 23
659587 40 24
659721 60 16
659737 62 20
659877 35 16
660145 37 22
660445 63 27
660483 50 28
660518 61 19
660973 41 9
661218 54 30
661404 52 21
661780 80 30
661817 80 30
662097 71 24
662277 40 19
662515 51 23
662871 49 29
663126 60 25
663165 52 29
664146 61 20
664422 55 15
664577 64 24
664733 67 23
664765 60 27
665097 56 14
665198 44 16
665239 41 30
665916 49 23
666754 49 33
667752 50 18
667794 42 19
667833 51 21
667894 57 21
667953 62 19
668240 75 24
668275 65 17
668854 77 26
668869 54 24
668875 50 23
669032 47 15
669256 64 25
670927 38 9
671662 55 15
671809 72 22
671931 66 20
672187 63 12
672241 54 24
672502 47 12
672520 50 10
672553 61 14
672635 47 16
672802 55 17
672844 46 16
672854 43 14
672986 66 15
673085 56 21
673241 57 24
673842 60 28
674644 56 22
674700 61 12
674953 54 29
675001 55 21
675153 55 28
675191 59 29
675491 59 15
675521 69 21
676017 23 52
676076 49 20
676241 5 6
676279 17 18
676300 26 19
676305 24 20
676361 47 21
677344 49 16
677560 32 15
677679 46 15
678015 51 14
678627 44 14
678883 41 16
678981 50 14
679293 66 42
680650 66 19
680862 61 20
680873 63 20
680975 56 19
681601 57 23
681844 58 12
682228 63 11
682375 68 31
682534 53 8
682561 80 17
682697 62 14
682773 66 17
682845 61 18
683262 50 12
683282 49 12
683468 74 27
683721 66 12
684158 57 17
684290 64 23
684315 64 19
684386 84 28
684572 71 20
684800 74 7
684809 72 7
684880 36 18
684885 38 17
684904 46 18
685125 61 21
685362 50 19
685518 75 27
686380 75 22
686626 46 16
686644 48 18
686947 59 11
687016 83 20
687205 61 24
687686 55 22
687743 79 12
687831 76 17
687991 71 14
688306 62 26
688332 71 27
688349 62 24
688362 78 30
688390 67 21
688433 50 28
688441 43 23
688541 54 13
688773 76 27
688787 76 28
688842 62 29
688850 58 25
688866 60 21
688890 60 27
688917 54 26
688942 50 22
688983 42 21
688995 41 15
689010 42 18
689034 58 23
689055 49 22
689062 45 24
689119 37 20
689853 85 19
689874 94 20
689900 54 17
689958 74 21
690256 79 12
690449 49 8
690774 57 10
690870 52 19
691038 67 24
691224 45 11
691290 46 15
691884 48 14
691890 46 16
691965 41 25
692357 61 16
692479 58 16
692610 65 15
693082 57 22
693573 67 17
693633 60 24
693738 65 20
695466 61 19
695641 62 31
695860 54 16
695870 42 17
696337 52 14
696513 59 23
696930 53 17
697535 56 17
697884 58 16
698278 74 28
698304 56 17
698385 73 21
699295 54 15
699417 59 14
699598 63 14
700389 54 25
700507 53 16
700545 51 18
700717 61 16
700729 62 14
700755 71 16
700845 3 22
702568 59 18
702810 60 14
702987 99 32
703230 48 12
703307 80 20
703601 84 15
703650 59 13
704259 81 15
705552 59 9
705573 82 12
705597 89 20
706014 85 17
706182 83 23
706614 53 6
706626 63 7
706764 70 15
706773 62 16
706810 71 16
706818 67 10
706989 51 14
707808 62 16
707922 86 24
708219 44 10
708582 54 16
708606 38 14
708652 72 13
708792 54 13
708962 69 17
709085 62 23
709091 73 24
709307 64 16
709331 47 17
709381 47 14
709532 81 17
710477 55 12
711237 77 17
711944 41 7
712073 89 11
712088 23 76
712103 9 71
712970 55 38
713450 45 36
713533 34 35
714490 60 47
714517 49 33
715314 50 26
716181 45 35
716425 32 31
716778 39 31
716820 37 29
716876 56 33
716997 51 29
717384 59 41
717461 62 35
717543 43 25
717774 62 42
718394 35 29
718602 52 25
718860 40 22
718865 39 23
719011 50 31
719109 44 30
720488 50 39
720575 32 26
720716 53 29
720764 47 20
720776 48 20
720794 46 19
720920 40 13
722333 52 33
722530 53 39
722558 42 36
722924 29 38
723013 53 41
723965 49 35
724028 41 30
724179 42 23
725307 63 28
728292 49 27
728550 54 37
728613 44 29
728694 54 30
728991 35 18
729141 58 32
729424 55 22
729531 59 25
729969 54 41
730029 57 52
730704 33 26
730793 36 26
730865 75 36
731363 66 17
731466 54 23
731564 62 28
732544 42 30
732599 42 48
732672 33 26
733482 39 41
733542 41 26
733657 52 46
734136 48 28
734245 45 27
734379 63 50
734460 51 31
734480 40 24
734492 40 24
734727 37 27
735134 39 32
735297 41 37
735519 78 48
736335 60 49
736460 55 41
736686 51 26
737116 78 32
737131 66 28
737409 53 36
737747 66 32
738088 45 25
738153 62 31
738405 40 18
738643 45 35
739404 49 46
739438 44 41
740054 49 30
740696 53 33
740777 57 37
740791 54 34
740949 64 39
740969 54 33
742062 52 31
743752 44 27
743893 58 37
743914 56 46
743980 55 36
744234 64 54
744274 56 43
744523 67 35
745206 42 30
745545 55 33
746823 47 40
747375 56 36
747448 45 38
747490 50 29
747504 53 25
747833 56 48
747900 55 37
748237 37 28
749003 48 35
749139 54 29
749890 60 41
750516 50 36
750878 54 41
751229 54 53
751594 41 39
753359 29 27
753510 44 37
753977 35 47
754040 46 63
754135 33 37
754453 52 48
754525 36 49
754849 44 44
755191 46 49
755606 37 54
755852 26 43
755964 49 56
756004 56 68
756298 60 49
756530 38 45
756641 39 55
756901 76 6
756926 74 6
757034 83 4
757053 64 5
757086 79 6
757253 65 10
757271 62 8
757301 69 7
757340 66 10
757394 62 10
757462 72 9
757469 71 9
757580 80 9
757592 77 7
757610 76 6
757776 63 7
758497 64 4
758513 85 3
758672 68 3
758766 74 6
758798 73 2
758808 69 2
758837 63 2
758846 65 3
759015 73 7
759054 79 5
759133 69 6
759247 57 4
759333 73 9
759426 89 10
759435 75 10
759954 56 5
759962 49 5
761265 80 6
763047 71 8
763404 92 8
764517 95 8
764703 90 5
764832 59 5
764847 77 11
765405 86 7
765993 90 6
766887 82 6
767061 62 6
767430 75 10
767916 92 9
767958 65 4
768217 74 1
769114 66 3
769130 68 5
769330 61 2
769365 67 2
769413 70 4
769764 56 10
769950 102 11
769977 102 9
770160 111 7
770295 69 6
770307 51 7
770672 76 4
770796 97 10
770856 76 7
771324 72 11
772138 122 8
772763 53 2
772937 65 10
773006 94 6
773102 50 1
773411 71 5
773766 106 15
773818 118 16
773869 85 5
774257 66 5
774802 66 15
774809 74 14
775024 71 8
775175 74 4
775250 69 7
775920 88 4
776166 125 10
776200 114 11
776231 110 9
776295 98 11
776392 76 9
776569 111 12
776692 73 2
776744 78 4
776859 82 6
777194 80 6
777218 73 7
777269 7 7
781699 49 10
781730 54 8
781812 54 3
782272 94 8
782899 52 26
783706 41 28
783736 49 33
784132 52 36
784629 75 31
784798 34 30
785189 34 26
786037 48 27
786172 51 36
786608 26 41
786638 54 25
787268 48 40
787331 66 36
787370 79 36
787427 67 26
787616 60 24
787820 62 4
788173 60 14
788324 62 9
788514 67 6
789327 75 6
789806 80 3
790203 67 8
790342 70 5
790555 79 1
791179 78 7
791521 85 10
792449 102 9
792783 108 6
793900 67 3
794074 84 11
794098 84 13
794162 81 10
794851 79 9
794908 79 2
794937 69 4
794963 61 4
795551 87 7
795559 85 7
796471 74 13
797059 71 3
797113 79 7
797140 92 8
797244 65 9
797751 80 6
797947 46 4
797979 80 9
798094 115 9
798229 71 4
798273 78 5
798307 85 9
798400 98 13
798684 66 3
798801 86 13
799071 76 6
799279 83 11
799464 77 8
800226 88 9
801078 72 6
801356 92 5
801836 61 4
802115 92 2
802316 67 0
802369 82 4
802388 75 4
802477 65 8
802538 101 5
802655 79 6
802730 92 7
802754 75 5
803483 65 6
803717 61 7
804722 72 13
804907 66 10
805890 104 15
806643 78 3
807636 104 9
807675 77 8
807681 74 8
808188 65 13
808439 71 10
808857 73 11
809091 71 4
809355 65 4
809846 95 8
809941 88 8
810171 87 9
810219 80 12
810613 89 5
811041 85 4
811231 91 10
812664 89 12
812811 83 8
813447 77 10
813630 39 9
813657 48 9
813663 51 7
813832 28 6
813987 33 2
814020 17 2
814154 48 6
814593 97 8
814629 81 6
815136 85 7
815580 67 3
816377 65 8
816931 73 4
817148 76 9
817721 70 9
818285 71 8
819153 88 5
819192 82 6
819281 78 7
819296 78 7
819910 103 11
820410 97 10
820529 86 5
820857 104 7
821003 84 5
821132 89 12
821262 112 6
821376 68 8
821481 78 4
821645 91 6
821978 82 6
822493 84 7
822751 94 7
822772 92 9
822822 84 13
822901 91 12
822930 88 12
823049 83 7
823645 96 3
823663 88 5
824067 49 3
824452 88 7
825032 79 7
825479 70 10
825560 103 15
826180 66 5
826872 98 13
826935 86 6
826956 80 5
827115 92 9
827166 111 11
827188 80 9
827223 91 10
827408 68 4
827514 64 5
827625 73 4
827708 69 7
828183 87 15
828324 90 13
828423 91 7
828441 82 5
828640 88 6
828666 76 8
828755 85 10
828846 83 9
829173 81 6
829523 85 7
829756 73 12
829862 101 9
829918 91 15
829944 71 9
830352 74 8
830366 73 7
831877 89 8
832599 11 1
833277 8 5
833397 28 3
833449 23 5
833469 17 13
833493 11 14
833520 18 13
833616 52 8
833745 61 3
833874 58 9
834401 73 15
834513 93 8
834975 50 4
835219 50 5
835793 86 9
836045 79 8
836376 90 5
836387 95 4
836522 66 8
836750 67 3
836825 68 8
837074 84 4
837114 78 8
837521 68 5
837774 80 10
837898 88 9
838057 83 8
838164 96 10
838184 98 12
838254 77 9
838269 75 8
838374 56 11
838687 87 6
838864 73 2
838902 68 4
839730 80 13
839748 64 11
839778 76 10
839864 71 12
840192 92 5
840780 115 9
841318 98 10
841885 52 10
842199 79 7
842301 86 7
842366 74 7
842428 71 6
842452 85 5
842689 89 13
842727 65 10
842741 64 12
842900 97 8
843517 91 6
843933 70 7
844122 55 6
844204 95 17
844341 87 5
844533 74 7
845568 96 12
846302 103 8
846314 99 9
846437 82 7
846549 111 16
846819 77 9
847003 105 9
847151 80 5
847179 104 6
847196 84 2
847283 86 9
847455 108 13
848989 64 4
849210 102 5
849271 89 12
850447 53 4
850633 58 6
850857 40 7
851037 71 8
851094 83 6
851118 70 9
851148 49 7
851163 51 7
851271 61 7
851337 70 6
851424 64 9
851591 67 2
851793 89 8
851913 83 10
851958 80 11
852433 71 4
852922 72 7
853000 92 8
853630 81 3
854059 94 13
854260 104 16
854339 101 10
854968 74 3
855033 71 7
855437 70 8
855593 94 12
855648 65 4
856222 94 18
856608 67 14
858128 75 4
858162 67 6
859304 115 12
859654 78 8
860736 47 10
861610 92 10
862486 92 10
862504 92 12
862557 81 9
862572 87 9
862629 78 10
862651 84 9
862715 79 8
862739 88 8
862783 89 9
862836 80 10
862960 93 9
863036 90 7
863065 80 10
863089 76 13
863116 87 11
863340 96 6
863375 76 5
863462 95 4
863483 90 3
863539 76 4
863890 75 5
864181 73 2
865983 74 19
866073 83 19
866107 82 17
866270 57 14
866313 59 29
866378 78 34
866571 68 11
867293 74 17
867419 75 13
867565 67 15
867663 91 22
867833 70 17
868049 88 22
869475 79 19
870180 35 57
870636 30 57
871152 48 53
871308 33 60
871395 32 71
871419 41 83
871446 29 69
871482 36 63
871493 32 68
871818 39 66
871968 35 41
872025 47 59
872235 23 42
872325 20 35
872712 32 52
873370 8 65
874665 10 83
878086 14 121
878350 10 76
881198 19 100
882013 12 107
882083 12 85
882116 13 88
882257 16 98
882428 11 71
882473 10 69
882633 12 55
882737 11 45
882823 13 74
883108 15 86
883306 11 99
883797 13 117
885085 11 89
885199 9 69
885205 9 80
885234 13 100
885244 13 90
885586 14 91
885592 9 75
885820 10 77
886210 9 60
886711 14 94
887677 10 57
888241 10 76
888397 15 86
888559 17 89
889218 16 110
889518 24 105
889564 16 87
890225 12 60
890247 19 78
891401 15 92
891431 12 82
891703 15 76
892375 14 86
892528 11 75
893095 16 79
893122 14 69
893137 17 87
893876 11 82
894519 13 88
894965 11 78
895506 12 78
895533 10 78
895752 11 69
895774 11 76
895893 11 73
897711 25 84
898060 25 88
898228 23 78
898396 16 70
898419 19 60
898624 17 80
898642 20 81
898935 23 84
899088 27 91
899097 20 83
899398 21 63
899425 25 64
899455 24 79
900457 14 65
900466 14 77
901388 23 75
901612 25 76
901753 20 75
901792 23 87
901936 12 97
902136 17 69
902266 24 58
902279 23 78
902335 16 78
902575 33 70
902918 12 67
903091 7 63
903222 27 92
903359 18 73
903440 13 74
903650 24 76
903683 25 59
903698 23 58
903816 13 46
903934 24 36
904309 110 86
904583 19 138
904871 65 42
904900 15 106
904919 57 40
904941 62 52
905110 115 85
905410 105 72
906116 108 67
906155 128 89
906373 82 63
906497 90 116
906705 24 164
907008 84 74
907105 99 66
907120 100 58
907126 97 53
907141 105 66
907186 93 77
907265 80 68
907665 74 111
907677 83 76
907686 70 134
907777 103 71
908376 139 96
908444 97 98
908472 71 83
908655 110 94
908742 18 129
909031 94 57
909205 131 96
909467 142 101
909633 22 104
909637 62 66
909703 116 74
909732 23 168
909772 112 109
909799 110 78
909805 111 78
909952 118 69
910002 110 83
910043 76 65
910111 101 61
910481 100 98
910489 127 73
910626 123 76
910634 100 98
910870 61 98
911161 116 50
911489 121 51
911527 116 53
911563 99 73
911635 95 63
911640 89 63
911658 95 63
911664 100 72
911736 127 92
911776 113 72
911826 120 70
911847 125 74
912017 114 93
912507 127 93
912743 96 67
912892 147 87
912915 130 82
912983 70 50
913409 86 81
913432 77 64
913533 85 75
913713 123 90
914324 111 82
914373 126 93
914519 91 68
914613 112 82
914856 139 101
914946 88 65
915207 123 100
915223 118 104
915244 92 79
915295 87 58
915552 88 68
915780 127 78
915993 104 59
916798 92 74
917388 88 71
917592 146 113
917938 101 102
917999 88 76
918149 119 118
918179 116 96
918308 76 88
918370 82 68
918454 110 85
918491 96 95
918670 83 80
918826 111 102
918843 110 84
918865 99 83
918884 105 97
918990 79 81
919057 100 98
919105 97 98
919155 95 68
919212 76 75
920134 111 105
920206 89 81
920473 90 86
920541 62 64
920594 79 82
920644 105 82
920779 87 83
921014 80 93
921256 19 41
921264 11 50
921777 104 83
922058 107 87
922319 85 99
922433 93 93
923114 87 106
923153 72 71
923332 75 62
923340 67 55
923391 86 65
923741 77 90
923895 73 84
924141 71 104
924179 61 90
924202 70 101
924221 61 82
924271 65 113
924304 57 95
924380 77 86
924430 68 92
924489 30 67
924503 15 101
924516 14 99
924577 18 113
924630 40 116
924645 16 127
924672 26 111
924712 34 91
924859 44 153
924865 44 151
924871 95 96
924897 58 101
924931 27 124
924937 30 117
924962 31 126
924969 37 111
925003 15 106
925184 25 83
925190 24 80
925444 9 20
931857 5 27
931876 5 20
931908 2 11
