239 11 79
261 11 82
272 10 65
352 15 60
403 12 70
436 8 72
493 15 76
542 12 54
547 9 55
694 12 87
742 18 78
757 26 79
797 17 104
955 14 98
985 40 75
1002 13 78
1273 13 109
1336 75 93
1604 7 63
1849 3 27
2143 7 34
2885 15 107
3071 10 73
3186 16 114
3301 10 67
3692 12 102
4062 27 127
4132 16 99
4698 13 83
4939 15 87
5622 11 66
5819 11 49
5944 11 79
6092 19 105
6226 18 142
6350 14 85
6496 13 82
6664 9 58
6672 14 71
7759 21 93
8195 12 68
8742 13 91
9073 20 98
10078 18 67
10556 17 90
10703 15 98
10925 19 101
11132 16 76
11642 17 129
11956 14 102
12647 19 95
12872 19 134
13157 15 75
13424 13 103
14012 13 67
14570 17 98
14893 18 80
16192 25 113
16775 18 70
16834 17 82
17064 8 70
17117 23 84
17151 25 109
17369 13 59
17563 18 101
17820 15 61
18254 16 73
18344 13 84
18586 14 106
18736 9 70
18801 12 71
19130 18 83
19194 15 101
19498 15 102
19652 11 84
19664 12 82
19682 19 80
19690 16 79
19698 16 80
19768 15 85
20063 14 70
20103 10 62
20142 14 81
20175 17 71
20303 7 59
20417 11 85
20476 18 106
20569 13 69
20606 13 68
21129 13 74
21180 16 102
21395 15 56
21444 13 65
21503 11 84
21721 9 50
21743 11 64
21748 11 67
21870 5 35
21897 7 48
22258 3 24
22512 11 98
22651 11 83
23632 27 104
23701 15 70
24350 15 81
24415 13 92
24543 19 64
24672 25 97
24764 14 79
24808 19 87
25093 12 70
25402 11 74
25505 16 101
25745 16 74
25767 17 78
25778 12 62
25790 11 63
25841 17 56
26114 11 67
26225 15 80
26457 12 58
26557 27 119
26730 19 78
26789 19 104
26865 12 93
26905 14 89
26966 14 80
27247 9 67
27449 9 71
27478 8 59
27532 14 88
27697 20 83
27805 11 90
28111 14 63
28552 20 101
28597 19 98
29398 15 92
30142 13 81
30172 12 75
30927 15 94
31079 15 83
31616 20 90
31960 22 99
31966 20 91
31977 18 88
32006 20 72
32118 20 85
32210 21 92
32360 16 90
32368 19 86
32551 32 74
32650 19 60
32860 13 33
32905 25 55
33024 25 68
33050 27 81
33118 25 46
33178 17 81
33952 27 86
35775 9 78
35940 12 102
48318 11 65
48556 13 74
48670 27 123
49858 10 81
49990 9 80
50566 11 72
50981 10 87
51683 26 60
52759 44 56
53550 19 29
53710 44 70
54102 22 65
55279 35 82
55518 29 96
55837 38 74
56928 19 75
57690 21 79
57917 29 64
57964 27 84
58281 32 102
58494 31 62
58635 30 71
58844 30 68
59307 23 65
59424 19 63
59630 18 70
59994 43 103
61134 16 54
61247 32 71
61509 24 43
61712 36 81
62715 37 59
62817 24 86
63114 29 68
63166 34 64
63468 31 76
63820 21 58
64252 17 63
64273 18 75
64468 7 38
64834 41 65
64861 36 71
65320 29 66
65526 37 105
65812 24 81
66317 34 87
66697 25 67
67051 16 82
67107 18 64
67129 21 71
67551 23 75
67799 11 42
68180 6 36
68206 4 34
68243 7 32
68248 8 31
68266 7 40
68392 10 31
68417 17 34
68423 19 38
68553 16 60
68752 25 81
68877 29 53
68889 32 64
69073 19 60
69144 13 48
69218 18 79
69243 14 78
69528 12 62
69666 20 88
69674 25 79
69879 14 77
70182 21 63
70203 25 63
70292 15 68
71395 31 67
71453 23 42
71461 30 64
72151 32 71
72193 23 43
72418 17 68
72751 23 56
72778 29 78
72820 32 74
72862 33 68
72931 22 50
72943 19 50
73060 33 82
73083 41 88
73382 21 70
73423 31 77
73674 28 70
73719 21 60
73951 32 70
73969 25 66
73995 26 91
74161 30 74
74214 39 84
74282 22 50
74287 21 49
74302 20 46
74336 16 50
74393 38 77
74527 24 58
74676 22 62
74796 28 63
74850 29 66
75089 5 31
75155 18 42
75993 70 14
76342 61 18
76361 49 16
76383 67 21
76403 79 20
76783 76 21
77106 50 11
77128 60 11
77400 87 18
77647 63 17
78094 106 28
78373 83 18
78937 64 13
79018 62 17
79214 65 13
79297 75 18
79430 51 17
79593 79 16
79691 73 16
80320 91 9
80363 96 15
80387 100 14
80420 103 9
80465 90 5
80948 37 60
81319 39 49
81326 41 51
81400 32 55
81406 29 61
81449 23 44
81994 38 68
82000 38 61
82012 37 49
82098 30 35
82303 25 41
82352 36 39
82459 29 51
82651 18 39
82875 31 45
83063 31 63
83303 27 56
83327 26 57
83514 31 62
84149 29 73
84331 33 61
84407 27 65
84449 25 58
84486 19 56
84498 18 57
84521 21 64
84628 22 71
84771 12 58
84945 19 62
85028 35 49
85206 44 80
85230 54 91
85266 45 60
85598 33 58
86800 26 64
86828 26 51
86921 27 72
86940 35 73
87043 31 34
87596 35 61
88178 29 49
88331 22 64
88358 31 62
88432 32 62
88577 49 83
89073 29 54
89212 27 47
89484 47 90
89494 43 93
89666 30 51
89691 25 44
89819 35 50
90131 25 49
90142 22 50
90151 20 50
90166 24 54
90555 43 59
90697 39 74
90715 39 68
90915 33 53
91183 32 71
91375 47 85
91633 39 74
91654 40 70
91789 39 60
91798 31 53
91936 41 72
92186 33 68
92203 42 77
92376 33 44
92733 47 84
92977 42 52
93035 31 63
93327 12 35
93904 32 68
94146 33 48
94333 31 49
94720 40 61
94778 34 46
95503 33 49
95780 38 64
96215 41 44
96782 25 53
96845 32 65
97066 33 51
97616 38 49
97787 30 53
98052 31 54
98183 36 68
98216 20 51
98478 34 56
98642 30 46
98681 37 59
98705 33 57
98720 33 61
98758 29 53
98768 30 58
98835 43 55
98854 53 59
99602 32 49
100240 36 37
100973 29 44
101777 29 35
101978 35 50
102709 33 55
103391 32 69
104084 37 64
104102 37 72
104171 42 71
104243 39 77
104912 45 82
105290 30 69
105515 25 74
105626 33 53
105701 30 48
105782 28 59
105947 36 62
106382 28 86
106568 22 53
106803 32 68
107285 26 72
107405 30 66
107526 29 69
107540 35 79
107787 38 65
107891 33 64
108139 26 63
108544 20 84
108762 43 84
108820 33 73
109373 20 42
109461 43 72
109673 32 63
110018 41 63
110233 32 56
110371 25 60
110399 28 54
110466 28 61
110920 27 61
111085 21 39
111519 29 69
111657 26 58
111849 32 59
111858 30 63
112887 36 39
113321 34 75
113522 32 57
113639 34 65
113760 32 66
114398 23 52
114476 42 50
114677 32 70
115022 29 91
115221 25 46
115268 22 41
115308 32 71
115406 23 56
115582 23 67
115678 31 56
116589 29 49
116990 23 56
117280 25 79
117498 51 84
117585 33 73
118603 17 52
118703 40 48
119684 35 77
119832 33 71
119904 29 54
120388 31 64
120682 34 50
121157 35 46
121334 36 45
121391 28 58
121583 25 44
121589 25 45
121700 27 57
122102 31 59
123276 14 55
123539 28 63
124067 23 62
125018 43 73
125339 34 70
125594 34 64
125831 40 54
125887 43 64
126044 23 74
126077 22 60
126396 32 71
126616 26 59
127342 30 64
127408 29 58
127856 28 56
128387 38 64
128779 34 71
128789 33 73
129625 33 81
129719 38 77
129792 23 49
130105 28 60
130185 33 49
130194 34 47
130438 27 43
130461 20 39
131051 34 65
131156 30 57
131311 30 54
131383 26 51
131993 29 62
132133 23 60
132533 29 47
132845 20 33
132851 19 31
132860 28 35
132881 23 41
132892 25 47
133098 23 62
133179 30 59
133194 29 54
133313 26 64
133325 29 53
133381 16 52
133866 23 60
134083 21 28
134585 22 54
134794 19 40
134911 24 50
134917 26 56
135286 23 37
136852 23 49
136979 32 73
136985 33 85
137005 35 64
137277 30 44
137285 28 42
137346 26 41
137367 39 59
137421 31 68
137445 18 56
137485 15 53
137518 16 56
137815 23 64
137832 24 56
137887 24 55
137929 26 58
137978 25 63
138087 23 43
138360 25 56
138741 38 67
139454 36 53
139593 28 56
139599 36 69
140142 28 70
140433 29 87
141348 21 46
141442 27 50
141600 27 59
141696 32 46
141701 32 52
141804 46 79
141814 45 81
141878 33 71
142094 31 63
142575 25 68
143121 20 49
143573 29 52
143764 18 26
144010 13 36
144255 19 58
144300 21 72
144318 22 60
144656 17 48
145107 24 83
145158 25 91
145250 19 88
145377 7 45
145623 3 19
145746 10 41
145773 17 56
146479 13 43
146672 16 50
146760 20 60
147295 17 38
147589 14 48
147602 12 49
147619 9 61
147734 11 83
147930 17 49
148017 11 83
148090 11 83
148119 18 92
148201 20 96
148212 13 78
148812 13 86
148921 19 78
149487 11 45
150190 12 92
150316 14 76
150433 11 77
151165 8 61
151724 14 52
151780 10 46
152087 9 69
152244 16 67
152278 8 65
152724 14 103
153429 9 66
153490 12 56
154037 11 72
154348 10 83
154614 10 71
154722 20 77
155950 18 109
156525 11 84
156645 15 51
156903 13 84
157162 7 58
157275 12 87
157410 14 94
157653 14 83
157731 17 86
157767 17 79
157869 13 67
158207 15 77
158814 21 85
159373 11 74
159562 10 50
159745 9 67
162966 7 60
163736 21 69
163834 11 70
164523 14 52
165353 9 69
165731 11 59
165746 9 61
166092 8 58
166368 10 75
166548 12 88
167305 24 68
167508 14 67
167517 17 68
168522 18 74
168616 15 73
169244 7 44
169302 20 92
169584 18 82
171431 27 74
171877 24 79
172513 11 72
172573 16 64
172812 12 58
172866 24 59
172973 14 67
173140 19 54
173220 6 51
173299 15 45
173566 11 74
173632 12 60
173984 17 56
174172 16 93
174244 16 75
174262 14 85
174652 19 44
174731 32 53
174829 34 45
175032 30 40
175337 42 55
175445 31 50
176021 19 38
177187 29 56
177373 40 57
177434 47 63
177632 37 60
177899 19 37
178334 30 45
178436 27 49
178671 31 51
179050 40 69
179105 45 57
179120 49 54
179251 31 60
179262 25 45
179274 33 49
179465 31 47
179604 29 50
180169 30 67
180260 37 54
180364 37 40
180543 38 67
180578 29 58
180783 37 54
180804 37 54
181010 24 52
181132 35 50
181427 28 49
181436 21 36
181463 27 45
181613 25 35
182655 33 48
183369 20 60
183421 31 50
183426 30 47
183720 32 44
183803 31 53
184176 29 43
184510 28 50
184701 27 44
184811 33 55
184941 28 37
185148 33 43
185217 28 45
185472 31 57
185559 51 43
185640 35 55
186202 33 54
187064 21 31
189605 23 35
189859 15 35
189962 25 35
189970 27 41
190116 13 56
190359 21 51
190495 24 44
190773 20 62
190795 19 54
191307 31 49
191358 40 58
193214 33 58
193676 38 41
195844 62 15
196006 55 10
196107 67 16
196606 76 8
196621 71 8
197133 64 18
198160 64 8
199060 29 33
199942 34 54
200029 29 42
200209 30 59
200239 57 79
200358 30 56
200707 30 52
200824 28 49
200839 27 52
200847 25 46
200854 26 44
201315 27 44
201341 43 42
201560 24 46
201950 39 35
202758 30 32
203011 21 48
203069 37 47
203115 36 40
203128 36 41
203165 28 39
203206 28 42
203222 28 45
203271 29 49
203367 27 36
203418 25 38
203467 40 40
203586 17 42
203881 23 43
204502 27 54
204625 27 41
204853 26 43
205807 43 67
206110 33 46
206656 27 54
206716 36 61
206782 33 52
206896 33 56
207051 29 41
207307 28 46
207469 26 51
207952 28 34
207998 33 43
208018 32 44
208036 30 43
208484 10 45
208729 13 64
209355 16 63
209460 13 74
209610 12 75
209715 19 73
209799 13 50
209889 21 89
209970 12 64
209991 11 65
210486 9 75
210594 13 78
210606 11 82
210640 14 97
210687 9 78
211028 14 65
211173 13 53
211911 17 79
212143 24 71
212346 12 67
213054 14 66
213110 11 88
213132 12 80
213414 13 75
213693 22 80
213944 15 51
213967 19 61
214002 22 75
214008 27 82
214024 25 78
214052 25 73
214076 23 80
214138 7 42
214241 24 74
214268 23 85
214491 22 60
214628 24 80
214742 18 43
214798 12 56
214868 14 73
215767 16 61
215927 10 74
216476 14 64
216661 11 63
216883 10 74
217058 10 49
217448 10 43
217504 11 56
217657 4 22
217960 10 68
218236 17 56
218317 8 61
219307 12 92
219451 10 53
219460 10 49
219479 18 64
219545 26 89
219658 21 69
219907 26 76
219957 8 59
219984 8 50
220061 27 66
220143 14 73
220196 20 69
220246 15 45
220266 14 50
220333 19 99
220369 14 107
220526 8 52
220546 14 60
220597 24 73
220671 18 67
220792 18 48
220820 30 60
220828 26 50
221152 12 50
221206 13 69
221263 16 88
221332 12 63
221563 10 89
222271 19 64
222471 16 55
222484 17 63
222722 16 64
223432 10 53
224242 13 49
224291 12 63
224909 16 80
224947 14 74
225003 16 47
225072 14 56
225086 11 78
225305 23 81
225316 16 75
225932 21 71
226358 14 68
226547 11 36
226983 18 76
227306 15 73
227537 14 42
227771 11 43
228389 15 61
228654 27 70
228863 13 63
230108 9 64
230355 16 79
230592 16 88
230659 20 63
230842 13 71
230893 20 85
230906 15 75
231196 12 52
231216 18 67
231327 9 56
231345 13 66
231381 17 54
231490 17 68
231608 16 49
231678 22 68
231915 17 44
231996 12 51
232244 16 44
232814 11 61
233031 11 61
233238 13 77
233580 16 45
233697 34 71
233767 27 90
233818 12 81
233943 9 66
234744 5 42
234823 11 50
234870 12 67
235266 11 50
235459 17 51
235472 17 54
235560 14 56
235677 14 52
235719 11 64
235763 8 57
235845 12 66
235851 12 66
235872 13 80
235944 15 77
236489 11 65
236523 13 60
236574 7 60
236699 13 83
236850 10 71
236928 11 64
237320 13 78
238179 16 63
239628 11 74
239657 10 62
239875 14 77
240679 12 66
240687 10 49
240708 11 54
240774 12 65
240855 19 53
241018 9 73
241420 9 54
241532 17 85
241853 8 64
241940 11 67
241971 12 66
242815 15 66
242969 7 49
243446 9 46
243976 22 69
243982 20 65
245919 11 55
246761 7 40
247889 12 67
248312 11 85
248395 8 55
248428 10 59
248448 12 51
248525 23 78
248911 11 71
249094 7 47
249158 16 57
249350 23 69
249837 18 64
250340 10 56
250525 8 66
250776 8 70
251306 10 77
251375 12 79
251423 11 67
251495 7 49
251522 7 44
251606 8 68
251621 9 70
251759 12 54
252024 12 71
252122 14 58
252180 13 57
252450 10 71
252626 13 72
252635 12 70
253283 9 67
254197 9 43
254908 11 73
255010 10 69
255382 17 53
255397 17 52
255411 21 56
255481 9 39
255508 16 56
255856 17 97
256147 15 93
256192 14 95
256870 9 58
257269 12 68
257395 13 84
257596 13 84
257613 19 78
257826 12 84
257853 16 70
258138 15 79
258192 11 63
258422 5 29
258593 16 73
259005 7 58
259897 10 87
260146 9 74
260329 8 54
260536 17 42
260559 14 48
260868 10 57
261267 10 38
262294 12 77
262418 14 63
262571 7 61
262650 14 78
262810 8 70
262882 10 65
263454 10 82
264510 10 66
264704 18 91
265046 10 73
265259 8 54
265957 18 56
266390 14 47
266608 12 39
266644 13 45
266698 8 54
266956 9 47
267943 13 51
267961 15 71
268030 13 80
268072 14 63
268135 13 76
268145 15 73
268255 20 65
268753 12 79
269852 11 74
269945 12 71
270107 16 84
271481 14 64
271498 12 53
271566 13 80
271589 14 79
272151 13 40
272600 8 41
272926 19 73
273141 10 66
273172 10 62
273179 10 56
273428 13 64
273460 15 76
273500 12 66
273608 10 57
273638 12 61
273990 11 70
274314 11 83
274561 13 51
274908 8 48
275858 15 52
276878 25 67
277274 12 38
277304 15 43
277354 8 41
278504 10 49
279101 14 71
279117 19 77
279360 13 56
279451 19 87
279887 14 48
279968 9 51
279986 8 60
280091 19 88
280271 14 74
280319 10 61
280433 16 47
280469 16 48
280566 9 40
281020 25 64
281293 16 55
281827 15 46
281998 21 47
282044 16 43
283287 13 54
283493 12 72
284154 20 63
287363 19 94
287479 19 56
287709 14 77
288239 16 48
288683 12 49
288716 9 56
288800 12 54
288932 20 57
289151 12 48
289199 19 49
289243 21 73
289317 13 86
289358 11 66
289533 10 63
290085 23 71
290106 21 58
291381 21 66
291583 25 88
291595 23 82
292614 16 49
292981 15 37
293358 18 43
293831 9 48
294252 15 64
294748 17 51
295131 27 72
295201 16 45
295358 20 44
295910 19 62
296853 24 71
296923 15 56
297568 11 55
297637 18 53
298264 15 71
298516 15 67
299209 14 60
299239 18 74
299386 17 64
299610 15 65
299965 18 72
300006 14 42
300106 20 75
301219 13 81
302062 16 47
302615 13 35
302668 18 55
302910 10 51
303124 13 57
303233 19 46
303423 16 34
303429 22 36
303738 18 57
304047 21 59
304346 35 71
304558 21 65
304623 25 65
304870 23 74
304924 19 74
305274 10 63
305888 27 85
306466 13 51
306632 8 43
306710 14 53
306829 15 59
306899 10 68
307073 26 76
307107 21 68
307157 20 53
307219 20 58
307225 21 59
307230 21 58
307318 22 54
307334 18 65
307485 22 57
307522 24 64
307557 14 54
307565 16 52
307594 12 52
307617 11 52
307702 11 27
308690 19 105
309066 12 60
309094 12 61
309277 23 53
310090 12 41
310365 12 33
310390 14 39
310442 10 43
310459 13 53
312042 14 80
312135 11 44
312156 12 60
312180 12 58
312372 17 40
312417 15 59
312669 10 63
312675 10 65
312808 30 72
312828 29 76
312839 26 79
312927 17 54
313107 20 72
313206 10 49
313339 15 71
313650 14 74
313781 20 66
313813 9 56
313862 15 53
314076 21 56
314113 14 62
314217 10 56
314669 10 47
314704 13 47
315203 33 61
315645 43 48
315763 37 43
316132 30 42
316162 31 52
316190 27 32
316204 24 34
316376 56 62
316443 32 32
316611 41 39
317280 47 43
317444 28 32
317665 45 51
318416 36 56
319170 32 37
319997 30 51
320247 37 36
320701 19 17
320876 36 68
321154 38 47
321960 36 27
321972 54 39
322158 20 27
322219 35 38
322879 49 52
323823 79 7
323844 72 5
324064 98 6
324371 80 6
324817 73 9
326026 98 10
326088 115 7
326414 73 5
326698 109 4
327573 37 3
328203 71 7
328677 60 5
328833 98 6
329184 56 4
329378 69 7
329465 67 5
329541 101 5
329614 98 8
329635 87 6
329670 52 8
329781 64 7
329788 69 8
329845 87 10
329915 88 7
329944 76 7
330082 86 5
330513 76 7
330761 79 5
331832 65 5
332194 64 10
332350 88 15
333236 87 1
333293 76 1
333895 63 6
334551 65 5
335176 68 4
335810 76 3
336365 55 2
336826 93 2
337453 27 19
337454 14 33
337468 20 35
337900 77 2
337926 80 6
338874 52 21
339768 53 22
340087 58 25
340448 42 17
340473 52 16
340486 42 14
340732 37 14
340742 37 14
340813 41 14
340879 31 14
341003 38 19
341976 54 26
342012 56 17
342039 59 12
342178 39 15
342320 37 16
342603 34 6
343414 56 33
343716 64 25
344304 60 27
344357 64 24
344597 63 28
344626 70 25
345039 45 24
347379 60 30
347481 48 22
347523 64 25
348795 44 16
348843 47 11
349050 45 13
349071 41 9
349156 61 31
350472 66 22
350529 72 16
350655 41 22
350746 54 18
350767 57 17
350839 49 14
351164 29 12
351204 52 20
351429 46 16
351684 43 14
351957 44 30
351972 43 26
352404 62 13
352620 44 16
352800 42 22
353107 57 41
353286 61 26
353312 74 34
353565 72 28
353598 72 25
353985 66 27
354117 36 23
354186 67 26
355003 51 14
355010 49 14
355052 34 6
355117 65 19
355157 54 32
355226 47 26
355294 53 21
355305 53 18
355885 60 26
355912 62 26
355982 32 21
356237 42 20
356297 35 12
356580 35 15
357249 66 22
357581 51 11
357841 46 21
357928 41 15
357945 39 14
357983 65 27
358856 76 27
359038 60 19
359215 66 19
359777 70 23
360619 50 12
360831 60 20
360881 72 24
360946 61 32
361087 74 21
361718 40 20
361767 45 24
362092 50 18
362413 36 14
362547 52 23
362572 50 20
363672 80 20
363702 71 25
363723 55 25
363864 61 25
363900 51 25
364230 26 14
364288 64 21
364508 30 9
364614 47 24
365476 44 10
365897 44 13
365948 52 16
365967 59 23
366021 45 14
366152 43 18
366484 72 26
367043 73 29
367076 81 27
367166 49 22
367322 75 21
367343 91 20
367736 53 30
367853 45 21
368216 40 14
368269 57 24
368428 38 31
368480 32 15
368561 64 26
368807 48 27
368900 65 20
369350 33 19
370315 70 1
370753 70 1
370792 54 5
370910 84 5
370963 85 6
371407 53 7
372734 89 8
372839 92 4
372854 78 4
373115 64 3
373412 75 5
373649 84 1
373960 96 1
374111 65 1
374184 82 4
374630 75 5
374845 58 6
376524 92 3
376817 76 4
376833 83 3
376847 72 3
376892 88 4
376922 96 1
377294 87 4
377452 76 7
377747 61 8
377858 84 4
377942 76 4
378264 95 5
378438 61 8
378568 109 1
378760 82 4
378803 106 4
378838 69 7
378866 86 8
378904 87 5
379053 66 3
379084 77 6
379090 67 6
379099 57 8
379156 71 3
379203 81 6
379216 81 7
379225 98 7
379280 88 7
379288 86 8
379340 64 3
379370 73 4
379403 46 2
379900 73 4
380310 73 5
380766 69 6
380960 56 5
381223 61 6
381425 102 5
381499 89 6
381536 69 5
381561 84 6
382177 52 2
382420 31 1
382602 50 0
383109 42 2
383304 57 5
383784 47 4
383958 74 4
384448 76 2
384480 78 0
384670 81 0
384705 82 4
385026 65 6
385206 60 7
385940 51 2
385966 63 3
386021 69 8
386063 83 5
386081 80 2
386144 61 1
386324 69 8
386405 89 2
387294 68 5
387302 75 5
387372 66 5
387634 50 3
388047 70 1
388523 79 1
389234 95 6
389302 40 4
389310 49 4
389325 47 2
389337 53 2
389399 90 5
389526 69 1
389608 74 4
390215 83 1
390247 75 1
390481 95 7
390785 84 6
390930 71 6
391085 70 5
391931 76 4
391961 78 6
392099 63 0
392192 64 5
392568 81 4
392640 73 2
392670 96 3
392796 82 5
393384 48 4
393500 99 6
394527 58 7
394549 67 7
394770 72 1
394801 89 3
396538 79 5
397354 66 5
397392 105 3
397890 97 2
397972 55 2
398000 62 4
398748 59 4
399129 82 6
399432 79 4
399880 83 3
399897 95 9
400113 83 4
400185 78 4
400191 85 5
400203 78 4
400242 82 1
400269 79 2
400323 86 2
400776 91 3
401853 86 5
401991 68 5
402024 72 5
402033 77 5
402858 85 6
403318 88 4
403662 89 7
404003 58 5
404599 56 2
404695 41 1
404951 68 3
405028 85 5
405127 80 6
405160 65 4
405611 73 4
406094 85 4
406121 72 4
406154 74 3
406292 105 6
406607 98 4
406739 74 2
406751 88 2
406977 75 6
407196 71 3
407283 67 5
407317 75 5
407524 64 5
407564 82 4
408015 93 4
408126 93 5
408290 55 2
408315 46 3
408362 72 3
408374 62 2
408484 86 5
408495 86 6
408558 86 6
408761 94 3
409444 71 3
409680 80 3
409755 99 4
410885 118 7
411894 57 2
412058 90 2
412314 59 7
412755 79 2
412904 109 5
413085 91 3
414188 91 6
414908 89 8
414939 97 10
415470 48 4
415491 49 7
415530 57 6
415545 62 6
415629 104 8
415793 62 6
416496 75 9
417030 73 3
417366 111 5
418008 76 8
419220 62 8
419690 76 9
420894 79 15
421393 76 11
421603 42 5
423148 66 6
423712 76 9
424228 86 17
424402 84 6
424468 110 13
424534 77 6
424815 80 9
425080 67 4
425843 64 9
426411 69 8
426690 84 7
426810 98 10
426819 104 10
427255 65 6
427365 45 7
427415 59 9
427893 61 2
428058 80 5
428103 64 7
428232 73 9
428467 89 11
428541 60 8
429270 38 3
429702 56 11
430096 85 10
430105 81 11
430135 86 9
431055 68 7
431422 73 9
431600 56 5
431845 44 2
431919 79 4
431975 70 5
432308 51 6
432329 71 8
432343 70 8
432579 66 5
433228 43 6
433402 50 7
433507 64 10
433720 73 8
433861 87 9
433891 88 5
434133 61 9
434140 88 9
434232 104 10
437046 80 7
437182 77 2
437875 61 7
437886 66 8
438811 118 8
439003 101 3
439250 77 6
439430 71 3
439442 76 2
439474 101 3
439496 101 3
439508 92 3
439790 66 5
439798 69 4
439864 113 5
439999 48 2
440035 48 1
440080 68 3
440102 69 2
440173 55 4
440180 49 4
440226 73 3
440285 101 5
440296 104 5
440314 90 3
440395 34 6
440407 32 6
440512 110 10
440529 111 10
440576 103 7
440819 104 4
441156 80 6
441351 104 5
441585 64 7
442185 120 7
442494 73 1
442650 64 6
442954 89 6
443239 78 7
443815 76 3
444004 95 3
444487 36 1
445223 56 3
445268 51 1
445299 72 3
445702 63 5
446693 61 4
446976 96 3
447121 85 7
447145 63 6
447960 81 7
448116 75 8
448135 77 8
448287 69 4
449231 86 3
449582 82 6
449881 70 7
450459 73 5
452044 90 6
452944 63 6
453304 45 2
453361 78 8
454600 64 7
455629 66 5
456207 92 4
456406 57 7
456829 77 3
456970 66 4
457342 49 4
457574 45 4
457638 35 2
457700 29 2
457896 73 3
458035 59 3
458102 57 6
458154 47 8
458212 84 6
458249 65 5
458691 67 12
458805 75 4
459163 60 8
459180 66 7
459441 66 8
459627 104 10
459896 70 1
459914 69 1
460411 72 7
460475 62 3
460516 83 6
460538 83 11
460865 57 4
461031 110 4
461153 69 1
461461 59 4
461764 84 3
462496 67 10
462643 112 3
462932 75 1
463220 55 3
463241 55 3
463701 92 4
464316 7 46
464323 15 35
464340 7 38
464754 70 0
465237 58 1
465945 77 1
466330 73 4
466365 58 2
466758 102 3
467014 91 2
467230 72 0
467301 75 2
467320 78 3
467353 78 3
467449 72 2
467605 86 0
467665 91 3
467692 73 2
467698 66 1
467938 73 3
467998 95 2
468379 77 7
468713 62 3
469178 103 2
469276 54 3
469969 57 2
469986 67 2
470171 90 2
470560 94 1
470909 94 4
471059 65 1
471222 73 2
471442 74 1
471575 81 1
471738 103 8
471761 80 7
472620 119 6
473351 94 1
473678 84 2
473699 88 2
474233 80 4
474317 87 1
474397 89 3
474542 88 0
474725 81 2
474860 88 3
474869 82 3
474899 100 3
475253 92 2
475298 78 2
475862 99 2
476085 105 1
476310 97 1
477005 69 2
477126 98 1
477279 76 1
477834 74 12
478235 72 19
478254 74 13
478960 77 12
479165 77 11
479402 80 6
479615 73 12
479643 75 15
479909 84 15
480485 56 12
480557 70 12
480692 79 11
480716 72 12
480734 76 9
480791 90 6
481058 78 10
482925 66 12
483017 79 18
483691 61 16
484010 81 10
484451 51 12
484844 85 16
485183 76 17
485503 69 8
485825 55 10
487098 56 14
487545 63 16
489634 77 20
489823 91 14
489833 93 14
489878 94 10
489919 60 11
490229 78 16
490577 80 16
490996 46 18
491212 49 15
491553 73 12
493226 83 21
493255 70 17
493348 55 14
493492 82 20
493552 74 21
493772 67 10
493818 67 11
494238 64 10
495267 69 14
495414 75 19
495453 96 10
495621 69 18
495681 67 6
495720 76 10
495908 61 10
495915 62 11
496041 80 13
496185 73 19
497091 58 14
497455 79 20
497938 68 9
497961 54 10
497979 66 8
497986 66 7
498073 56 11
498214 56 11
498481 54 14
498730 62 12
499366 74 18
499726 84 17
499909 88 15
500046 77 18
500314 96 27
500560 86 15
500725 89 21
501110 88 8
501229 77 24
501239 72 25
501293 59 23
501917 108 28
502031 84 26
502562 90 18
503231 74 12
503507 68 15
503710 84 12
504140 67 12
504941 66 11
505436 66 17
505474 70 14
505625 81 23
506045 84 20
507260 82 13
507270 83 13
508052 72 11
508388 47 11
508449 59 12
508690 91 12
508735 93 17
509347 66 22
509634 76 12
509852 74 11
510796 69 18
510933 66 24
510942 59 19
511227 78 20
511269 75 12
511997 58 15
512132 73 16
512375 73 9
512882 58 13
513254 68 11
513344 73 16
513356 66 16
513380 67 14
513388 64 20
513397 81 29
513408 60 20
513438 65 23
513461 81 26
513600 56 14
513626 42 11
513688 77 21
513714 90 27
513935 54 19
513948 65 18
513962 69 22
514674 45 15
514827 46 13
515598 70 19
515956 84 14
516024 86 22
516048 79 26
516105 69 21
516147 66 10
516236 56 14
516496 87 18
516763 70 14
516780 68 12
516986 69 21
517013 84 23
517087 62 20
517376 45 11
517512 46 11
517786 34 12
518143 43 11
519457 68 15
519608 92 13
519704 60 16
520185 57 16
520424 60 11
521569 73 12
521628 59 11
521690 64 12
522111 71 19
522228 71 16
522691 71 8
522703 64 8
523556 32 11
523625 51 14
523911 25 42
523998 50 42
524052 50 50
524076 40 39
524860 57 56
525192 43 45
525204 42 42
525426 30 57
525768 30 71
526692 52 40
526916 51 41
526997 32 44
527023 36 47
527319 42 44
527381 39 48
527435 32 40
527447 30 36
527838 28 37
528604 49 48
528641 45 41
528996 49 46
529456 44 44
529490 52 45
529495 56 47
529535 48 34
529544 47 35
529604 45 37
529613 36 32
530032 54 45
530106 73 51
530309 33 34
530344 55 39
531155 39 29
531383 53 24
531485 68 36
532085 49 40
533511 45 31
533767 49 27
537462 57 30
537693 41 33
538061 33 39
538666 49 41
539081 62 35
540199 74 47
540209 65 43
540369 45 26
540551 58 47
540746 43 49
542147 56 32
542565 63 40
543173 39 30
543363 57 42
544892 54 31
546498 62 46
546516 52 47
547100 61 29
547138 78 44
548786 66 38
548999 37 47
549008 38 45
549315 48 33
549553 48 23
549652 57 41
549698 49 41
549867 43 37
550363 60 48
550375 55 41
550402 60 46
550476 62 50
550567 50 37
550912 72 55
550955 63 53
551063 36 27
551073 40 27
551156 70 43
552363 66 31
552446 56 30
552464 61 36
552504 59 36
552516 63 32
552641 75 43
552704 56 31
552727 49 34
552905 54 26
553193 60 30
553250 61 39
553301 47 35
553748 45 37
553868 60 47
554056 55 26
554468 51 29
554508 48 29
556303 46 42
557877 41 39
558084 59 37
558320 69 58
558438 51 38
558758 50 36
558974 53 44
559066 46 38
559333 57 42
560187 60 31
560621 40 37
560992 61 32
561199 58 37
561284 56 39
561340 47 32
561394 49 38
561939 37 24
562061 55 31
562305 91 36
562420 48 26
562834 61 47
562900 47 37
563050 65 46
563100 73 39
563311 45 40
564163 45 39
564201 40 47
565070 59 32
565153 51 44
565232 45 30
565434 41 27
565549 49 54
566214 58 35
566231 61 32
567898 50 26
568219 55 38
568469 42 35
568594 54 36
568675 48 38
569596 69 25
569613 61 25
570017 70 42
570026 71 46
570065 58 36
570622 66 30
570645 59 31
570840 51 20
570941 74 46
571114 46 26
571228 73 34
571429 59 35
571648 53 35
571705 54 32
572431 46 35
572696 69 28
572707 60 30
572954 63 37
573462 51 30
574194 60 45
574344 51 47
574687 45 38
574708 46 37
574968 49 42
575020 32 40
575131 65 43
575161 72 44
575272 39 35
575398 57 38
575407 59 40
575954 44 36
576489 37 40
576868 33 32
576982 56 49
577003 45 40
578024 48 58
578635 31 33
578695 22 43
578711 25 46
579083 48 41
579119 33 30
579572 53 35
579785 55 37
579883 43 43
580023 57 63
580353 45 41
580378 44 38
580404 40 35
580715 31 49
580969 48 44
581003 36 38
581159 37 39
581284 48 31
581329 59 55
581422 46 29
581840 34 46
581990 37 68
582008 35 67
582452 58 54
582608 38 39
582665 45 57
582687 39 52
582728 27 57
583904 47 44
583970 43 44
583985 38 43
584264 24 44
584386 20 40
584444 39 51
584558 28 63
584586 42 66
584593 46 63
585225 45 54
585302 42 49
585362 30 44
585475 31 39
585533 36 48
585904 44 46
586125 34 36
586285 40 47
586780 43 73
587473 33 61
587747 75 81
587779 69 76
588118 50 60
588131 47 53
588325 59 60
588343 45 48
588428 42 43
589072 31 35
589290 52 64
589354 48 60
589368 42 58
589479 58 65
589563 34 53
589862 61 84
589959 32 46
591178 42 46
591184 38 47
591452 58 64
591460 57 66
591610 51 64
591615 53 58
592018 38 34
592117 44 52
593726 39 44
594258 55 71
594284 47 52
594497 49 68
594527 51 70
594800 46 60
594818 43 56
595049 62 83
596365 43 63
596543 31 48
596940 40 65
597754 40 54
598037 41 65
598103 34 58
598463 48 69
598545 36 72
598878 39 53
598948 52 66
599076 27 60
599133 41 63
599151 51 65
599396 50 88
599520 26 59
599565 39 58
599574 35 56
599616 25 42
599640 25 43
599685 40 42
599700 32 46
599904 32 53
599947 32 50
599997 26 49
600606 33 59
600630 35 47
600718 37 67
600801 22 48
601707 36 68
602304 38 62
602400 43 72
602589 22 40
602691 48 72
603600 34 55
603727 28 61
603897 26 59
604855 38 55
605073 19 49
605588 28 61
605699 35 69
605726 33 55
606212 44 69
606425 42 51
606713 24 46
606812 20 44
607343 31 66
607569 34 55
608235 30 46
608434 47 59
608922 39 56
609077 43 67
609391 35 67
609416 37 73
609755 35 70
609775 41 69
609935 33 53
610014 32 49
610062 23 39
610310 46 64
610540 37 81
610760 44 74
611152 46 62
611252 37 62
611803 26 67
611848 40 70
612037 30 48
612350 21 44
612654 43 72
612791 33 61
612803 36 63
612872 37 34
613151 44 72
613171 31 72
613178 28 73
613187 22 69
613205 12 66
613307 32 31
613772 31 69
613782 34 75
613864 38 64
614159 35 53
614202 26 38
614221 33 50
614255 43 66
615370 23 69
615544 41 54
615583 46 63
615694 25 47
615712 18 40
616128 32 55
616151 31 46
616288 40 67
616552 37 84
617067 11 16
617167 37 43
618528 18 37
618684 32 70
618781 28 57
618787 29 58
619192 40 58
619400 37 66
619568 34 54
619658 29 35
619716 33 40
619721 31 39
620204 46 63
620313 50 74
620477 46 54
620841 47 81
620864 52 93
620873 56 98
620964 39 45
620981 37 47
621140 48 84
621197 40 61
621302 37 66
621344 26 65
621775 27 65
621910 41 57
621920 43 55
621965 47 73
622118 63 68
622152 47 59
622266 29 29
622964 42 53
622985 39 62
623015 35 73
623102 44 52
624422 28 63
624440 35 63
624474 33 57
624524 29 55
624715 29 46
624722 29 48
624994 47 64
625099 53 72
625148 36 67
625173 44 59
625266 33 62
625297 34 65
625347 43 54
625907 35 52
625940 26 46
626065 47 63
626972 34 61
627060 36 65
627071 30 61
627089 31 61
627111 31 64
627555 47 59
627624 73 88
627726 33 43
627765 30 41
627921 39 72
628284 37 51
628437 31 47
628623 38 72
628648 23 48
628662 35 60
628869 39 68
629084 38 70
629310 48 83
630421 38 72
631049 34 50
631058 33 49
631082 42 54
631538 42 85
631778 39 59
632033 35 76
632048 33 70
632150 28 41
632223 37 62
632298 38 74
632394 13 27
632445 23 47
632454 21 51
632797 27 77
633037 37 60
633124 33 52
633403 41 65
633450 51 65
633463 53 61
633646 23 38
633831 57 53
633939 34 51
634680 25 40
635197 26 41
635228 36 34
635496 36 44
636369 42 67
636480 28 57
636549 42 75
637104 24 45
637326 32 65
637423 48 63
637518 28 54
637733 34 46
637868 25 61
639433 34 70
640541 51 68
641481 40 65
641726 35 62
642210 38 62
642518 34 56
642789 29 61
642845 19 73
642898 44 79
642917 41 75
643001 38 78
643096 32 74
643117 33 55
643166 43 74
643223 31 75
643942 36 56
644110 34 57
644444 28 85
644656 29 58
644830 42 60
644985 32 44
645333 27 59
646003 41 71
646854 33 68
646968 7 21
647766 15 59
648985 36 55
649252 31 65
649582 37 69
650041 34 58
650112 35 61
650199 35 72
651167 46 60
651269 40 67
651945 31 67
652146 33 74
652166 26 67
652767 37 71
652920 36 61
652988 35 63
653183 31 55
653414 27 80
653701 24 55
653981 22 76
654092 37 63
654103 39 60
654220 29 65
654697 18 89
655251 14 68
655363 28 114
655766 18 82
655843 11 78
655897 16 64
655983 11 84
656168 12 73
656259 22 105
657143 13 83
658189 11 61
658204 9 57
658223 5 39
659159 5 25
663422 4 18
663645 5 12
663664 8 24
663753 17 24
663817 7 18
663930 9 36
663990 7 30
664015 10 30
664057 19 18
664122 7 16
664245 2 12
665473 13 113
666057 4 22
666093 4 28
666140 8 35
666170 7 35
