7212 10 86
13617 10 81
13870 15 111
15992 8 62
27190 15 76
27233 23 106
27918 16 140
28553 16 66
28561 14 77
29127 10 83
29137 11 72
29400 18 97
29458 17 100
29505 18 93
29592 16 82
29683 17 116
29717 15 78
30049 15 77
30057 19 82
30617 13 114
30925 14 124
31741 16 96
32057 15 84
32072 14 77
32080 12 72
32107 20 95
32150 17 94
32220 7 50
32694 20 118
32875 12 75
32930 15 103
32994 17 93
32999 18 95
33073 20 91
33116 19 95
33428 15 70
33521 18 111
33628 21 102
33744 17 78
34318 13 74
34612 13 83
35665 9 74
35791 12 100
35963 7 54
36155 12 84
36187 10 88
36345 9 64
36754 10 79
36763 12 83
36927 11 83
37027 9 63
37325 14 40
37408 14 57
37423 16 79
37513 11 66
37618 12 77
37681 9 70
38219 16 84
38369 15 104
38393 15 95
40094 8 71
41213 13 115
41239 17 95
41514 11 97
41737 12 84
42601 11 78
43288 28 126
43694 16 112
43738 15 86
45307 19 115
45451 11 77
46915 9 68
46926 8 61
47104 18 74
47286 9 51
47585 9 72
47600 7 58
47786 13 54
47832 10 73
48050 14 74
48176 10 73
48278 8 62
48421 12 64
48888 20 82
49379 13 49
49693 11 55
49839 18 90
49926 10 55
50062 20 81
50077 20 76
50084 18 68
50790 16 71
50826 17 62
50912 10 75
51369 12 53
51378 13 67
51660 11 87
52419 12 81
52425 10 84
52639 10 71
52679 9 81
52807 15 92
52829 13 97
54018 12 87
54995 10 83
55290 11 89
55386 11 93
56016 10 86
56028 9 80
56145 17 81
56166 12 85
60546 10 89
62141 14 71
62732 17 81
63282 22 103
63714 24 107
64431 8 66
64549 12 45
66202 8 51
66253 7 48
67275 2 12
67296 7 22
67326 8 27
67386 10 69
67412 13 71
68206 11 81
68364 12 77
68380 12 70
68459 12 55
68501 12 51
68909 13 65
69235 18 73
69490 13 102
69650 25 71
69678 18 66
69716 13 64
69859 27 99
70126 12 84
70135 13 80
70944 11 88
73479 14 75
73515 11 49
73809 13 109
74046 17 119
74091 13 84
74238 13 89
74391 28 99
74490 16 107
75477 21 100
76444 16 99
77053 12 76
77574 5 42
78520 15 73
78715 21 85
78799 17 105
78874 18 94
78918 16 109
79042 21 81
79201 22 77
79216 18 92
79333 17 72
79510 18 85
79587 10 81
79596 13 91
80147 20 99
80910 9 65
81033 18 67
81094 21 90
81165 14 73
81270 16 65
81326 14 79
81347 14 65
81462 24 91
81538 10 89
81602 15 75
81685 24 69
81701 22 63
81984 8 34
82147 9 47
82848 13 88
83437 14 75
83608 15 69
84216 13 97
85793 11 89
86118 12 81
86237 19 78
86304 17 112
86528 15 99
86786 13 74
86838 13 92
87433 3 17
89512 9 75
90709 14 102
90885 9 73
91435 12 105
91966 12 108
92132 12 73
92605 11 85
92621 12 80
92646 13 97
92668 10 85
92756 12 105
93796 13 93
93994 8 50
94141 13 98
94920 8 68
95085 13 91
95733 11 97
96046 7 59
97051 6 23
97102 52 37
97231 5 11
99219 32 59
99905 39 40
99927 38 54
100270 30 61
100304 23 61
100360 31 54
101061 32 61
101127 33 46
101195 36 40
101232 36 53
101431 39 58
101652 37 51
101658 40 50
101673 35 48
101757 34 59
102031 45 49
102203 34 41
102209 37 50
102226 45 56
102241 44 58
102372 36 45
102452 58 71
103093 37 59
105004 11 68
105503 10 83
107813 14 117
107831 10 86
107933 8 63
108527 12 107
109286 12 83
109528 6 45
109843 11 99
110049 11 78
110156 18 79
110344 9 64
110381 8 55
110572 10 80
113124 5 45
114078 12 85
114258 9 65
114505 13 82
114649 8 68
114880 15 107
115270 10 79
116413 10 89
117382 18 98
117697 11 76
117715 8 66
118135 8 61
118276 14 108
118438 10 56
119008 15 97
119134 10 78
119213 17 94
120182 11 91
122702 8 36
122923 3 9
123027 9 73
123729 11 98
123819 11 72
123865 10 80
124557 7 61
125514 11 92
125995 7 51
126947 13 99
128364 10 62
128417 12 78
128744 15 88
128813 14 95
129002 13 77
130374 8 62
130785 24 102
130849 15 52
131037 11 66
131185 7 60
131251 9 61
131511 11 71
132242 9 70
132572 12 80
132595 13 82
132604 14 91
132858 13 104
133155 9 72
133264 10 53
133527 9 67
136488 10 80
137341 16 81
138266 10 76
138278 9 68
138326 9 74
138411 10 90
139551 9 65
139572 13 80
139599 15 81
139908 13 96
140242 8 58
140434 8 62
141453 9 63
142175 10 63
142184 10 69
142655 13 93
142799 10 82
143393 10 71
144038 10 72
145126 9 80
146424 12 81
146755 10 75
147004 13 104
147033 11 74
147103 11 94
147155 16 103
147200 12 81
147240 13 68
147399 14 87
147666 13 93
149145 14 63
150306 15 99
150510 14 69
150882 12 88
151260 10 72
151951 17 83
151999 9 77
152042 8 72
152160 9 68
152228 7 60
152933 10 63
153182 14 79
154360 11 92
154373 12 92
157631 5 44
157797 14 66
157885 12 96
157947 11 90
158046 13 88
158136 16 68
158376 13 85
158478 20 80
158544 17 89
158682 12 77
158799 18 80
158875 15 74
158928 24 109
159015 10 83
159209 20 86
159254 24 114
159659 13 92
160364 29 107
160472 21 63
161503 11 91
161608 12 91
162278 15 133
162328 13 76
162724 6 53
162739 6 53
164529 10 67
164974 11 86
165402 10 74
165451 15 80
165966 10 64
165987 13 91
166692 14 93
166921 17 86
167158 12 96
167511 17 102
168057 9 79
168793 11 70
169202 10 65
169220 11 87
169739 21 120
169768 20 114
169806 17 98
169851 12 105
170138 11 85
171989 15 103
172759 12 78
174190 10 59
175094 11 83
175678 8 59
175733 11 51
176003 17 89
176176 19 90
176326 11 98
176415 17 84
177163 10 56
177193 12 73
177262 11 80
177445 13 76
178048 18 91
178151 9 69
178804 19 81
179575 11 72
179683 13 86
180305 9 75
180702 15 65
180758 15 77
180793 7 57
181237 10 76
182031 16 85
182163 9 76
182278 13 91
182938 10 70
183054 18 112
183370 17 84
183508 10 68
183547 11 65
184063 12 91
184174 11 82
184779 13 93
184855 12 103
185123 22 92
185521 13 60
185755 9 79
186944 10 72
187043 7 60
187572 17 102
187762 13 66
187875 11 97
187993 12 65
188037 11 71
188044 12 65
189793 11 83
189855 17 75
189984 9 58
191111 16 100
193960 11 71
194579 40 27
194995 57 52
195035 59 46
195256 52 42
195525 49 31
196645 51 22
197000 46 44
197028 52 40
197201 57 44
197521 54 28
197825 17 14
199557 9 78
199583 11 67
199628 13 89
199639 13 84
204532 9 68
204537 12 69
204588 12 74
204617 11 81
204711 12 72
205087 5 42
205182 9 58
205212 9 54
205314 11 93
207160 10 73
209012 14 90
209160 10 66
212700 12 84
212739 11 81
213639 9 78
213888 9 58
213909 10 87
213931 9 77
213981 9 68
214386 15 103
214605 10 76
216365 10 75
217573 11 81
217707 10 86
218489 8 68
218511 8 63
218893 12 72
218906 11 73
218911 12 70
218944 8 57
218949 8 58
219147 8 70
221104 12 78
224227 10 69
224384 8 66
224701 8 66
225950 11 75
226060 7 60
226157 10 59
226286 14 95
226316 13 81
228108 11 77
229940 12 70
229997 14 71
230525 10 55
231064 15 81
231113 9 75
231784 17 43
231835 10 71
231871 14 91
231893 15 77
232045 13 72
232398 15 47
232901 22 71
232923 20 76
233155 14 71
233321 22 91
233495 7 62
233543 16 69
233568 20 82
233639 18 95
233840 15 80
234092 18 72
234168 17 70
234260 10 77
234358 11 43
235058 13 62
235135 10 68
235203 11 83
235331 18 87
235589 17 64
235923 8 45
235950 13 65
235965 15 59
236594 15 75
237272 24 66
238154 8 57
238966 12 46
239017 12 76
239047 14 90
239572 19 96
239782 13 44
239839 14 71
241712 16 83
241885 11 58
242297 7 55
243895 12 48
243913 10 49
243958 20 60
244584 13 97
244700 8 71
244777 9 39
244801 10 41
244846 14 56
244904 18 91
245186 12 81
245498 9 78
245520 13 77
245540 9 64
245576 11 64
245858 12 82
245870 11 56
247065 44 26
247155 46 32
247670 41 39
247778 48 21
247870 39 22
249604 13 89
250337 2 14
250389 7 47
250461 13 78
250626 15 74
250809 18 71
250898 17 77
251173 16 70
251383 13 81
252253 8 69
252459 14 75
252520 12 64
252636 14 78
252646 13 71
252742 8 68
252975 11 57
253700 10 71
253994 7 44
254084 11 48
254150 12 63
254207 15 54
254213 15 60
254515 12 73
254660 8 57
254807 14 49
255150 13 45
255659 14 71
256653 15 64
257220 11 61
257532 11 58
257823 9 47
258384 11 60
259746 20 76
259762 22 86
260068 18 51
260104 18 41
261259 18 53
261619 9 41
262181 20 47
262778 10 54
263188 24 86
263465 20 72
264202 20 55
264371 28 69
265973 22 76
265983 18 63
266160 34 87
266465 14 44
266924 12 64
266936 13 68
268073 23 86
268184 20 55
268887 15 66
269597 13 48
269774 21 49
270212 12 60
271389 25 82
271749 23 69
271960 20 53
272817 13 61
273126 14 57
273974 25 62
274010 30 58
274026 24 55
274674 19 70
275274 12 46
275484 19 71
276334 16 77
276463 13 62
276496 10 68
276823 13 54
277022 8 35
277152 7 55
277215 12 59
277384 7 38
277479 19 75
277789 13 78
277976 12 70
278056 10 49
278806 11 63
278899 9 77
279464 12 66
279795 16 56
279897 11 49
279903 11 48
279981 18 54
281176 15 88
281228 16 71
281234 16 77
281501 10 70
281518 13 74
283131 13 67
283153 15 69
283164 16 61
283171 16 59
283243 12 70
283324 12 51
283377 13 61
283515 17 68
283641 8 56
283646 9 54
283659 9 64
283773 13 63
284463 19 47
284799 6 51
284841 9 45
284870 12 40
285024 13 68
285169 12 62
285326 10 64
285538 10 61
285574 13 74
285742 17 86
286115 16 68
286387 7 62
286632 19 68
286651 16 68
287083 13 73
287428 10 41
287859 12 59
287895 10 56
288180 14 83
288231 17 56
288504 11 49
288594 17 72
288642 16 64
289052 15 40
289087 15 46
289203 21 84
289261 9 62
290455 13 45
291100 14 58
291253 17 58
291316 16 68
291379 6 43
291454 18 55
291527 13 79
292024 11 76
292463 12 84
292665 9 73
293180 15 81
293307 15 95
293575 9 74
293586 11 72
293756 14 61
295193 11 66
296043 8 63
296293 19 70
296709 19 62
297174 12 55
297308 20 59
297323 22 65
297365 17 71
297609 15 62
298212 8 66
298272 15 85
298656 13 59
298722 14 61
299604 18 83
299847 12 68
300465 17 66
300661 21 70
300681 18 73
300825 17 70
300905 13 56
300940 12 54
301167 6 53
301314 16 72
301584 11 39
301751 11 22
301836 9 33
301928 8 49
302038 15 60
302506 14 47
302620 13 66
303493 13 67
303550 9 54
303674 8 57
303801 13 67
303842 15 56
303874 17 50
303973 8 62
304258 11 53
304840 15 69
304897 11 58
304908 9 55
305002 21 58
305181 11 49
305614 15 48
305797 12 69
305866 12 64
305926 10 85
306352 10 63
306568 12 61
306583 12 63
306664 9 49
306679 12 76
306725 12 76
307228 15 73
307744 10 46
307801 7 45
307903 21 71
308143 14 79
308155 14 70
308278 16 76
308523 10 53
308545 7 59
308701 7 63
308805 12 71
308877 14 56
309565 9 53
309717 12 84
310219 10 69
310519 11 41
310554 6 54
311201 14 54
311395 15 72
311437 12 85
311662 16 92
312046 17 69
312289 15 63
312346 17 74
312487 10 62
312546 19 63
312670 17 71
312721 13 51
312786 11 66
312862 8 67
312890 10 55
312934 15 40
313183 8 64
313478 11 72
313670 10 63
313742 11 54
314924 8 57
315103 16 47
315206 8 42
315364 10 37
315862 13 57
315910 16 68
315970 11 62
316228 12 73
316252 11 62
316354 16 43
316465 11 51
316726 9 42
316822 7 58
317349 7 37
317879 10 54
317909 9 62
317922 8 61
318712 12 57
318770 5 41
319216 16 72
319618 8 65
319810 22 65
319831 20 65
319967 11 68
321427 6 50
322129 10 60
322150 12 76
322542 10 73
322675 8 56
322683 6 54
323320 13 76
323668 13 59
324160 13 71
325057 8 58
326002 14 61
326239 17 72
326254 18 81
326395 11 63
326431 11 58
326437 10 48
326563 12 84
329372 13 68
329799 12 56
331353 17 61
331401 21 56
331539 15 58
331611 14 60
331624 16 73
331917 16 75
332031 19 53
332434 8 63
332697 12 45
334017 19 43
334056 21 42
334152 20 56
334323 18 64
334482 15 70
334746 20 57
334784 22 77
334796 24 85
334893 14 66
335147 15 67
335687 12 57
336671 17 47
336704 14 60
336842 8 50
337459 6 54
337495 11 59
338100 17 96
338432 12 70
338558 11 51
338896 7 35
339560 10 82
339584 9 60
340028 14 79
340057 15 70
340454 10 52
341354 11 55
341516 10 59
341750 17 62
341937 19 65
342185 9 72
342316 11 71
342323 8 58
342811 11 37
343141 9 31
343303 17 77
343399 12 67
343797 8 46
346307 9 51
346546 11 41
347188 9 78
347294 10 74
347415 9 72
347561 10 77
347930 11 63
348485 18 92
350917 12 51
351158 10 55
351665 10 79
351818 8 66
351829 9 61
352007 11 64
352700 10 63
352859 7 53
354185 16 60
354397 12 65
355697 8 72
356081 7 53
356465 15 63
357346 10 61
359581 11 63
360223 13 59
360572 14 85
360608 8 63
360743 7 58
360942 14 75
360951 10 69
360987 15 62
361235 12 66
361372 5 42
361731 11 72
361790 14 69
362750 7 58
363405 7 50
365260 8 63
365912 11 70
365954 6 47
366488 5 36
367421 13 58
367460 10 61
367822 10 52
368137 15 57
368301 11 35
368481 8 29
368554 7 56
369493 6 54
369913 9 44
370134 8 71
370487 7 53
371935 9 73
372544 17 106
372982 7 57
373151 7 62
373825 8 55
374353 7 51
374577 13 68
374647 6 51
374842 8 55
375085 11 49
375097 8 61
375677 7 49
375692 10 49
377195 11 59
377380 9 74
377404 11 75
377613 11 47
377672 12 66
378159 8 46
378377 6 42
378385 5 44
378575 5 43
378638 8 59
380940 6 40
383424 5 34
383430 5 32
385467 7 61
385540 5 41
385958 7 55
394401 8 68
395147 5 37
397244 8 70
400248 25 44
400536 35 43
400624 19 20
401353 30 29
401394 40 48
401484 30 31
401547 27 31
402072 24 34
402178 32 35
403258 37 33
403888 22 22
404276 67 42
404653 32 41
404905 44 44
407380 22 24
407393 21 30
407402 24 33
407431 22 43
407544 31 48
407593 17 25
407686 40 40
407756 24 37
408847 22 20
408877 8 20
408917 19 26
409540 29 40
409902 32 32
410104 15 21
410993 39 37
411191 42 33
411254 28 36
411398 21 39
411607 21 31
412149 24 31
412798 26 38
413829 26 22
413871 25 20
414006 36 26
414264 38 26
414457 24 25
414504 27 21
414787 40 41
415407 32 30
415612 20 29
415873 22 36
415940 23 22
416255 18 30
416260 19 34
416463 26 46
416784 22 34
416847 27 28
417207 22 34
417249 25 32
417303 29 30
417769 28 32
418101 19 28
418130 22 30
419883 7 51
419896 5 43
420473 8 69
421767 7 54
421777 7 51
421857 12 57
421888 12 57
422090 9 59
422135 11 63
424226 6 43
424327 6 41
426305 5 45
427213 7 54
427316 6 43
428886 7 63
429022 5 45
434067 7 53
434484 7 61
435757 6 53
436199 4 20
438748 5 41
438853 5 44
438944 5 28
439078 8 48
441527 6 47
443404 5 34
443798 5 36
444354 2 16
444820 6 28
444844 6 29
445410 4 31
445613 8 43
445790 5 35
445995 6 38
463921 7 38
464289 9 37
465810 5 38
466323 5 41
466643 8 42
466653 10 38
466749 9 52
466851 12 44
466910 11 52
467018 5 28
467741 8 36
467865 8 28
468725 4 36
470893 8 32
471740 14 37
473027 8 36
473445 5 34
473473 4 35
473757 9 39
474142 4 23
474260 9 32
475581 8 61
475608 8 55
476259 9 29
477835 8 55
478201 4 32
480246 7 42
481174 6 49
481180 7 53
482199 9 57
483567 7 34
484725 6 36
484734 4 36
487831 5 41
487881 7 54
487942 9 63
488324 6 51
489378 8 40
491333 5 36
491576 6 47
491730 7 52
492338 7 58
492344 7 59
492869 9 40
494402 11 48
494540 7 57
494591 4 36
494963 6 30
497328 8 51
497571 9 53
498591 6 38
499331 9 63
499623 5 43
500866 5 33
501054 5 37
501373 6 27
501853 8 58
501888 7 59
504938 5 37
505229 6 37
507870 7 60
508091 5 45
510924 6 39
511255 9 39
511367 9 52
511507 6 33
511896 7 48
512044 4 35
512093 3 27
513873 7 31
513990 7 41
514014 9 44
514040 11 47
514045 10 51
514546 7 61
514895 9 57
515002 6 52
515533 8 56
515546 8 51
515666 8 35
515921 8 65
515943 8 44
516376 9 79
516883 6 39
517004 7 63
517488 6 47
517782 6 50
517980 7 58
518208 9 53
518214 9 57
521121 12 40
521620 6 40
522985 5 42
523237 10 42
523570 10 42
523776 6 54
524257 8 51
524548 8 44
524629 6 54
526039 8 41
526084 7 56
526285 5 36
529241 8 42
529277 5 35
530447 7 42
531425 5 23
531623 12 47
531701 14 69
532172 9 45
532182 8 48
532667 9 35
533186 11 54
533786 6 34
534104 13 31
535338 10 51
535950 10 48
536490 10 63
537101 12 45
537347 17 54
537426 16 55
537682 7 41
538041 10 78
538432 13 65
538553 14 47
538625 17 44
538775 25 58
538784 23 53
539002 7 33
539430 11 40
539617 12 40
539705 8 40
539865 11 43
540099 9 43
540693 12 37
542041 12 39
542239 9 44
542323 15 59
543286 13 40
543953 26 42
544056 14 35
544063 16 40
544278 17 58
544304 17 51
544942 7 57
545157 12 50
545188 10 45
545571 14 59
545956 22 52
546550 17 31
546883 8 30
547243 15 47
547497 8 38
547590 13 39
547750 17 54
547770 16 47
547801 17 52
548178 12 46
548247 16 35
548418 9 32
548443 9 34
548760 10 46
548901 8 53
549042 14 53
549253 9 62
549643 9 40
550182 17 51
550375 9 29
550810 18 55
550903 9 34
550909 10 32
550960 7 37
551732 11 55
552097 15 55
552233 9 38
552338 17 71
552345 17 71
552613 22 54
554023 11 40
555097 20 48
555337 14 48
555768 16 52
555777 15 49
555810 12 37
556492 16 43
558614 9 50
559197 8 21
559367 20 47
559377 19 49
559389 22 47
559432 10 39
559471 8 37
559581 13 31
561133 14 51
561472 18 51
561730 9 35
562905 11 59
563028 14 60
563076 18 70
563337 15 45
563814 11 53
564036 12 32
564732 19 45
565444 14 61
566649 17 77
566688 14 69
567096 14 42
567200 18 61
567245 15 71
567324 9 38
567443 14 58
567457 12 54
567484 13 52
567612 15 42
568004 10 46
569073 12 66
569130 13 63
569704 16 56
570982 11 37
571084 11 52
571550 8 41
572041 16 55
572536 15 42
572640 10 37
572712 16 54
573021 4 22
579174 5 33
579303 17 59
579339 14 45
579432 17 43
579630 12 44
580011 12 52
580091 14 67
580664 18 74
580867 13 54
580886 16 55
580919 17 49
581003 11 42
581124 15 52
581133 14 54
582097 16 56
582290 12 55
582362 21 37
583087 13 40
583642 6 42
583828 10 52
584041 7 49
584132 9 58
584230 12 41
584257 11 43
585105 3 24
585388 5 9
585473 11 46
585636 9 36
585785 16 59
585816 12 45
586122 16 50
586653 10 44
587633 37 25
587846 26 15
588093 38 20
588543 36 12
589487 32 31
589682 39 15
589890 30 25
590448 56 29
590594 36 20
591291 36 23
592649 50 22
593401 40 35
593538 39 35
594140 34 18
594497 47 17
594881 52 28
595088 28 25
595574 38 24
596346 37 18
596375 43 24
597807 39 31
598114 29 23
599778 16 34
599900 13 34
600408 17 53
600458 9 37
600722 11 29
600755 9 34
601107 17 48
601827 13 42
602020 10 43
602781 10 77
602910 8 55
603126 14 44
603161 14 56
603186 16 51
604525 14 49
605432 11 40
605819 22 50
605934 14 45
606047 18 54
606198 20 44
606230 21 47
606342 14 56
606392 16 47
606689 7 35
606802 15 53
607699 21 56
607717 25 50
607735 22 57
607813 21 53
607863 23 53
608071 18 47
608097 20 41
609583 6 31
609895 13 35
609964 14 38
610446 13 50
611072 6 45
613040 14 59
613524 9 43
614802 17 42
614817 21 51
614886 16 73
614901 14 66
614919 15 62
617749 11 64
618043 9 46
618897 10 40
619030 10 40
620035 7 59
620041 9 55
620411 11 36
620500 6 32
620562 10 50
620674 9 60
620962 8 64
620998 9 69
621059 8 58
621272 11 71
621519 8 71
621907 8 60
622163 10 55
622468 8 50
622691 7 44
623458 8 50
623671 7 55
623848 12 73
624176 6 43
624371 8 52
624388 9 58
624466 7 51
624519 7 54
624543 8 39
624593 11 45
624642 6 52
624964 6 41
625040 8 50
625445 6 41
627939 7 55
628029 7 41
628527 11 51
629214 27 32
629256 29 40
629598 45 44
630265 21 48
630387 38 55
630413 38 42
630442 41 55
630829 8 52
633451 7 45
633682 12 68
633960 8 51
635264 7 59
635463 14 73
636304 10 82
638084 9 69
639014 8 55
639201 14 62
639452 7 55
639491 8 54
639926 6 39
639972 8 54
640245 5 45
640369 5 41
640815 15 89
641161 11 49
641173 12 57
641596 9 72
642552 9 50
642680 7 52
643597 8 61
643670 12 68
644834 11 66
645087 7 57
646427 7 62
647636 6 41
647654 5 45
648405 7 53
648733 9 53
648904 7 56
649611 10 51
649638 7 52
650129 5 44
652075 8 68
653290 8 58
653809 9 46
654519 6 52
662355 8 69
662786 8 48
663372 6 52
667277 9 45
667307 7 41
667315 8 39
667461 7 59
668004 13 62
668250 9 60
668262 9 60
668287 11 69
669084 8 50
670182 7 59
670927 7 58
672785 7 53
673484 7 63
674732 10 71
675113 14 42
676034 7 56
677661 3 27
677943 7 49
678069 5 34
678075 5 34
679690 7 37
679840 11 67
680053 8 72
680323 10 90
680334 10 89
680466 5 42
684603 8 41
684770 16 79
684797 13 83
684806 13 93
687601 10 62
687631 9 71
690026 10 79
691212 5 42
692058 12 106
692082 12 91
692661 8 68
698545 8 56
700800 7 53
701006 9 68
705127 29 0
707685 35 1
707690 31 1
707695 38 1
707701 38 1
707708 36 2
728146 8 60
730032 6 52
733823 11 61
733968 12 101
733982 11 85
734034 11 58
734061 9 60
734180 12 70
734418 11 59
756654 8 67
758257 7 58
762342 10 80
784637 6 50
787028 7 60
800205 13 64
800782 11 53
800790 11 51
800796 11 48
801707 12 60
802385 5 30
802390 7 34
802544 8 62
804655 7 56
805099 7 57
805105 7 56
805114 9 44
805132 7 56
805237 10 81
805444 12 66
806014 10 88
806131 10 72
806326 8 70
806390 8 61
806751 10 68
807619 7 51
807634 8 60
808047 11 63
808250 16 57
808262 18 59
808347 17 43
808359 19 54
808517 24 44
809006 19 59
809143 26 92
809440 18 72
810347 18 61
810443 17 51
810592 17 49
810811 14 43
811638 15 55
811935 11 47
812421 14 80
812502 15 63
812570 7 61
812612 11 69
812793 17 73
812917 19 47
813066 18 59
813136 14 45
814665 19 75
815619 14 61
815781 7 47
815955 15 55
816249 14 63
816534 11 60
817490 10 45
818285 20 76
818920 21 66
818928 23 73
819203 8 61
819426 23 52
819485 17 37
819661 17 58
820118 18 87
820957 12 57
821256 15 60
821340 17 77
822009 11 75
822139 18 51
822294 14 79
822364 13 71
822459 14 38
822488 13 58
822779 16 59
822897 15 73
823119 16 49
823228 13 71
823479 21 62
823944 16 60
824169 8 69
824367 8 57
824424 12 77
825698 11 80
825958 11 92
826119 16 58
826257 13 96
826390 10 61
826498 12 68
827192 12 68
827322 9 66
827468 13 66
827701 14 81
828213 16 57
828432 14 65
828573 7 40
828897 10 65
829135 16 87
829982 22 60
830241 19 58
830322 19 67
830459 12 64
830501 16 52
830615 14 67
830694 10 62
831218 11 49
831480 11 58
831694 10 43
831839 13 53
831963 16 81
832088 12 52
832200 11 71
832304 14 55
832411 10 56
832475 16 87
832712 13 46
832796 21 101
832876 21 72
832883 20 67
833056 16 62
834276 18 63
834322 9 50
834924 10 52
835259 8 43
837133 7 32
837928 14 73
838297 20 56
838669 9 61
838960 21 105
838978 22 89
839338 16 60
839649 19 45
839654 20 48
841470 13 83
842128 8 51
843010 11 65
843165 9 68
843487 10 78
843720 10 71
845647 5 43
845673 7 52
845729 12 74
845864 6 37
845981 5 45
846215 12 59
846567 7 46
847497 12 76
847654 8 69
848075 10 75
848205 6 54
848331 4 18
848349 4 15
848635 7 48
849301 11 60
849349 11 70
849601 14 50
850028 17 52
850116 13 41
850381 18 53
850467 23 63
850777 21 81
850810 25 77
850887 17 50
851085 24 62
851884 11 40
852139 15 39
853890 24 48
854046 18 60
854672 11 51
855538 32 65
855557 34 66
856048 15 52
856084 17 50
856254 23 50
857145 13 61
857404 18 55
857523 15 52
857568 23 69
857624 26 70
857787 27 67
858001 20 55
858027 22 64
858079 19 77
858114 24 66
858269 19 55
858800 16 78
858887 17 81
858895 14 64
858929 17 63
859397 9 40
860248 17 79
861104 15 59
861173 23 56
861224 17 69
861495 11 36
861533 15 52
861686 31 78
861788 21 61
861917 17 61
862238 18 59
862370 30 73
862568 26 55
862586 18 54
862763 26 52
863072 20 65
863129 24 72
864008 23 93
864110 21 54
864233 21 53
864983 19 54
865703 10 67
866174 14 86
866183 12 75
866462 16 75
866759 22 60
866990 9 63
867135 10 68
868052 19 83
868262 12 58
868472 17 70
869064 12 57
869542 14 81
869956 15 72
870239 17 69
870364 12 48
870469 19 53
870500 21 64
870520 21 62
870548 19 61
870670 9 36
870737 13 60
870914 12 56
871023 26 77
871055 23 81
871225 16 73
871724 23 76
871903 10 60
872542 14 61
872737 10 54
873226 19 96
873307 10 84
873519 10 60
873694 16 68
873832 10 57
873988 22 75
882137 10 75
883101 7 62
884466 10 81
885263 9 76
886151 8 71
886265 12 88
886493 8 58
886895 8 65
887516 10 81
887917 9 70
891129 7 54
891318 14 81
893291 10 76
895048 13 74
895165 10 69
895626 9 70
896054 7 63
896691 8 67
896843 10 66
897051 8 52
897797 8 61
903396 15 103
904256 10 66
904287 10 79
904697 10 72
904822 11 71
905258 8 48
905560 7 53
906132 7 51
906474 9 78
906671 11 59
906707 8 62
907207 11 81
909385 12 104
909475 5 41
909511 10 85
912334 7 51
914648 7 61
914774 14 84
915874 10 75
915896 9 72
916063 19 86
916190 8 65
916239 9 73
916248 10 65
916750 14 89
917084 10 48
917288 10 67
917853 13 88
918162 10 83
918345 8 66
918450 10 66
919008 10 79
919017 11 71
919395 51 57
919837 52 46
920087 31 37
920705 67 49
920826 27 38
920870 33 37
921049 60 48
921358 43 46
921393 49 48
921411 47 59
921430 45 57
921563 51 60
921953 37 35
921988 56 49
922645 29 23
922973 40 31
923191 70 54
923218 54 48
923356 45 30
923404 41 41
923674 45 44
924522 36 35
924760 43 29
924798 46 33
924805 43 36
924829 45 44
925169 47 38
925190 45 38
925205 44 38
925538 46 34
925754 48 30
925773 37 26
925803 32 21
926423 44 42
926499 53 48
926507 54 49
926522 58 47
926951 40 34
926958 42 35
926978 46 40
927048 51 47
927119 41 50
927506 39 34
927974 31 34
929677 40 36
929713 33 30
930194 41 28
930320 30 42
930424 36 27
931347 40 32
933212 35 24
933613 46 41
933624 51 39
933794 39 53
933915 66 46
933963 45 45
934089 54 36
934152 54 46
935010 52 35
935198 59 43
935316 38 26
935554 37 18
935608 37 33
936276 45 40
936453 48 37
936628 33 47
936711 62 49
936843 31 29
937743 57 50
937906 49 36
938382 45 39
938447 43 37
938523 66 43
938937 44 32
939522 45 39
939631 47 26
939678 64 56
940173 49 45
940721 32 30
940750 40 36
941332 60 46
941450 40 45
941917 46 26
942253 51 34
942314 41 51
942346 52 54
942406 55 41
942411 48 38
942426 38 34
942445 40 36
942466 30 24
942471 33 24
942956 19 32
943040 17 23
943307 31 44
943466 35 48
943526 53 38
943545 53 30
943603 55 46
943636 73 55
943711 60 35
943737 41 28
943940 57 39
944070 52 30
944091 50 39
944418 43 46
946402 50 38
946495 48 39
947674 58 48
947824 35 50
947875 42 36
948010 36 38
948183 67 37
948332 45 37
948528 65 37
948822 62 43
949173 64 54
949435 49 36
950376 50 28
950553 57 40
950607 37 27
950637 38 21
950766 49 35
950780 59 33
950955 53 35
951963 50 43
951997 53 37
952060 47 27
952588 63 35
952902 45 25
954722 45 41
955768 57 28
957041 50 46
958506 59 34
958862 61 46
960916 48 34
961223 44 27
962000 60 51
962276 36 35
962321 41 46
962346 38 33
962464 67 51
962486 77 45
962659 38 24
962984 40 41
963047 61 57
963143 47 34
963171 48 40
963227 44 49
963814 26 24
963822 34 28
964470 54 38
964629 52 48
964866 59 71
964890 55 71
964944 37 38
965148 61 117
966027 46 57
966186 41 41
967443 49 24
967748 47 21
967813 46 14
967998 44 25
968082 55 26
968139 63 19
968289 79 19
968385 96 34
969218 88 30
969368 59 24
969674 70 29
969960 53 20
970364 54 14
971279 58 26
971541 81 30
971688 79 28
971979 61 18
972237 71 22
972621 67 16
972790 59 18
973346 64 17
973362 74 23
973463 60 21
973789 16 86
973931 17 80
974441 28 54
974448 29 52
974537 31 44
974810 27 65
974912 27 42
974945 16 35
975116 30 45
975618 31 62
975960 25 45
975970 20 48
976501 35 55
976534 18 49
976633 23 66
976747 35 60
977438 39 69
978285 24 85
978451 24 62
978608 22 69
978931 21 67
979123 21 75
980725 28 53
981159 22 54
981195 17 69
981515 15 67
981765 21 43
981912 37 79
981939 30 68
982051 27 71
982485 21 41
983588 33 70
983816 31 78
983855 40 85
984421 39 96
984846 25 59
985349 28 46
985694 37 80
986273 24 42
986614 22 34
986688 6 52
987046 19 65
987085 14 78
987238 21 90
987289 18 102
987337 13 52
987428 16 89
987670 12 78
987744 16 106
987779 15 94
987799 17 87
988423 7 46
989103 16 104
989493 21 68
989566 10 65
989727 13 54
989763 15 68
989881 15 89
990011 10 64
990151 15 46
990203 25 103
990242 33 133
990282 23 94
990421 15 76
990426 17 82
990519 10 65
990820 12 66
991107 14 72
991653 18 86
991694 15 83
991837 11 80
991921 16 99
992056 9 80
992162 13 91
992258 14 60
992347 13 97
992563 16 89
992874 22 82
993055 18 64
993552 18 90
993963 12 97
994093 16 77
994343 22 102
994370 18 99
994514 17 78
994811 23 102
994872 24 107
994898 22 84
996290 31 79
996414 27 58
996569 28 79
997912 24 58
998025 33 55
998508 28 63
998805 29 64
999558 36 57
999708 35 78
999725 38 88
999996 21 57
1000518 28 76
1000588 29 69
1000621 21 65
1000684 20 68
1000732 15 48
1001728 34 89
1001766 35 79
1002613 36 92
1002916 24 64
1002937 35 73
1003150 17 42
1003417 29 66
1003530 26 69
1003606 26 59
1003994 26 86
1004143 22 62
1004340 21 66
1004620 29 57
1004743 28 67
1005497 34 55
1006114 36 91
1007533 33 65
1007716 35 82
1007836 35 77
1007866 25 69
1007985 26 58
1008118 31 64
1008257 25 67
1009868 22 61
1009993 29 97
1010268 29 66
1010293 26 67
1010338 15 62
1010527 26 46
1010728 15 52
1011013 18 42
1011622 41 80
1011632 41 71
1011887 24 42
1012492 36 87
1012791 33 83
1013020 33 46
1013553 20 66
1013706 26 64
1013736 23 44
1013758 19 54
1013808 27 66
1014061 23 64
1014095 25 77
1014142 22 67
1014202 33 81
1014482 24 56
1014758 15 34
1014990 22 52
1015809 34 84
1016025 36 81
1016411 32 98
1016451 32 70
1016642 24 80
1016657 27 78
1016945 20 41
1017082 27 87
1017245 15 92
1017379 16 82
1017633 12 101
1017718 14 66
1018203 20 68
1018288 10 79
1018523 14 78
1018555 13 77
1018575 13 77
1018669 21 88
1018697 16 73
1018705 15 75
1018903 17 73
1019288 15 81
1019390 13 78
1019717 29 89
1020428 12 73
1020629 4 28
1020961 9 61
1020988 14 86
1021006 14 86
1021029 16 82
1021080 11 85
1021086 20 69
1021097 15 88
1021121 46 73
1021130 23 80
1021144 32 60
1021162 22 54
1021173 11 50
1021185 14 52
1021662 21 103
1021726 28 53
1021741 10 74
1022751 5 44
1022856 19 50
1024167 10 42
1024185 8 43
1024283 13 42
1024606 21 81
1024617 27 81
1024625 29 72
1024676 22 65
1024697 11 56
1026083 7 47
1026100 10 50
1026341 20 72
1026356 16 73
1026407 14 73
1026436 11 77
1026456 12 81
1026506 14 58
1026560 13 80
