376 13 81
451 8 66
662 12 102
12052 23 110
12063 58 86
12135 16 105
12179 40 101
12280 15 90
12328 13 77
12387 151 83
12398 194 83
12412 173 58
12503 29 102
12596 30 80
12680 19 81
13408 14 72
13431 11 94
13544 17 99
13615 39 77
13843 7 56
26207 56 102
26687 23 103
26766 43 98
26778 38 106
26792 27 99
26803 30 102
27189 14 73
27198 14 74
27301 19 68
27531 6 30
27552 11 39
27615 12 35
27627 12 32
27768 14 73
27942 13 35
27954 12 70
28230 16 99
28421 10 76
28692 6 32
29262 11 89
29288 10 88
29296 11 80
29311 10 85
29372 14 119
29537 9 60
30033 23 86
30054 30 98
30759 11 76
30774 11 93
30915 17 142
31197 11 97
31214 13 101
31287 15 104
31531 18 117
31853 14 97
32346 12 88
32465 10 86
32505 17 104
32532 14 100
32619 14 77
32678 13 91
32815 12 99
32828 13 88
32840 11 86
32853 13 84
32985 12 96
32998 9 79
33051 13 115
33345 10 76
34554 13 85
34589 8 54
34608 7 50
34614 9 56
35151 14 78
35754 13 104
36192 8 68
36639 16 139
36709 14 111
36773 13 103
36831 10 80
36939 11 75
37090 16 116
38100 15 101
38148 11 91
38783 9 77
38853 12 68
38900 14 93
38928 15 82
39218 15 104
39824 17 80
39832 17 82
39853 18 100
40209 16 105
40362 13 74
40474 12 92
40513 16 115
40532 17 107
40648 15 93
40698 11 95
40787 13 86
40914 17 96
40923 15 88
40934 15 68
41004 19 105
41612 17 106
41644 22 99
41739 14 67
42092 12 83
42263 18 108
42537 11 85
42880 14 97
43031 11 85
43051 9 78
43134 30 110
43309 11 78
43320 10 77
43457 10 88
43578 14 88
44203 11 65
45090 15 76
45350 12 84
45485 14 86
45515 11 92
45543 13 116
45551 14 108
45807 15 113
47186 10 79
47406 17 110
47714 19 100
48635 10 85
49082 15 64
50984 15 71
51056 11 56
53243 11 87
55321 10 82
55943 12 80
56468 9 69
56813 13 97
57273 10 88
59193 13 79
59407 10 86
59635 11 56
60089 9 63
60227 16 83
60251 13 95
60864 10 80
60992 12 59
61025 11 35
61070 11 55
61103 10 53
61155 3 21
67391 10 89
70406 6 54
79207 11 87
80965 26 33
81412 50 48
81702 55 50
82260 51 53
82267 56 56
82446 25 27
82503 29 31
82625 81 55
82689 34 42
82778 32 42
82944 51 47
83168 37 42
83598 64 50
83628 60 54
83637 56 51
83947 44 30
83958 46 33
84000 50 40
84252 41 31
84411 60 23
84478 49 8
84596 62 48
84696 45 34
84758 54 47
85138 54 55
85312 50 43
85450 62 41
85497 64 48
85513 48 45
85588 43 34
85870 57 37
85960 52 38
85998 52 50
86110 62 53
86566 52 40
87895 48 45
87923 54 57
87977 60 64
88002 44 41
88022 57 38
88039 51 32
88086 48 30
88123 39 38
88162 48 48
88304 62 22
88414 50 48
89259 42 51
89541 51 36
89598 51 44
89619 63 55
89801 54 34
90183 59 45
90905 43 49
91030 65 50
91399 41 32
91513 61 43
91519 62 43
91600 43 47
91879 46 51
92013 42 48
92113 61 62
92162 53 57
92204 50 58
92287 48 42
92397 51 48
92490 49 52
92518 46 50
92572 47 50
92577 50 58
92624 59 69
92740 60 59
92747 58 56
93620 54 53
93853 44 43
94032 33 37
94046 46 43
94094 58 59
94099 62 60
94112 78 82
94139 71 73
94662 28 53
95656 47 54
96992 60 53
97391 37 26
97458 44 44
97692 61 48
97754 50 42
97812 41 46
97885 47 44
98015 41 27
98086 49 45
98146 29 31
98212 60 50
98367 48 40
98567 42 45
98590 41 48
98766 67 42
98795 49 34
99119 53 35
99501 52 48
99692 43 40
99737 48 52
99938 51 38
100014 61 58
100331 32 35
100620 45 54
100661 49 48
100818 70 61
101056 62 41
101143 52 39
101276 49 44
101560 51 37
101674 59 60
102049 42 39
104772 64 39
105003 48 43
105496 37 31
106052 76 49
106187 48 35
106197 53 38
106384 53 48
106804 40 24
106843 32 39
106891 37 46
108340 46 38
108418 40 47
108961 37 34
109256 55 39
109392 48 37
109487 46 39
109870 53 49
109976 25 34
110041 29 39
110106 72 55
110557 35 30
111575 50 28
111756 22 88
111789 43 86
111925 37 27
112052 74 54
112226 55 51
112263 59 57
112347 71 45
112400 70 52
113087 75 53
114235 45 29
114422 39 34
114635 56 43
115230 50 39
115610 64 34
115918 52 46
115985 60 27
116004 66 28
116079 51 32
116288 41 38
116571 68 35
116902 52 30
116933 35 23
117026 98 61
117133 73 36
117366 71 48
117395 56 39
117658 45 26
117948 54 38
117953 50 35
118029 65 44
118070 65 58
118241 60 58
118348 56 40
118508 48 53
118591 57 39
118659 62 24
118686 58 49
118729 47 52
119176 59 39
119668 36 19
120259 43 30
120281 54 36
120620 63 38
120649 49 32
120691 51 26
120885 81 48
121293 49 26
121383 47 48
122289 80 55
123390 67 33
123577 49 27
123635 48 38
123644 44 37
123686 40 33
124020 38 21
124054 45 30
124397 36 30
124490 67 49
125099 75 35
125129 64 51
125652 41 35
126546 92 39
126908 63 37
127136 48 39
127170 45 41
127650 52 30
127696 57 37
128015 58 53
128363 53 27
128522 73 38
129683 53 42
130322 56 39
130862 80 37
130947 63 38
131281 54 42
131434 41 34
132353 46 31
132770 72 48
132949 47 27
133231 62 56
133243 62 50
133351 43 35
133441 43 32
133546 73 45
134400 62 43
134660 50 40
134678 47 36
134723 62 30
134768 58 36
134957 38 28
135011 62 40
135495 68 45
135505 69 49
135529 63 36
135581 51 23
135795 51 42
135809 49 43
135939 50 31
136175 48 27
136196 42 27
136726 67 44
137074 56 38
137395 61 51
137413 65 48
138271 50 52
138467 50 29
138833 49 39
138945 43 40
139166 35 32
139704 42 26
140077 50 47
140378 46 35
140401 54 42
140763 48 41
140808 43 35
141235 36 34
141378 40 48
142318 35 31
142584 59 57
142626 60 51
143340 40 38
143958 48 34
144010 50 56
144144 48 40
144448 58 42
145337 37 41
145350 31 37
145434 58 48
145587 70 42
145888 51 40
146303 51 54
146487 27 45
146597 66 51
146753 46 37
146816 62 46
146830 60 51
147345 60 46
147718 61 45
147936 57 62
148560 36 51
148753 49 40
148777 57 41
148784 56 43
148972 54 45
149087 35 28
149100 38 37
149117 45 44
149224 50 36
149942 38 28
150039 58 46
150053 63 51
150069 65 55
150265 48 34
150712 48 37
150718 43 33
151728 55 49
151942 35 37
152251 59 59
152263 54 49
152425 50 45
152572 38 46
152584 40 42
152602 47 48
152683 51 49
153118 34 52
154243 52 36
154462 78 52
154769 75 37
154807 66 43
155257 53 32
155458 57 43
155483 53 36
155732 32 13
156217 49 28
156738 42 30
157070 45 28
157086 49 28
157108 57 25
157308 47 33
157367 44 33
157422 50 29
157462 58 42
157686 53 30
157809 33 36
158388 56 41
158543 60 43
158819 42 29
158835 61 45
158842 57 40
158856 60 40
158895 61 35
158955 44 33
159096 38 32
159327 39 36
159363 51 39
159675 41 32
159757 53 33
159978 64 46
160098 30 37
160485 52 39
160840 54 48
161089 51 43
161095 55 45
161206 59 35
161412 36 17
161743 41 30
162121 46 38
162760 64 30
163338 43 22
163447 49 37
163508 58 36
163751 54 37
163787 44 29
163928 47 42
164376 57 38
164798 48 35
164954 61 31
165043 41 23
165204 49 45
165242 35 32
165324 58 33
165627 49 41
165772 48 36
165841 61 32
165965 49 36
166257 59 23
166322 58 35
166350 56 38
166520 61 46
166636 48 31
167027 53 32
167577 49 30
168000 34 39
168156 60 33
168820 61 27
168951 61 24
169245 46 44
169251 52 53
169322 38 34
169338 31 26
169719 67 57
171036 55 32
171840 41 26
172782 46 39
173065 45 45
173172 53 31
173224 62 38
173421 63 28
173664 52 33
173920 56 51
173932 60 48
174525 51 29
174756 55 35
174986 66 46
175503 47 40
175670 22 19
176343 63 33
176901 65 40
177213 41 36
177984 55 27
178046 49 30
178248 75 39
178287 66 43
178324 50 35
178566 71 37
178944 44 40
179143 45 34
179670 64 33
180556 65 36
180609 47 25
180657 46 27
180975 49 33
181026 57 42
181819 64 38
182041 69 41
182231 46 34
183459 40 37
183905 38 35
184015 53 24
184508 35 35
184542 36 43
184690 44 30
184888 51 35
184966 60 39
185047 39 26
185167 65 40
187371 64 25
188727 14 15
189183 53 35
190098 33 19
190217 47 28
190235 41 28
191102 58 37
191135 54 38
191560 63 28
191617 56 47
191679 61 32
191725 47 29
193066 62 26
193156 62 36
193168 70 36
193579 45 25
193633 38 25
193763 38 26
193987 57 28
194043 40 29
194496 61 39
194977 60 40
195740 34 28
197000 52 39
197186 33 24
197719 36 24
197906 41 39
198347 41 35
198405 62 45
198614 52 42
198782 46 33
198980 49 43
199213 43 28
199559 34 20
199588 14 5
199877 33 22
199963 44 28
200114 43 33
200204 49 35
200903 38 45
200993 47 24
201031 55 40
201055 84 55
201225 47 33
201318 52 30
201333 52 36
201408 41 36
201432 43 30
202173 63 36
202262 44 36
202278 35 35
202295 34 30
202954 47 48
203545 54 45
204129 54 33
204161 57 23
204542 33 18
204560 50 22
204635 79 52
204641 70 45
205689 37 38
206017 43 37
206140 32 46
206219 43 28
206458 50 27
208046 47 31
208265 60 33
208271 58 36
208292 54 36
208943 19 13
209987 49 50
210866 54 35
210943 41 39
210956 51 38
211259 55 45
211299 49 35
211464 72 42
211487 72 59
211845 32 38
212608 41 25
212728 52 27
213188 49 33
213229 37 23
213254 43 17
213259 47 16
213559 8 20
213975 43 26
214237 50 32
215435 57 46
216213 57 29
216564 52 40
216574 50 35
216609 66 48
216999 72 33
217089 67 40
217242 36 23
217660 37 24
217839 49 32
217968 54 26
218677 60 34
218828 45 28
218927 36 38
219050 50 35
219137 55 34
219348 37 15
219555 48 37
219606 47 22
219810 46 26
220074 60 24
220659 46 22
220764 55 36
221007 55 32
221687 23 19
221803 45 42
221853 28 25
221875 19 28
221904 14 23
221914 15 22
221919 21 23
222012 13 17
222034 12 16
222105 16 23
222168 21 26
222260 29 26
222352 23 15
222366 18 12
222468 26 24
222484 36 24
222574 29 23
222920 41 25
222985 24 30
222995 38 30
223021 39 38
223026 39 36
223041 44 39
223063 37 45
225191 3 25
225332 4 13
227192 4 14
227300 4 23
229554 28 29
229614 37 37
229632 32 40
229748 37 25
230234 47 30
230522 45 27
230786 38 18
230973 51 37
231152 49 27
231224 42 23
231301 24 26
231776 51 19
231815 47 22
232169 54 32
232337 43 22
232347 45 22
232364 51 27
232562 64 27
233295 45 14
233649 52 16
233778 50 29
234215 41 34
234252 40 31
234692 44 27
234758 42 26
234824 57 29
235395 63 46
235410 60 47
235437 45 38
235636 52 53
236055 38 27
236965 49 32
237123 37 43
237298 39 26
238168 46 38
238246 44 33
239209 60 43
239270 42 31
239788 65 39
239846 51 41
239923 42 22
240178 54 25
240380 57 42
240392 52 32
240440 49 33
240604 66 29
240818 81 52
241732 29 39
242089 49 37
243187 52 26
243250 54 20
243388 52 31
243705 52 35
243937 60 30
244343 58 24
245211 59 25
245355 53 34
245368 45 35
245661 52 47
245730 58 29
246140 44 30
246532 52 22
246984 51 40
247404 55 21
247418 61 24
248108 62 34
248330 63 37
248420 71 35
248439 71 36
248799 58 29
248972 52 29
249083 46 24
249260 50 17
249410 59 39
249533 50 30
249599 85 37
249743 57 24
250335 62 35
250521 68 34
250815 66 29
250895 58 31
250925 59 36
251596 58 22
251659 49 19
251864 66 30
252290 79 30
252429 50 37
252531 78 24
252628 42 27
252745 50 24
253900 66 30
254131 43 23
254343 63 28
254988 55 25
255232 53 34
255286 59 36
256305 46 28
256314 38 30
256430 58 16
256927 32 25
257230 65 38
257528 64 30
257662 40 20
257691 54 25
257697 49 23
258307 48 34
258435 51 25
258901 52 26
259057 62 35
259306 54 32
259642 64 33
259912 46 29
260074 73 39
260126 78 34
260476 78 35
261078 44 34
261117 47 42
261134 53 35
261355 54 27
261439 58 37
261475 59 35
261490 59 33
261622 45 30
263033 43 22
263413 58 29
263527 56 28
264205 43 31
264520 45 29
264530 44 30
264560 43 25
264574 56 32
264596 69 36
264649 49 32
264768 50 25
264901 63 24
265231 43 23
265933 59 40
266089 33 19
266380 36 25
267285 51 17
268549 79 0
268702 65 3
268852 85 3
269026 73 3
269155 85 2
269471 128 5
269793 100 4
270810 73 5
270849 74 6
271034 52 1
271047 63 1
271435 77 4
271530 92 4
271662 84 6
271751 57 2
271803 76 5
271878 88 2
271939 70 4
272288 85 1
272423 50 3
272429 48 3
272696 89 8
273279 75 3
273284 65 3
273309 35 1
273363 31 2
273378 29 1
273432 45 2
273755 67 5
273822 46 0
274851 48 3
275165 61 2
275326 75 3
275935 26 5
275951 16 6
275958 15 7
275982 36 8
276003 42 8
276046 52 2
276183 12 4
276199 34 7
276449 85 6
277504 73 7
277543 65 4
277826 73 6
278136 76 7
278812 81 6
279171 79 6
279325 62 5
279526 78 11
279640 59 6
279742 74 5
280285 60 9
280648 72 9
280728 59 7
280780 65 9
280849 64 15
281263 65 6
281389 72 5
281725 79 9
281731 76 6
281779 61 5
281785 59 5
281881 81 9
281908 81 10
281971 68 8
282286 76 6
282418 62 7
282655 62 14
282908 89 5
282998 71 10
283238 80 10
283340 71 5
283430 69 7
283749 95 8
284088 92 9
284700 68 19
285075 70 8
285900 70 4
285984 63 7
286296 64 4
286302 66 4
286395 67 11
286653 65 4
286942 76 6
286975 65 4
287043 75 6
287052 75 7
287225 116 8
287391 63 5
287490 72 7
287529 60 8
287763 69 7
287800 73 9
287890 75 9
288145 83 2
288289 52 4
288361 49 1
288943 90 8
289010 79 6
289389 73 3
289410 43 2
289482 51 0
289491 51 0
289500 56 2
289548 69 10
289696 51 3
289783 69 3
289987 88 6
290030 83 10
290199 98 6
290264 82 7
290604 69 5
290661 69 3
290688 76 4
290703 84 5
290721 73 3
291412 73 6
291530 71 4
291654 85 3
292175 73 3
292211 59 5
292863 86 5
292902 69 3
293297 72 3
293461 58 4
293502 67 7
293517 75 8
293560 67 9
293685 73 6
293690 67 6
293739 84 8
294152 55 4
294286 84 8
294340 77 4
294349 73 3
294646 78 5
294790 81 5
295599 53 3
295730 86 8
295945 95 5
296082 68 4
296159 79 6
296460 73 5
297381 92 6
298049 74 5
298067 81 8
298163 81 7
298181 82 5
298295 72 4
298346 87 4
298408 93 7
298707 91 3
298799 59 4
298844 45 3
299354 46 4
299600 46 4
299656 63 5
299714 84 6
299909 74 9
300007 71 4
300052 69 2
300245 83 8
300429 50 5
300526 68 7
300867 89 11
301072 83 13
301115 38 6
301142 4 7
301172 65 6
301226 60 9
301249 65 8
301290 73 6
301340 66 4
301368 64 9
301419 85 9
301461 84 4
301493 82 2
301520 61 2
301752 81 10
301768 86 12
301859 61 2
302017 62 5
302068 47 3
302278 66 4
302295 89 4
302345 75 6
303038 61 6
303376 70 11
303873 76 8
304359 72 3
304449 61 1
304460 66 2
304477 64 2
304580 33 2
305562 65 5
305600 71 8
305621 71 8
305626 72 8
305825 52 1
305911 62 7
306270 40 6
306655 65 4
307112 110 4
307211 59 6
307786 79 0
307823 72 2
308058 88 7
308363 63 3
308417 70 5
308426 71 4
308456 74 3
308727 91 4
309542 69 3
309581 76 3
309656 67 4
309734 61 1
309767 58 5
309899 70 8
309992 53 8
310139 68 3
310223 62 5
310253 65 3
310449 111 12
310592 53 6
310960 66 4
311064 65 8
311178 77 3
311204 83 6
311415 62 7
311569 69 3
311693 82 5
312271 72 4
312657 70 5
312774 75 4
312795 72 5
313410 80 8
313466 78 5
313516 61 8
313617 79 3
313920 78 5
314373 65 4
314961 73 8
316272 79 10
317092 59 6
317181 48 3
317316 43 7
317352 69 7
317388 77 5
317774 81 1
318095 89 11
318365 54 3
319843 62 3
319934 68 10
320149 60 6
322046 77 4
322153 88 9
323672 82 6
324662 70 4
324849 57 1
324870 66 3
324879 71 3
324894 71 5
324932 76 7
324947 78 7
325140 67 6
326006 52 5
327334 59 1
327505 75 5
327689 69 5
327741 83 6
327924 49 10
328189 98 9
329155 68 6
329297 80 8
329829 86 7
330309 52 7
330325 54 7
330415 66 4
330737 52 8
332026 52 6
332139 78 7
332560 72 8
332575 64 4
332719 69 2
334621 56 2
335610 61 2
335656 65 1
335760 95 8
336180 53 9
336309 68 4
336528 63 8
336550 76 6
336740 80 6
336804 81 9
336876 73 7
337070 75 7
337503 83 6
337969 57 6
338736 46 2
340408 57 1
340851 70 3
341257 52 4
341695 70 5
341703 72 6
341732 68 4
341743 54 4
341753 59 4
341868 86 12
342038 58 9
342122 68 5
342129 64 5
342170 58 9
342181 58 8
342211 82 7
342938 66 8
343135 55 7
343420 66 9
344285 95 9
344417 50 4
344651 90 11
344698 88 6
345010 42 7
345775 70 4
345783 66 6
345801 61 4
345813 70 4
345831 76 5
345844 69 4
345852 63 4
345915 81 10
346123 3 15
346266 58 4
347072 74 9
347192 85 2
347652 26 4
347661 19 4
348563 75 6
348789 56 1
349313 81 6
349323 109 8
349410 53 5
349627 49 5
349762 37 0
350289 71 12
350400 81 8
350502 52 4
350547 69 8
350892 86 0
352113 73 4
352841 79 6
353079 81 7
353639 78 8
354098 92 11
354491 67 5
354725 70 6
354917 63 9
355032 97 3
355168 56 6
355464 62 5
355921 113 6
355987 84 1
356017 76 1
356140 84 3
357010 69 3
357653 64 9
358023 94 3
359139 81 6
359230 57 9
359371 67 6
359491 67 3
359604 78 6
359977 67 5
360139 74 5
360161 80 8
360307 51 6
361087 65 4
361111 66 4
361598 86 7
362363 54 2
362503 53 6
362700 62 5
364585 48 5
364636 76 6
364661 66 4
364792 48 2
365090 63 3
365150 67 7
365384 77 6
365407 72 7
365490 60 5
365526 48 6
366396 61 4
366447 69 3
366702 52 5
367080 78 9
367393 67 5
367425 81 8
368261 89 8
368531 76 8
368815 82 7
369187 86 9
369305 71 5
369335 54 4
369645 75 2
369946 90 4
370210 63 7
370406 65 8
370570 70 4
370621 63 3
370640 66 2
370729 65 4
370891 65 6
371284 66 3
371374 96 9
371427 82 3
371470 49 4
372510 88 6
372559 71 4
372566 91 6
372642 44 1
372841 62 4
373173 73 3
373248 63 4
373297 72 3
373307 60 3
373431 77 1
373467 74 4
373520 62 4
373594 68 8
373606 75 5
373616 73 5
374206 67 4
374324 80 4
374454 73 11
374695 78 8
374780 51 6
374793 52 6
374827 67 7
374942 76 10
375014 41 5
375211 49 3
375614 60 5
375854 58 3
376399 78 7
376556 60 4
376610 56 6
376811 67 9
376832 78 8
376874 66 7
376941 59 4
376994 67 5
377018 78 1
377053 77 1
377110 54 5
377151 45 2
377493 87 6
378256 67 6
378273 75 10
378415 95 6
378514 70 6
378897 52 3
378971 62 6
379086 53 5
380761 56 4
380955 69 7
381319 78 9
381687 45 8
381900 52 8
381972 66 6
381992 58 5
382008 73 7
382600 88 6
382686 62 3
384303 42 2
384396 43 3
384822 41 2
385085 57 3
385448 51 1
385601 51 4
385785 53 4
386026 26 1
386289 52 3
386748 56 5
386878 99 9
387025 62 5
387177 73 5
387233 79 6
387322 77 4
387476 69 8
387578 68 4
387786 82 6
388893 81 8
389296 68 3
389307 64 3
389388 77 6
390056 83 9
390072 65 6
390077 62 6
390192 82 4
390239 91 6
390245 114 8
390506 71 3
390716 63 6
391608 69 7
391726 71 8
392816 50 5
393676 50 3
393698 51 3
394016 83 6
394172 76 6
394268 55 5
394433 77 4
394559 70 4
394691 56 1
395519 84 7
397448 80 6
397845 76 4
397985 65 6
398146 73 6
398640 58 3
398860 14 1
398881 20 0
399012 35 4
399803 64 4
399960 100 3
399972 90 2
400032 60 6
400198 77 7
400284 63 3
400368 52 3
400579 82 7
401449 76 6
401915 78 9
401927 83 9
402008 70 7
402852 60 7
403305 51 5
403537 51 5
403546 57 6
403865 45 5
403876 52 6
403946 70 5
404977 58 7
406613 63 7
407149 83 4
409515 32 20
409622 45 29
409881 55 31
409890 55 28
411706 34 12
411954 57 24
411996 27 18
412788 46 20
412952 57 36
413235 55 30
414301 54 21
414354 36 25
415007 39 37
415565 56 26
415682 47 36
415808 48 23
415820 55 24
416401 62 38
416698 30 26
416739 46 27
417172 29 16
417310 36 15
418002 48 28
418737 45 31
418790 48 27
418847 38 25
418994 39 31
419099 40 26
419152 34 41
419503 53 32
419691 24 21
419838 37 40
419845 41 36
420746 47 35
420890 28 28
421463 41 21
421553 29 24
421646 31 32
423781 41 36
423830 46 25
424072 36 24
424077 36 23
424110 39 24
424776 44 34
424959 42 26
425122 47 37
425266 41 24
425509 44 24
426066 48 28
426419 50 38
426548 43 24
426590 26 16
426606 42 20
426635 57 25
426656 50 24
426886 47 37
427006 27 24
427989 10 12
428035 17 18
428066 38 25
429118 47 32
429185 55 28
429378 31 30
429387 34 26
430326 30 21
431019 36 49
431654 37 19
432914 67 35
433086 55 31
433091 53 31
433122 40 30
433145 27 28
433254 35 29
433267 34 25
433345 58 34
434104 44 23
434414 41 28
434760 45 14
436355 27 27
436394 38 31
436411 45 36
436418 44 35
436533 28 19
436884 32 21
437070 44 22
437218 54 16
437309 57 31
437531 50 26
437552 49 23
437966 45 31
438623 38 36
438681 55 21
438699 48 21
438848 60 38
439257 47 19
439962 47 25
440541 38 26
440869 41 39
440938 31 39
441370 33 32
441523 36 40
442104 36 31
442844 26 36
443322 42 33
443583 35 29
443949 31 32
444143 55 38
444182 42 35
444408 40 34
444715 39 34
444944 55 30
444968 45 30
445095 26 34
445168 44 31
445522 32 30
445679 24 23
445782 28 31
446335 36 45
447210 39 23
447306 24 26
447444 35 38
447937 48 48
448330 30 38
448901 24 35
448961 42 44
449156 21 33
449213 32 42
450706 34 28
451220 36 21
451499 31 30
451569 41 46
451814 36 33
452117 38 34
452340 34 27
452405 36 25
452507 53 38
452525 47 36
453349 33 30
453550 29 29
453643 42 31
454420 35 22
454426 32 22
454476 32 23
455060 40 32
455084 48 38
455115 41 37
455234 32 36
455567 28 30
455637 23 31
455768 30 38
455888 29 34
455912 22 30
455963 40 38
456245 23 19
456461 47 51
457180 42 47
457773 33 37
458463 29 31
458541 28 42
458823 34 23
459252 36 37
459586 32 27
459666 30 21
459674 34 22
459697 36 29
459807 43 35
459971 36 34
460019 32 40
460171 58 21
460300 27 37
460456 37 34
461194 35 19
461334 42 32
462202 33 27
462421 34 49
462644 40 44
462783 37 27
462979 54 46
463002 58 52
463130 35 28
463488 26 29
463652 43 39
464262 42 25
464320 42 31
464340 29 26
464371 43 40
464399 37 31
464468 50 45
464596 33 39
464748 46 45
464789 33 39
464800 34 42
464818 31 32
465180 39 46
465227 44 34
465290 40 38
465363 20 31
465417 47 38
465503 26 60
465515 30 54
465589 28 19
466322 21 9
466748 36 39
466827 40 41
467147 44 24
467513 42 38
468413 35 21
468608 45 38
469010 56 46
469939 35 31
470142 32 28
470463 47 36
470906 34 37
471224 34 35
471375 41 25
471405 59 30
471827 26 23
471938 40 34
472243 31 41
472411 38 21
472462 29 39
472700 39 30
473170 37 38
473230 45 23
473733 32 39
474593 29 20
474789 49 44
474887 41 44
475067 40 31
476096 35 31
477318 31 31
477389 37 31
478019 40 42
478189 35 37
478343 39 42
479000 29 32
479030 35 37
479051 35 32
479078 36 39
479144 57 39
479210 38 26
479252 29 19
479468 29 25
479555 30 28
479725 37 30
480881 29 12
481464 24 26
481554 37 33
481805 29 42
482125 43 35
482195 37 24
482320 44 31
482334 41 29
482349 44 32
482682 28 44
482821 23 41
482830 25 41
482950 31 52
483004 34 43
483234 40 42
484303 21 50
485568 32 58
485641 13 30
485899 23 30
486250 30 34
486328 19 39
486627 42 50
486697 22 47
486963 36 43
487510 22 35
487516 26 37
487869 29 23
488183 21 22
488749 40 46
488781 35 40
488950 24 45
489038 33 49
489195 32 52
489213 28 48
489627 40 53
489756 19 31
490155 34 50
490302 32 45
490380 25 53
490527 29 52
491000 17 39
491330 46 60
492267 17 18
492850 28 45
493018 20 44
493558 37 50
493654 22 50
493881 20 28
493912 16 36
494232 26 44
494294 18 39
494743 17 46
494900 29 26
495341 34 50
495787 12 33
495937 27 43
497340 55 13
497454 57 11
497585 47 11
497654 48 12
498357 39 9
498823 66 21
499178 95 24
500952 69 18
500973 59 15
501815 66 13
502032 46 17
502335 79 19
502928 61 14
502965 35 8
504928 60 22
505146 71 11
505213 52 15
505690 67 18
505804 57 21
506086 54 17
506162 52 16
506356 53 11
506362 54 14
506851 44 20
508676 31 17
508983 67 4
509170 52 14
509370 50 16
509642 47 24
510180 49 13
510236 66 4
510345 42 11
510402 51 14
510575 51 7
511001 60 22
511750 61 18
511863 53 14
511971 53 15
512372 62 19
512745 33 10
513174 36 8
513182 35 8
513263 55 17
514099 69 17
514995 56 12
515007 51 14
515316 52 17
515775 74 17
515981 53 12
516034 48 9
516335 21 4
516588 45 10
516872 69 11
517411 60 12
517510 57 8
518206 61 15
518413 54 17
518479 60 10
518621 52 16
518778 61 14
518912 33 8
519054 68 16
519207 49 12
519369 39 12
519525 56 13
519633 41 9
519652 43 8
520117 51 26
520459 49 24
520485 53 22
521217 58 14
521516 50 14
521637 59 6
521665 64 10
521694 69 12
521712 65 11
521888 42 15
522023 36 7
522082 49 7
522155 36 15
522194 37 13
522453 54 13
522533 43 9
522672 34 14
522814 79 23
522837 65 18
523676 55 14
523931 53 11
524179 22 8
524585 47 13
525361 60 15
525683 83 24
526083 54 15
526388 34 13
526757 55 20
526763 57 20
526973 65 21
527210 62 26
527222 60 25
527291 47 12
527582 64 24
527639 53 28
527663 44 23
527847 52 26
528080 45 22
528749 54 17
528801 40 16
529380 42 15
529445 38 12
529547 6 49
529859 50 20
531635 61 15
531654 64 17
531737 31 21
531783 42 16
532129 53 15
532604 67 27
532667 49 15
532750 32 13
533014 41 17
533652 54 21
533809 82 29
534435 53 20
534746 58 25
535032 57 15
535224 48 14
535616 48 16
536801 53 17
537917 31 18
538296 31 5
538553 16 3
538857 29 7
539266 45 13
539347 59 24
539522 44 17
539853 43 13
539862 42 13
540410 24 15
540506 60 35
540557 63 22
541033 49 10
542162 48 28
542303 44 18
543020 50 20
543047 43 17
543311 48 24
543572 54 11
543710 43 19
543722 39 21
544833 52 28
545613 63 31
545905 50 21
546230 49 16
546388 52 20
546713 53 22
546779 46 25
547713 42 10
547862 42 17
548192 61 20
548553 50 14
548578 61 18
548698 51 14
548850 59 25
548859 48 20
548931 57 19
549342 23 56
549459 50 14
549675 42 12
550283 45 24
550498 42 20
551584 23 55
551685 17 32
552293 23 49
552781 17 59
553252 43 10
553318 43 17
553711 65 13
554146 41 11
554368 23 10
555724 38 10
555773 35 15
555876 37 10
555989 54 17
557023 36 21
557065 39 20
558415 35 18
559238 40 20
560848 53 27
560962 50 24
561139 58 28
561431 35 25
561545 42 21
561705 37 22
561956 36 22
562825 69 24
563125 52 14
563596 64 20
563974 51 20
564026 50 10
564037 56 13
564318 51 14
564726 52 28
565566 51 24
565692 46 26
565822 56 27
565925 43 13
565946 51 17
565994 60 35
566987 42 26
567119 29 24
567497 42 22
567536 43 33
567581 36 29
567724 59 29
567744 56 28
568051 67 22
569715 46 18
570130 50 30
570382 38 24
571156 35 18
571207 51 19
571903 47 23
572488 64 35
572625 31 19
572856 62 28
572890 51 25
572954 50 29
573394 18 30
573412 30 30
573423 42 16
573549 40 27
573745 57 21
573811 41 26
574112 46 22
574124 42 21
574468 48 19
574520 62 26
574634 58 27
574654 47 14
574773 32 15
574832 55 25
574878 43 20
574915 48 19
575139 38 9
575239 27 13
576016 53 18
578917 4 27
579031 11 8
579112 16 14
579208 16 17
579214 20 20
579563 47 22
579691 30 14
580099 56 31
580438 45 20
580892 51 22
581296 57 15
582037 48 21
582055 47 24
582628 47 28
582718 49 20
583044 45 22
583480 49 18
583499 50 18
584113 68 21
584521 46 15
584586 44 27
584818 71 25
584988 49 22
585392 43 16
585754 43 15
585811 36 10
586186 37 16
586215 36 17
587431 50 18
587437 47 13
587639 48 14
587801 52 11
588127 40 12
588364 41 21
588440 26 11
588581 69 25
588767 31 22
589884 39 23
589911 44 19
590814 61 22
590957 52 36
591245 56 27
591330 54 27
592287 56 29
592509 47 21
593460 53 17
593613 46 16
594039 41 13
594536 54 18
594602 45 15
594697 38 8
594713 41 14
594813 46 23
595035 64 28
595443 46 25
595521 37 20
595931 59 23
596003 46 19
596151 52 18
596179 35 16
596297 58 25
596705 3 26
596769 54 33
596852 62 26
596872 57 23
596892 56 28
596926 52 16
596972 40 14
596979 35 13
597034 38 20
597060 45 17
597179 57 31
597185 50 27
597371 59 28
598027 44 14
598354 39 12
598366 43 16
598565 42 9
598780 47 19
598816 56 17
598920 46 24
598981 40 20
599061 54 22
599295 51 22
599373 60 27
599382 61 24
599441 42 20
599654 49 17
599680 53 21
599975 38 20
600108 48 22
600198 40 17
600688 53 23
601277 44 18
601410 43 13
602030 50 20
602094 32 19
602159 51 11
602350 49 19
602446 48 21
602454 42 24
602490 55 30
602521 56 26
602689 69 26
602787 57 21
602888 61 24
603062 45 20
603268 55 29
603449 50 23
603474 47 26
604316 45 24
605394 45 21
606529 54 20
606919 50 22
607010 38 17
607162 45 25
607441 86 28
607795 44 16
608113 54 19
608242 52 21
608575 38 19
610318 46 19
612094 40 12
612775 44 25
612955 38 17
613015 52 27
613071 42 25
613254 52 18
613271 49 19
613287 57 23
613405 44 17
613434 47 18
613463 60 19
613498 39 18
613666 49 18
613804 70 26
614680 38 20
614832 50 27
614886 72 34
614903 66 29
614920 64 23
614930 55 17
614944 41 14
614963 42 13
615013 22 10
615056 35 9
615071 34 13
615083 35 12
615104 39 16
615167 62 23
615283 58 19
615326 37 16
615335 34 16
615366 35 16
615383 37 22
615400 39 19
615408 41 19
615432 29 22
615453 27 20
615467 44 23
615507 43 25
615513 47 27
615521 50 23
615532 64 28
615570 46 21
615599 36 18
615693 46 20
615715 69 24
615770 55 19
615834 41 14
615901 41 11
615942 50 21
615967 52 21
616128 54 21
616188 36 18
616279 52 16
616641 44 23
616686 67 29
616719 56 30
616758 56 34
616797 45 25
617068 63 23
617742 50 23
618516 42 17
618792 46 22
619146 56 33
619290 39 17
619455 68 28
619464 60 23
619521 52 18
619528 48 15
619986 40 25
620037 57 20
620163 49 24
620197 41 31
620385 52 24
620596 54 24
620627 44 20
620637 33 16
620687 55 20
620731 63 16
620936 68 20
620968 57 24
621664 55 18
621754 44 21
622869 59 29
622915 48 21
623022 52 13
624461 48 23
624541 56 20
624773 36 23
625206 46 17
625583 63 31
625623 53 27
625763 44 19
625916 48 20
626788 71 24
626923 39 15
627439 49 27
627493 44 27
627517 52 21
627733 46 18
627781 42 16
627960 42 12
628204 34 17
628402 52 16
628510 47 13
628536 36 8
628936 56 16
629117 43 10
629384 48 12
629396 50 16
629473 46 15
629944 77 33
629957 79 30
630092 37 20
630722 36 16
630824 51 21
631095 39 19
631274 40 25
631361 39 21
631850 48 21
631950 61 29
631975 47 31
632042 25 21
632380 55 30
632904 51 18
633776 58 18
633824 38 13
633866 54 14
633976 45 16
634142 70 20
634202 47 19
634541 50 16
634613 53 18
634622 44 17
634717 40 7
634847 64 19
634879 59 19
634913 50 21
635072 40 19
635234 52 21
635268 39 19
635273 40 21
635357 29 18
635430 44 19
635461 51 28
635644 33 12
635671 38 19
635696 47 19
635773 68 15
635873 42 29
636015 48 33
636097 51 19
636278 48 27
636332 51 25
636402 49 27
637107 71 22
637452 36 14
637577 49 17
637586 48 17
637656 52 26
637716 42 17
638348 43 20
638394 46 18
638795 50 23
639227 44 15
639232 40 14
639658 47 25
640165 51 12
640454 58 24
640652 61 24
640685 53 17
640906 45 21
641065 53 28
641080 53 25
641410 40 16
641572 35 18
641584 43 21
641668 44 26
642256 56 19
642508 45 14
642664 55 23
642694 61 27
643020 33 14
643113 55 26
643450 50 10
643875 54 22
644192 46 23
644519 58 33
644917 35 19
645079 64 22
646033 57 27
646162 55 26
646557 65 23
646686 48 14
647091 49 17
647175 43 19
647325 51 14
647664 60 20
647961 52 18
648108 56 21
649340 43 18
649742 43 18
649817 45 30
649847 42 32
650090 34 19
650250 45 26
650813 14 60
650849 14 61
650924 17 52
651044 20 51
651150 15 47
651179 14 48
651212 18 50
651218 18 52
651527 14 33
651581 15 40
651675 27 41
651698 33 46
651707 32 49
651800 22 46
651869 12 43
651876 13 49
651932 22 51
652184 17 53
652379 18 66
652940 17 59
653059 18 50
653095 20 50
653249 21 23
653279 10 34
653336 14 34
653825 12 54
653898 18 63
654147 13 54
654195 16 39
656160 18 45
656281 15 28
657316 18 55
657364 24 68
657376 20 41
657664 17 42
658119 9 26
658245 17 53
658256 19 47
658328 13 34
658401 12 37
666630 3 11
670820 6 54
670931 5 41
671080 9 58
674919 7 62
681626 10 89
681701 4 30
689161 11 91
690081 8 68
693903 10 79
698477 8 59
698512 9 73
701000 9 77
710723 7 63
712617 8 58
715460 5 42
718620 6 47
719220 8 68
722031 7 60
725069 8 70
726755 7 52
729695 6 49
729983 7 61
734844 3 25
735543 11 97
735654 9 70
735673 9 70
735687 8 58
736050 8 23
736116 7 45
736136 10 78
736680 11 63
736814 8 46
737018 11 95
737273 10 80
737365 10 67
737403 13 65
737411 12 66
737444 11 59
738878 9 62
739107 10 55
739719 10 71
740095 8 50
740143 12 70
740956 7 56
742664 8 52
743728 14 87
744512 9 53
746446 12 46
746814 11 81
747448 13 74
747523 9 64
748378 18 66
748560 22 83
748773 8 58
748803 8 57
748877 16 48
749182 8 52
749317 6 47
749431 9 52
749438 8 53
749609 8 50
749704 9 60
749848 7 53
750448 9 65
750775 7 49
752735 41 29
752841 37 28
752859 37 29
753063 59 48
753152 35 32
753363 31 32
753522 36 18
754244 41 20
754464 46 53
755782 39 29
755865 41 34
755871 49 33
755950 36 32
756067 36 26
756094 59 38
756102 57 36
756359 45 45
756577 54 27
756588 54 34
756732 45 41
756787 44 33
756865 30 19
757251 49 30
757296 55 21
757305 56 30
757310 48 23
757325 48 22
757347 53 26
757354 52 25
757400 56 21
757487 35 23
757496 41 25
757624 52 22
758947 34 16
758962 47 22
759754 37 31
759815 41 22
760206 37 39
760253 27 23
760497 46 25
760512 42 29
760538 47 23
760622 39 12
760667 53 30
760778 34 32
760838 31 25
761676 40 28
762071 54 46
762194 47 32
762452 47 24
762885 45 23
763241 53 39
763658 47 21
763689 42 23
763905 43 25
764228 40 25
764946 74 50
765823 48 29
766546 53 23
766815 53 27
766944 39 20
766966 35 22
767203 46 25
768345 57 20
768362 69 19
768512 40 23
768534 44 18
768580 37 21
768735 39 28
769146 57 26
769284 45 21
769306 43 30
769329 49 36
769518 37 23
769561 49 37
769664 37 27
769719 32 18
770153 38 33
770563 32 23
770600 39 29
771646 42 16
772396 51 13
772689 57 28
772724 62 28
773486 31 23
777486 57 20
777621 44 37
778019 42 28
778501 45 24
778571 64 30
778594 62 36
779072 56 32
779165 73 37
779183 73 36
779299 42 34
779552 59 28
779603 45 24
780172 57 31
780185 49 31
780933 49 44
781768 36 22
781984 62 34
782432 52 20
783502 66 30
784172 60 29
785025 33 33
785035 47 35
785082 37 19
785761 49 33
785980 64 29
786076 41 30
786214 42 19
787503 50 22
787727 64 40
788143 39 24
788197 60 28
788217 71 26
788765 50 19
788834 51 24
789458 47 27
790137 82 26
791397 63 15
792041 52 29
792064 60 33
793122 49 19
793496 42 32
793575 46 23
793929 75 30
794178 55 17
794274 62 31
794510 57 19
794625 48 26
794653 68 27
795034 61 19
795732 62 28
796332 43 16
796581 52 19
797303 73 29
797531 41 21
797961 32 20
798055 70 43
798469 67 31
798490 64 22
798651 58 29
798660 58 28
800046 52 32
800269 68 39
800327 59 37
801067 58 21
801439 44 13
801581 75 36
801666 55 24
801671 54 24
801708 34 19
802133 38 20
802532 57 17
803206 57 25
803464 20 27
803792 41 20
804173 37 18
804818 72 32
805083 57 25
805245 64 32
806454 41 21
806611 44 23
806824 63 31
807232 65 31
807301 69 35
807448 39 15
807571 56 30
807745 47 19
808028 45 19
808785 59 44
808831 74 43
809003 55 21
809092 39 34
809150 51 37
809197 54 36
809494 64 39
809690 49 22
809710 49 15
809890 41 34
809987 42 30
810215 43 34
810336 33 28
810435 55 31
810560 39 24
810624 44 24
810669 52 35
810705 60 40
810921 55 29
811398 21 14
811571 46 37
811636 65 32
811665 64 37
812035 29 18
812062 42 28
812433 19 40
812448 38 26
812457 7 63
812681 35 26
813374 27 29
813783 52 48
814056 52 42
814125 65 36
814433 66 42
814673 52 37
814885 50 24
814917 44 20
815812 51 41
816007 43 32
816100 31 21
816763 55 41
817132 42 31
818401 43 32
818518 64 51
818590 38 22
818608 39 33
818689 32 34
820287 24 7
821700 32 22
821714 37 15
822056 40 23
822082 30 25
822096 34 24
822113 56 35
822128 59 35
822144 57 34
822284 47 26
822624 45 35
823383 45 22
823849 48 25
824216 58 29
824248 42 17
824454 53 36
824923 51 35
825264 30 36
825295 42 36
826017 61 34
826177 40 26
826200 40 32
826725 56 35
827117 60 29
827163 52 29
827435 50 28
827558 39 30
827637 62 41
827706 60 38
828051 62 37
828490 52 30
828911 38 39
829254 51 32
829425 52 37
829627 57 22
829654 47 26
829780 66 33
830191 66 31
830259 60 27
831821 51 31
832201 52 27
832666 55 36
832673 60 38
832878 51 31
833258 36 33
833366 68 24
833698 50 37
835407 59 30
837574 47 47
837777 29 34
838025 34 27
838258 50 39
838348 43 30
838462 62 38
838517 68 38
838894 46 26
838918 44 29
838993 57 29
839320 50 29
839808 65 24
840009 33 27
840289 48 37
841194 55 25
841901 66 36
842134 45 38
842200 70 27
842493 40 22
842538 48 25
843065 63 40
843634 32 23
843807 35 24
843950 30 29
844006 14 27
844088 34 22
844095 29 23
844310 61 32
844442 60 47
844631 44 25
845341 79 34
845387 67 31
845461 50 26
846686 50 30
846952 51 23
848442 67 23
848449 67 20
848696 68 19
849098 49 38
849408 43 33
849769 36 24
849921 45 25
850244 62 34
850921 44 29
851076 54 25
851250 62 54
851358 41 29
851409 59 47
852121 57 39
852132 57 42
852273 57 40
852996 54 38
854016 59 46
855823 57 16
855887 59 21
855951 53 24
855974 55 23
856176 51 27
856606 45 33
859124 43 35
859243 59 25
860089 58 26
860166 43 26
860683 66 41
860848 40 18
861066 70 39
861271 42 22
861379 54 22
862060 68 33
862126 60 29
862147 63 28
862684 43 23
862828 41 22
862942 43 28
862961 50 29
863038 51 33
863363 29 25
863566 48 27
863593 46 27
863611 46 27
863803 30 18
866220 14 7
866664 63 36
866861 43 26
866868 49 27
867028 54 40
867088 46 29
867207 49 18
867301 54 20
867316 51 25
867398 66 20
870124 65 37
870158 67 37
870171 54 39
870285 48 23
870513 42 20
870550 37 16
870564 36 15
871522 41 23
872325 48 12
872986 69 36
873252 70 42
873710 54 31
873736 46 29
873745 50 29
874348 35 18
874438 81 36
874468 75 35
874831 57 34
875047 54 24
875101 68 28
875176 37 24
875191 37 20
875236 64 37
875701 40 15
876046 62 32
876796 78 24
877597 49 22
878247 50 22
878475 61 34
878781 47 21
879396 58 30
879630 59 26
879720 57 35
880419 57 25
880662 57 26
880771 57 23
881331 51 23
881757 37 18
882318 58 27
882751 66 26
883075 48 30
883674 37 31
883753 62 39
884679 36 36
885239 39 17
886087 10 53
886332 44 21
886615 47 32
887014 40 44
887176 75 52
887622 39 24
887715 51 42
888915 40 32
889296 80 37
890733 52 27
891929 65 18
892891 58 33
893354 26 14
893707 47 22
894626 38 33
895674 55 30
896008 61 32
896305 47 31
896655 61 33
896865 57 34
897031 61 41
897055 57 38
897525 29 11
897792 43 30
898187 51 29
898749 47 28
899386 47 24
899402 49 28
901120 46 33
901516 72 41
901562 54 40
901739 77 29
901812 57 28
901997 57 35
902145 67 17
902175 69 19
903534 58 26
903779 88 38
903809 66 46
904802 52 44
904833 50 38
904868 50 39
905011 61 43
905130 52 35
905262 49 31
905962 53 34
906048 53 24
906210 45 30
906993 51 33
908259 58 39
908697 67 30
909501 56 31
909729 43 28
910631 63 31
911048 47 44
911611 54 30
911725 50 20
911915 45 25
912345 73 42
912444 55 27
912585 52 25
912933 65 32
913083 63 38
913209 51 30
913467 47 39
913558 54 32
913611 56 43
913646 54 34
913947 37 26
914136 45 28
914719 36 18
915070 42 27
915309 56 40
916230 68 53
916581 42 38
916758 51 30
916779 56 30
917325 43 28
917562 56 32
918079 36 23
918336 66 39
918672 60 45
919407 51 29
919914 54 28
920588 78 31
920719 62 27
920737 65 28
920831 58 33
920850 57 37
921519 56 34
921597 72 40
921917 62 25
922103 48 24
922571 66 34
922598 54 24
922622 60 32
922646 46 27
922775 58 37
923330 54 24
924056 66 28
924150 81 40
925106 64 30
925436 64 30
925672 57 27
925707 52 30
926036 61 37
926057 65 38
926135 68 39
926171 60 29
926192 61 32
926273 69 25
926942 62 25
927074 83 38
927269 65 47
927374 59 46
927637 65 38
928102 71 33
928321 43 27
928346 49 34
928385 66 39
928567 46 37
929196 49 30
930606 49 36
930765 53 47
930867 61 37
930879 58 33
930969 67 30
931071 53 31
931123 51 26
931326 49 35
931365 55 38
931482 58 25
931803 50 42
932410 79 43
933875 24 25
934327 56 33
934870 54 34
934924 51 31
935473 50 30
935667 62 31
936277 63 42
936457 62 56
936532 69 47
936868 68 36
937297 46 23
937564 54 33
938356 46 30
938413 37 19
938633 77 32
938666 50 39
938672 48 42
938683 54 44
938730 65 34
938759 62 36
938817 59 50
938825 52 49
939169 50 31
939231 82 47
939252 78 50
939321 44 33
939533 62 41
939597 80 47
939606 79 44
940633 51 40
940923 67 45
941164 51 34
941197 60 40
941427 71 52
941499 77 71
941710 53 41
941805 54 41
942139 62 32
942255 74 46
942501 75 43
942859 52 29
942938 64 32
943014 65 34
943076 46 35
943396 31 20
943674 76 45
944295 63 37
944339 84 42
944750 59 46
944810 63 45
947266 62 71
947397 24 38
947569 47 52
947585 48 58
948019 41 35
948038 41 37
948590 40 54
949330 7 56
950635 59 49
951017 56 45
952616 28 46
955357 54 57
955452 44 68
955630 36 53
955785 44 41
955907 39 50
956528 52 41
957303 23 29
957570 34 46
957651 61 60
957662 55 59
957669 55 54
957717 49 43
957772 51 37
957904 14 73
957921 43 49
958174 40 61
958222 35 56
958450 41 40
958541 49 71
958550 38 56
958574 52 60
958588 53 66
958633 42 64
958743 37 48
958872 28 50
959019 14 104
959053 23 44
959062 18 40
959099 22 43
959119 17 35
959149 20 64
959171 40 73
959208 40 94
959364 54 52
959369 58 45
959416 74 62
959423 67 52
959433 20 98
959445 19 99
959454 39 81
959458 21 86
959620 48 64
959779 21 42
959801 24 40
960196 34 39
960248 27 12
960348 29 31
960889 32 57
961352 33 48
961522 43 50
961615 39 50
961676 15 21
962134 44 36
962184 44 52
962841 33 60
962917 39 45
962943 34 42
963018 37 65
963071 75 68
963130 49 62
963160 53 56
963186 51 56
963289 39 29
963475 48 46
963568 41 48
964069 41 47
964472 30 49
964763 52 55
966033 46 67
966332 70 60
966340 57 58
966820 43 47
967717 29 35
967949 61 43
968253 31 35
968304 32 40
968844 50 40
969261 61 48
969435 43 55
969617 28 30
970024 40 39
970336 62 65
970414 57 49
970465 52 60
971359 54 53
972263 41 34
972317 38 44
972537 22 22
972785 29 20
973545 41 43
973907 35 40
973990 52 48
974059 46 52
974084 50 49
974090 53 50
974165 40 47
974238 57 58
974296 58 55
974612 44 54
974618 44 52
974666 47 55
974792 35 54
975005 46 35
975125 57 51
976589 56 49
976676 56 40
977936 40 46
978061 47 44
978412 48 53
979508 40 43
979668 55 52
979715 60 51
979774 53 48
980125 71 50
980969 62 76
981104 45 43
981128 43 39
981510 45 42
981822 55 66
982294 43 62
982836 39 43
983335 50 63
983553 56 48
983916 21 13
984027 47 60
984338 56 82
984364 47 59
984454 37 42
985033 37 63
985043 36 61
985585 45 56
986041 49 57
986183 32 54
986241 42 58
986304 31 41
986340 28 43
986351 23 40
986385 33 54
986627 36 57
986831 29 47
986905 41 54
987020 32 31
987257 20 21
987592 28 51
987743 34 63
988232 42 58
988462 37 58
988710 56 57
988886 49 43
989183 47 62
989312 42 52
989444 45 77
990484 36 48
991084 56 69
991105 53 62
991312 49 58
991363 57 72
991463 38 44
991876 49 51
992356 44 57
993008 34 42
993047 44 47
993053 38 48
993078 37 54
993097 43 54
993262 39 65
995180 33 46
995931 44 59
996128 60 65
996648 35 48
996870 61 73
997431 40 53
997451 35 54
998426 31 49
998906 49 67
998933 41 65
999089 49 52
999107 55 57
999362 42 49
999539 36 58
999659 51 45
999965 37 70
1000430 43 42
1000438 43 51
1000512 48 69
1000624 37 60
1000636 38 58
1001724 47 70
1001730 48 63
1001773 48 50
1002151 63 62
1002232 33 57
1002527 14 28
1002536 13 27
1002557 20 30
1002735 21 51
1002752 18 51
1002799 28 45
1003398 35 63
1003541 41 55
1003569 50 54
1003605 28 44
1003693 48 58
1003753 44 63
1003857 45 36
1003879 48 37
1004203 36 47
1004257 61 65
1004338 47 66
1004581 38 49
1005337 46 51
1006235 32 57
1006360 50 56
1006379 47 44
1006519 29 59
1008118 45 53
1008139 45 54
1008181 49 46
1008544 36 66
1008698 49 63
1008744 80 80
1008959 32 47
1009810 61 77
1010890 46 63
1012024 33 57
1012271 22 41
1013888 30 55
1014627 33 49
1014664 23 43
1014789 58 73
1015041 34 75
1015071 47 74
1015149 38 66
1016251 35 51
1017098 65 116
1017170 39 50
1017260 38 47
1017294 55 67
1017824 40 42
1017910 43 85
1018130 51 73
1018223 42 67
1018238 30 48
1018252 25 44
1018604 42 46
1018726 35 46
1019006 49 60
1019030 46 56
1019102 32 53
1019354 21 23
1019934 35 55
1020084 38 60
1020105 27 51
1020416 37 52
1020509 27 53
1020571 36 40
1020717 38 67
1020943 33 39
1021236 39 52
1021248 41 57
1021462 37 43
1022259 39 61
1022505 37 56
1022513 36 60
1023406 42 62
1023484 35 58
1023757 57 60
1023982 47 46
1024010 38 59
1024903 52 64
1025209 35 42
1025797 42 51
1026422 44 51
1026528 44 59
1026701 57 66
1026765 55 51
1027243 50 46
1027268 58 54
1027523 54 59
1027609 44 36
1027946 47 51
1028014 54 52
1028054 53 50
1028074 55 46
1028090 40 43
1028246 57 45
1028296 50 45
1028470 79 86
1028501 47 127
1028513 51 62
1028675 57 40
1029373 38 43
1029818 41 55
1030463 68 43
1030496 72 41
1030598 52 48
1030854 62 47
1030893 68 57
1031079 59 34
1031090 45 25
1031429 44 28
1031463 42 32
1031665 72 51
1031766 49 34
1031777 46 32
1032513 73 42
1033179 57 36
1033434 64 28
1033944 49 44
1033994 78 68
1034118 68 28
1034165 61 26
1034217 62 44
1034592 27 32
1035348 65 42
1035489 75 45
1035737 44 22
1036077 66 44
1036116 63 40
1036144 66 45
1036176 58 32
1036200 62 32
1036271 46 30
1036280 52 29
1036294 46 25
1036394 93 50
1036406 86 48
1036482 62 47
1036489 59 42
1036496 55 40
1036527 27 23
1036629 71 32
1036846 68 34
1036962 71 41
1037072 75 44
1037198 52 33
1037245 69 42
1037361 73 41
1037404 64 36
1037463 72 43
1037687 63 28
1037695 66 22
1037744 75 35
1037914 54 45
1037919 60 50
1037994 67 43
1038090 50 24
1038377 73 39
1038462 63 37
1038668 65 27
1039100 58 31
1039305 64 38
1039334 54 31
1039544 57 27
1039758 47 36
1039778 56 41
1040264 52 40
1040302 47 45
1040329 50 31
1040387 66 45
1040638 62 46
1040680 60 44
1040885 64 53
1040898 57 47
1040937 63 67
1041191 64 50
1041218 59 37
1041234 58 34
1041538 43 41
1041712 36 40
1041904 32 49
1041920 37 42
1041926 33 38
1041950 34 36
1042020 32 33
1044131 12 34
1044244 29 62
1044252 33 66
1044340 45 36
1044393 34 34
1044432 34 59
1044466 47 70
1044480 46 64
1044495 46 57
1044509 45 51
1044551 67 58
1044557 58 53
1044576 59 63
1044655 66 64
1044719 46 43
1044823 65 59
1044854 53 55
1044883 57 60
1044915 71 64
1045053 58 50
1045422 81 55
1045431 93 73
1045896 50 42
1046061 49 36
1046173 56 54
1046259 41 60
1046324 45 53
1046489 60 50
1046725 54 45
1046731 56 44
1047047 61 69
1047059 54 64
1047113 48 41
1047151 45 36
1047226 47 51
1047474 61 49
1047495 43 36
1047876 45 50
1048840 34 35
1048856 8 28
1048879 9 34
1048894 6 35
1050292 16 43
1050332 35 47
1050347 43 49
1050352 44 48
1050361 48 54
1050373 30 47
1050424 18 67
1050436 16 69
1050442 16 61
1051307 54 46
1051518 51 77
1052247 64 78
1052313 49 37
1052903 70 64
1052966 46 53
1053025 43 42
1053420 72 56
1053809 53 50
1053823 45 56
1054708 48 59
1054994 61 69
1055023 57 70
1055085 49 39
1055407 63 53
1055430 48 39
1055520 51 65
1055698 53 64
1056493 6 38
1057336 108 67
1058467 46 45
1058503 17 42
1058530 6 42
1058554 5 36
1058584 15 47
1058680 14 39
1058911 7 30
1058937 4 27
1058956 8 24
1058989 9 28
1060054 43 28
1060484 18 43
1060493 20 47
1060523 8 62
1060568 19 45
1060699 6 52
1060733 4 34
1060738 5 32
1062361 11 30
1062518 45 53
1062580 74 62
1062801 40 42
1063395 2 12
1063571 20 38
1063668 17 32
1063734 14 27
1063835 5 42
1063935 3 12
1064990 46 23
1065014 54 37
1065036 48 37
1065943 2 12
1067141 20 12
1067225 89 43
1067389 64 24
1067440 151 47
1067470 125 65
1067516 142 56
1067528 120 49
1067644 58 40
1067671 35 106
