403 3 10
410 7 5
417 7 7
2964 19 23
3021 15 11
3093 4 27
3227 2 13
3303 27 27
3309 29 27
3331 35 35
3387 31 34
3449 6 41
3838 30 30
3845 22 23
3919 6 25
4038 11 60
4309 6 28
4330 10 35
4423 6 47
4438 7 55
5095 6 5
10310 19 22
10343 56 37
10463 58 42
10544 30 35
10700 142 46
10767 85 42
10949 13 34
10961 9 37
11069 17 9
11142 24 12
13140 3 18
14149 18 4
14173 26 8
14189 31 8
14704 29 34
14740 35 35
14963 26 36
15103 81 59
15124 15 135
15216 22 36
15290 26 41
15405 25 102
15491 36 96
15577 11 95
15848 128 38
16095 63 35
16182 9 52
16341 8 47
16374 18 57
16449 7 39
16491 5 43
16497 5 45
16566 16 45
16584 12 51
16590 15 52
16610 22 38
16621 28 43
16680 14 47
17007 12 34
17031 14 31
17119 31 37
17211 5 32
17221 4 36
17349 6 27
17370 9 28
17624 52 117
17933 117 55
17959 45 89
18002 106 43
18043 103 49
18165 45 75
18187 35 86
18407 52 118
18442 47 95
18454 48 104
18559 44 95
18569 45 88
18575 43 86
18612 35 81
18622 42 91
18643 45 107
18661 83 37
18708 56 101
18738 56 107
18815 45 101
18853 52 109
18873 37 106
18886 33 108
18930 41 97
18937 36 87
18952 37 94
19082 35 79
19129 33 72
19157 49 90
19174 50 91
19182 75 98
19203 40 118
19220 41 117
19268 16 107
19343 36 70
19370 35 69
19382 27 57
19414 37 63
19426 31 85
19491 27 109
19578 15 97
19600 16 99
19614 18 91
19627 23 101
19650 24 84
19662 24 81
19680 18 80
19833 83 57
20331 23 107
20338 26 120
20361 19 109
20376 22 116
20382 33 106
20449 37 111
20454 28 98
20477 24 103
20504 41 74
20506 22 98
20516 64 52
20525 27 88
20528 42 71
20538 84 39
20574 51 85
20603 48 80
20611 41 107
20620 39 115
20686 37 114
20714 49 108
20756 43 72
20763 55 73
20801 44 31
20835 57 92
20849 86 33
20972 48 92
21023 36 70
21029 38 79
21041 38 79
21233 42 104
21396 60 86
21572 19 43
21920 90 38
21958 73 105
21971 115 63
21986 98 65
22065 43 97
22176 20 92
22220 28 108
22222 66 90
22226 33 121
22233 37 126
22321 102 47
22421 74 44
22610 74 40
22693 103 38
22704 98 44
22752 50 124
22870 61 41
22914 90 58
22983 109 56
23003 86 40
23081 47 93
23168 111 45
23197 116 52
23460 93 38
23633 42 72
23832 83 45
24396 24 40
24408 15 38
24493 11 79
24516 23 80
24680 23 73
24915 38 24
24923 41 36
25292 59 48
25297 58 40
25489 52 44
25566 54 44
25755 51 56
25829 51 42
26038 32 42
26306 33 40
26315 36 31
26356 31 33
26617 53 61
26763 57 63
26774 53 57
27085 35 44
27157 52 46
27168 50 54
27190 52 45
27202 69 61
27546 54 55
27598 47 41
27884 42 45
27953 44 51
27967 48 47
28009 74 53
28236 44 35
28260 51 44
28479 47 48
28529 55 42
28555 55 44
28951 58 50
29291 43 30
29468 50 44
29736 29 27
30296 50 41
30420 59 51
30942 71 51
30965 66 48
31185 59 43
31341 54 47
31743 27 38
31998 28 41
32016 23 40
32028 23 38
32136 53 48
32184 36 44
32467 69 52
32538 38 30
32736 46 42
32782 53 36
32790 51 39
32950 41 30
32983 52 28
33193 29 45
33282 53 46
33375 51 38
33498 56 41
34139 41 30
34353 7 10
34426 27 32
34560 45 39
34628 42 39
34659 36 36
34754 55 74
34886 42 51
35468 68 59
37199 76 12
37704 79 10
37772 74 12
38183 55 15
38954 82 16
39158 98 12
39221 70 13
39239 73 16
39329 81 17
39461 84 17
39692 84 12
39710 82 13
39764 103 22
40097 87 18
40184 78 13
40225 56 13
40349 117 11
40760 98 27
41069 75 8
41129 76 14
41641 96 22
41700 94 17
42425 87 13
42587 90 14
42694 120 13
43456 85 15
43562 56 8
44401 65 17
44443 65 14
45061 107 8
45226 82 7
46094 84 1
46626 66 11
46935 68 6
47114 67 8
47129 68 7
47508 103 9
49161 90 13
49258 101 7
49678 69 8
49910 104 6
51442 108 23
51650 104 10
51777 93 15
51802 113 17
51836 88 13
52379 106 14
54112 98 12
54307 91 11
54361 65 8
54529 100 11
54541 98 10
54583 59 6
54886 72 14
54901 68 15
54915 73 13
55207 66 16
55361 38 7
55740 63 16
55781 76 19
55880 43 10
55988 59 14
56000 54 16
56294 74 18
56664 75 15
56834 84 11
56841 77 9
56865 71 8
57179 18 1
57346 98 16
57483 53 9
57953 83 7
58240 86 13
58265 85 13
58307 80 15
58331 77 11
58337 73 12
59223 73 15
59372 93 14
59414 94 16
59475 61 19
59693 85 20
60240 58 9
60717 66 9
60893 69 14
61020 78 11
61100 54 10
61455 94 6
61580 77 10
61973 92 9
62294 72 11
62915 68 14
63657 83 13
63857 86 12
63920 67 13
64135 75 8
64246 55 9
64339 63 9
65317 44 28
66263 63 34
66309 61 39
66629 44 34
66650 46 31
66866 49 30
67495 51 38
67815 44 25
67912 39 28
67951 42 27
68035 65 44
68080 55 42
68203 64 35
68254 59 42
68482 63 44
69052 52 43
69058 59 42
69386 40 39
70045 47 50
70050 44 49
70082 69 60
70210 37 33
70381 62 43
70512 72 54
70540 73 58
70816 57 29
71244 42 27
71444 74 39
71567 44 31
71844 55 42
72060 40 34
72175 50 39
72223 70 66
72563 57 34
72574 56 40
72636 38 55
72679 38 47
73244 54 40
73339 48 33
73501 51 29
73681 54 41
73852 45 41
74068 52 39
74080 44 40
74587 50 46
75816 42 44
76082 43 33
76138 54 49
76148 61 58
76814 48 35
76832 50 43
77099 51 46
77144 66 65
77165 47 54
77807 61 54
77882 46 50
78023 27 37
78677 37 61
79282 54 18
79304 70 31
79468 58 30
79478 60 34
79766 58 15
79793 69 22
80126 49 13
80299 77 17
80433 46 7
80463 62 13
80869 93 34
81151 92 29
81355 67 25
81978 26 17
81996 20 15
82122 47 18
82150 44 14
82208 42 25
82296 56 25
82573 67 21
82584 79 23
83212 87 24
83424 51 19
83653 70 19
85078 51 16
85270 87 30
85412 73 28
85544 57 14
85737 66 19
85809 63 22
86767 34 13
86904 61 19
86926 67 22
86935 63 21
86967 62 19
87174 92 20
87217 52 8
87227 58 8
87750 91 32
90033 75 17
90048 76 18
90167 61 12
90596 61 27
90613 58 27
91519 54 15
91600 66 9
92402 76 27
93057 58 18
93178 70 25
93263 75 26
93565 65 16
93576 59 17
93863 50 16
94045 95 27
94396 65 24
94661 83 12
95329 89 19
96424 61 18
96445 60 18
96931 77 28
97566 27 7
97849 48 17
98908 50 12
99146 65 16
99739 56 20
100085 67 16
100778 57 20
101148 57 22
101974 70 14
102127 63 16
102148 35 9
102202 65 20
102313 80 25
102810 50 14
103376 75 24
103402 81 21
103479 79 26
103575 47 13
103773 64 18
104574 62 14
104730 65 15
104742 63 16
105099 73 11
105171 94 21
105195 62 19
105205 63 16
105267 60 18
105403 58 13
105641 57 12
106458 49 9
107121 62 13
107374 71 23
107931 59 12
108389 49 13
108431 58 15
109159 72 21
109217 66 14
109277 63 14
109424 65 24
109451 72 19
110350 65 22
110356 56 23
110361 67 25
110384 56 25
110462 64 20
111009 81 24
111067 77 20
111116 70 18
111122 71 17
111310 71 6
111316 69 7
111383 53 20
111401 34 14
112037 59 17
112174 120 28
112225 80 17
112514 77 15
112551 71 20
112560 63 21
112578 75 16
112596 62 17
112691 49 14
113380 79 16
113404 76 13
113938 72 19
115540 79 23
116069 74 25
116554 71 19
116662 69 25
116868 76 21
117000 70 19
117051 67 16
117561 51 21
117744 52 25
117774 71 26
118011 54 16
118017 52 18
118140 90 22
118795 76 14
119645 59 23
119872 50 7
119888 62 13
119915 77 19
119934 91 28
120029 53 11
120189 59 19
120620 61 8
121192 63 20
121499 69 14
122393 78 17
122402 68 13
122924 65 13
123019 57 12
123244 59 22
123965 84 8
124220 56 18
124246 50 12
124277 78 20
124787 89 21
125285 51 18
127074 85 26
127255 71 15
127433 60 24
127522 59 28
127739 81 20
128055 83 27
128142 90 22
128294 61 22
128375 88 22
129162 80 17
130113 63 17
130260 58 10
130708 57 7
130718 66 9
131109 89 23
131214 82 22
131523 73 18
132295 63 18
132473 54 13
132710 63 9
133002 58 20
133669 70 11
134193 65 20
134248 46 21
134321 51 22
134351 62 36
134645 53 17
134813 45 19
134831 48 16
134894 77 19
135569 74 25
135986 66 14
136044 60 17
136194 48 11
136300 57 20
136611 70 24
136778 55 16
137475 54 17
137559 47 17
137932 67 16
138023 70 23
138346 39 21
138389 53 28
138458 73 24
139016 52 23
139084 75 22
139116 67 18
139134 59 19
139146 61 19
139256 73 18
139263 73 21
139979 58 22
140435 77 16
141024 69 26
141388 61 14
141653 37 10
141857 54 19
142054 52 15
142114 73 26
142126 72 25
142180 73 17
142201 91 19
142598 63 21
142800 58 16
142990 85 15
143079 44 14
143270 61 23
143446 51 14
143497 43 13
144045 60 11
144782 63 23
145040 69 14
145073 56 17
145564 61 18
145631 66 23
145691 58 24
146049 52 18
146202 59 22
146420 59 30
147167 47 9
147829 61 17
148184 56 13
148640 86 25
148954 30 34
149263 29 39
149522 36 35
149613 43 50
149729 36 60
149734 36 55
150815 6 8
150947 14 20
151830 39 44
151876 38 41
151909 38 53
152163 39 58
152221 22 33
152665 33 40
152790 37 48
152836 36 36
152855 39 41
152880 29 55
153343 29 42
153519 43 43
153569 32 41
153648 44 54
153700 38 39
154082 47 49
154171 31 33
155393 35 49
155585 44 54
155615 37 38
155701 23 26
156311 47 47
156320 41 43
156361 41 41
156657 38 43
156736 22 29
157505 41 36
158726 46 39
158920 38 56
158935 26 52
159197 40 46
159248 25 27
159346 30 37
159588 43 36
160313 34 31
160481 35 44
160595 48 50
160638 45 61
160792 40 39
161728 32 49
162021 31 32
162725 47 39
162845 30 42
163072 30 45
163394 46 36
163460 57 41
163847 51 62
164035 39 44
164222 45 39
165557 33 32
167255 37 57
167545 60 52
167973 32 33
168386 38 39
169647 19 17
169800 18 37
169829 29 41
169841 39 45
170067 33 31
170167 36 42
170193 41 48
170232 34 45
170820 43 67
170882 31 46
170998 25 40
171722 37 52
171728 38 50
171855 27 47
172119 38 30
172314 35 58
172525 41 61
172609 43 46
172639 43 52
172770 35 50
173166 32 40
173265 33 25
173432 24 31
173838 41 49
174070 41 56
174123 42 41
174452 32 37
174477 36 37
175778 31 44
176667 40 42
176750 36 56
177050 38 46
177236 26 39
177687 34 41
177803 26 36
178164 41 58
178711 39 38
179323 47 58
179377 31 47
180018 21 44
180219 40 50
180318 28 50
180531 48 66
180612 44 32
180696 56 29
180705 48 23
180803 39 42
181044 36 40
181332 44 37
181380 48 45
181979 45 4
182022 47 3
182105 105 15
182509 81 13
183200 58 13
184136 49 12
184317 86 20
184759 71 11
184809 82 12
184815 78 10
185031 83 14
185403 66 7
185445 81 8
185569 58 3
185579 56 3
185586 56 4
185877 65 8
185925 83 9
185938 80 12
186195 95 13
186784 55 13
187188 99 9
187711 57 8
187739 75 13
187785 64 12
187808 56 9
187844 66 7
187859 75 5
187882 70 4
187940 60 13
188711 66 8
189438 61 6
189888 78 5
190121 61 5
190897 46 7
191175 75 14
191558 86 18
191896 44 10
192135 61 5
192445 52 3
192983 72 8
193076 69 13
193205 86 7
193761 17 6
193904 34 8
193944 18 9
194228 35 15
194417 25 6
194600 36 43
194663 16 44
194731 63 14
194889 69 10
194912 71 15
194956 59 14
195009 61 8
195030 68 12
195076 67 9
195118 73 9
195170 65 13
195378 76 9
195444 79 14
195571 82 12
195713 42 7
196460 78 6
197011 63 15
197195 72 10
197229 76 10
198170 75 11
198280 29 6
198917 75 11
200931 84 12
200938 88 8
200980 88 8
201163 59 9
202383 64 9
202583 75 13
203122 62 12
203188 77 12
204026 81 10
204119 79 10
204125 86 10
204158 56 10
204344 75 10
204461 69 10
204550 96 4
205514 84 10
206186 79 9
206800 83 13
206918 54 11
208064 77 9
209176 78 14
210242 60 9
210250 71 8
210512 69 6
211241 69 7
211248 67 9
211617 59 7
211723 75 9
211866 71 9
212135 68 8
212278 57 7
212684 92 7
212802 72 18
214002 71 7
214016 74 7
214049 52 8
214185 70 3
215217 70 6
215247 75 7
215687 68 8
216314 99 6
217580 63 8
217591 54 6
217634 82 8
218293 67 10
218552 61 8
218564 66 8
219031 63 7
219265 71 2
219309 76 7
219325 63 10
219375 72 18
219516 63 8
219548 62 10
219581 70 11
219791 65 8
220170 61 11
220411 116 10
220777 57 8
220802 62 7
220990 69 11
221101 62 13
221186 69 10
221288 69 13
221387 80 7
221420 73 10
221916 61 11
221944 54 12
222046 70 12
222268 65 14
222337 64 15
222508 71 11
222673 75 6
222793 70 5
222988 76 8
223034 82 13
223990 77 9
224072 73 12
224313 71 15
224427 78 12
224769 61 4
224828 68 7
224840 48 7
224935 58 8
225149 77 6
225157 78 6
225166 81 5
225754 54 10
226510 61 8
226545 61 15
226603 68 9
226943 92 13
227046 55 6
227138 34 5
227352 60 7
227379 37 3
227596 79 4
227736 69 8
227842 86 5
227929 44 13
228074 58 4
228193 68 3
228214 69 6
228511 69 12
228565 63 6
229183 36 39
229895 36 42
230590 22 48
230737 30 39
230837 28 42
230887 29 36
230923 26 33
231218 35 49
231235 35 44
231305 17 16
231370 33 39
231550 28 37
231632 23 32
231955 20 24
232078 20 25
232189 29 34
232685 27 49
232692 31 48
232904 25 45
232946 29 48
233072 24 46
233207 34 44
233299 29 57
233846 26 34
234776 40 47
234848 30 31
234997 38 50
235313 32 62
235560 32 49
235833 32 57
235960 37 37
236962 27 37
238868 40 45
239332 25 45
239596 22 26
240007 24 43
240697 39 40
240766 35 29
240931 35 44
240940 34 41
241768 22 51
242476 42 45
242790 34 33
243069 21 31
244572 42 50
245155 46 56
245755 33 29
245984 43 42
246256 33 52
246300 30 43
247143 22 55
247219 37 30
247259 28 39
247408 38 46
247461 36 55
247494 37 53
247518 39 56
247606 33 24
248106 36 53
248526 33 39
248574 34 33
248590 38 34
248601 33 38
249986 24 31
250659 55 44
250839 26 31
250952 47 43
252730 12 30
253036 23 46
253152 39 57
253216 39 78
253985 23 39
254137 41 65
255214 23 57
255342 39 56
255526 25 32
256043 18 28
256109 22 39
256532 21 39
256947 26 36
257814 35 53
258327 52 52
258351 34 51
258507 29 50
258594 41 66
258789 30 40
258906 34 50
259590 19 43
260502 32 43
260871 37 60
260880 43 60
261198 28 56
261208 25 52
261255 28 55
261849 23 43
262511 29 48
262572 26 44
262626 31 70
262680 29 58
262818 27 44
262884 29 50
263083 31 53
263259 54 69
263461 35 42
263620 42 55
263851 33 38
263869 23 36
263938 30 31
264019 31 39
264028 37 39
264034 39 38
264155 21 45
264331 29 45
264697 21 50
265557 17 40
265713 28 69
266464 27 44
266487 23 41
267294 29 51
267540 38 62
268549 20 23
268584 19 29
268877 21 39
268892 21 33
269019 27 55
269401 17 40
269887 26 45
269902 28 44
270520 35 56
270667 25 41
270793 26 46
271102 15 25
271203 19 56
271622 34 39
271633 38 39
271993 25 30
272032 33 64
272086 41 72
272582 23 47
273202 26 57
273212 33 58
273433 24 45
273805 22 42
275174 23 33
275540 33 53
275561 31 42
275958 28 46
276040 34 50
276753 33 36
277219 26 53
277288 28 55
277525 27 59
277534 26 54
277993 22 36
278398 31 48
278539 22 39
278716 15 50
278939 24 39
279226 26 46
279714 16 33
279817 19 39
279955 31 38
280232 19 34
280260 19 44
280519 23 42
281191 29 49
281218 27 55
281239 30 50
281582 42 60
281779 28 46
282272 22 32
282373 25 52
282476 19 38
282783 25 42
282820 23 39
282829 21 32
283061 30 43
283134 34 52
283262 23 34
283406 18 36
283590 19 32
283689 33 50
283889 27 41
283986 30 49
284060 28 46
284099 19 36
284162 29 36
284225 26 38
284561 19 31
284954 28 51
284965 28 50
285198 23 51
285434 49 7
285447 45 6
285576 61 11
285691 68 10
285885 64 19
286321 69 11
287191 47 9
287302 68 14
287325 58 14
287452 48 10
287500 40 9
287554 42 11
287749 39 12
288134 69 9
288173 67 8
288225 45 13
288307 62 15
288615 61 15
288689 48 13
288889 66 15
290147 75 13
290153 69 11
290208 64 13
290234 63 14
290531 72 17
290597 71 16
291017 79 17
291076 66 18
291156 60 7
291500 73 29
291890 46 14
292136 92 10
292416 49 18
292850 72 12
293728 62 10
293754 84 8
293761 52 6
294014 59 5
294112 63 14
294137 60 12
294147 62 11
294152 60 11
294206 75 10
294440 57 6
294803 54 9
295170 51 21
295184 42 20
295339 57 15
295514 64 11
295739 52 7
295769 69 12
296529 84 24
296566 75 16
296610 75 8
296818 73 11
296983 46 10
297137 55 18
297318 96 12
297610 53 7
297754 56 5
297761 58 6
297793 68 9
297883 71 11
297922 77 11
297928 68 11
297949 70 13
298327 91 11
298423 78 12
298873 74 8
299330 64 8
299365 39 9
299384 41 8
300005 71 10
300140 51 7
300155 70 15
300221 75 18
300425 60 10
300809 28 9
301087 57 8
301187 55 8
301206 62 10
301699 62 15
301771 69 9
302037 64 17
302519 75 15
303850 70 15
303865 74 13
304154 60 13
304399 63 5
304601 57 2
305248 65 10
305269 70 7
305681 41 7
305751 69 6
306012 54 6
306520 59 12
306542 62 10
307244 60 15
307874 43 12
307907 64 9
308639 46 11
308875 81 12
309079 53 8
309223 70 3
309513 54 8
309637 58 6
309687 71 6
310048 81 7
310522 27 4
310563 28 9
310584 45 7
310608 54 7
311289 71 8
311336 79 9
311462 78 7
311523 84 11
311538 86 10
311694 84 4
311791 91 8
311949 74 4
311955 64 4
312031 82 7
312056 81 9
312078 82 7
312201 83 5
312252 69 6
312309 54 7
312375 78 8
312401 72 7
312835 83 8
313183 70 9
313236 50 9
313522 61 8
313655 57 5
313992 52 7
314036 72 7
314261 69 9
314354 60 10
314474 64 4
315056 78 6
315569 97 11
315650 73 9
315983 78 11
316020 74 10
316095 47 5
316549 66 5
317199 76 11
317829 51 9
318152 61 7
318336 63 8
318502 74 7
319082 56 5
319473 63 6
319490 67 6
319709 71 5
319824 70 2
320606 84 12
320702 62 6
321419 79 11
322075 78 11
322178 65 4
322211 72 8
322226 49 8
322256 43 5
322359 76 6
322465 65 6
322470 60 6
322598 62 7
322640 63 2
322670 77 4
322682 75 4
322850 84 8
322898 97 10
322913 86 7
322987 72 8
323075 45 9
323086 56 6
323549 65 2
323788 49 3
324504 58 3
324777 56 3
324856 73 3
325165 38 2
325510 65 3
325722 57 3
325774 49 5
325830 65 10
325867 76 14
325927 76 9
325957 54 6
326819 61 5
327844 51 4
327855 46 4
327924 71 3
328088 43 2
328203 80 4
328231 57 3
328477 50 5
328611 65 4
328726 95 7
329461 50 3
330144 78 6
330308 61 11
330320 46 8
330545 61 10
330683 59 5
331639 81 7
331772 67 3
332120 91 7
332237 62 4
332282 61 4
332914 69 6
333101 80 4
333600 83 10
334017 64 10
334089 63 6
334467 56 4
334500 68 3
334857 59 5
337139 72 5
337379 80 9
337502 69 8
338435 49 8
338463 52 7
338595 60 3
338792 50 1
338850 51 4
338912 64 4
338936 86 7
338949 79 7
339296 63 11
339333 63 5
340028 91 6
340277 70 8
341809 73 4
342125 41 5
342263 59 4
342570 66 1
342698 57 2
342747 65 2
342855 65 3
343010 45 1
343253 82 2
343265 94 3
343810 71 3
343981 62 5
344116 77 4
344392 85 3
344399 99 3
344450 71 3
344471 57 2
344484 76 1
344495 76 1
344507 72 2
344523 67 3
344533 63 3
344545 52 3
344573 54 3
344588 52 2
344675 66 0
344702 70 2
344797 71 1
344845 63 2
344860 62 2
344932 54 0
344979 64 3
345013 76 1
345121 46 1
345274 25 32
345280 23 31
345293 24 26
345301 25 26
345313 20 23
345351 10 3
345806 20 6
345817 19 7
345822 14 10
346014 26 1
346019 32 1
346028 35 1
346036 28 1
346239 55 4
346276 82 6
346370 47 2
346551 61 3
346564 58 3
346622 68 2
346630 63 2
347086 77 4
347272 82 4
347285 70 4
347296 73 4
347410 79 2
347500 82 2
347764 60 1
348448 77 2
348821 40 0
348868 17 0
348930 24 0
348984 48 0
349023 45 0
349060 56 1
350416 36 0
350526 36 0
350853 67 0
351413 31 18
351792 28 17
352614 47 26
353161 52 37
353464 44 22
353475 49 26
353734 43 31
353752 45 44
354343 29 35
354391 32 42
354413 32 39
354811 36 41
355062 33 36
355234 31 37
355386 38 36
355426 50 42
355603 27 29
355687 42 30
356581 28 39
357147 36 58
357520 6 33
357613 21 42
357631 27 50
357865 7 31
357923 7 38
357949 12 41
358055 42 33
358632 39 39
359285 56 59
359692 40 53
360059 34 49
360535 40 46
360565 44 49
360637 32 27
360775 36 32
361072 39 36
361751 32 49
362368 27 31
362821 30 48
362977 38 56
363178 32 48
363808 38 45
364440 41 42
364647 43 30
364796 36 52
365363 17 45
365388 19 50
365473 15 51
365488 15 43
365675 22 50
365737 44 69
365752 40 68
365919 35 37
366343 51 60
366558 40 53
366605 35 34
366708 39 59
366753 36 54
367729 24 39
367752 22 36
367886 40 48
367910 39 42
368096 30 47
368384 29 39
368405 23 38
368475 35 40
368749 30 50
368769 41 58
368809 43 58
368890 28 38
368904 26 24
368944 21 29
368966 30 35
368975 36 38
369125 36 37
369191 38 34
369196 41 32
369274 40 32
369871 30 44
369907 14 45
369937 21 55
370033 35 40
370225 35 45
370381 32 61
370736 48 68
370993 32 42
371294 27 37
371462 24 38
371632 33 43
371651 35 47
372284 38 53
372290 40 54
373121 21 45
373139 27 49
373520 30 47
373707 27 44
373922 32 58
374277 26 55
374691 30 32
376185 36 54
377252 39 44
377551 26 43
377846 31 51
378052 47 89
378106 41 62
378276 38 49
378826 14 37
378892 4 11
378926 12 30
379267 27 31
380051 20 34
380370 32 54
380567 40 57
380955 31 50
381541 17 33
381680 14 7
381791 31 25
381801 30 27
381907 28 34
382905 30 34
382967 19 23
383264 26 37
383606 36 35
383702 26 57
384059 27 44
385170 45 35
385335 31 31
385356 30 29
385802 32 44
385875 37 35
385902 45 31
385950 33 29
386038 40 38
386052 50 40
386314 35 39
386538 29 30
386543 29 29
387257 42 52
387452 40 41
387475 41 41
387492 33 29
387630 21 35
387695 19 49
387735 37 50
387818 40 47
387904 32 32
387958 37 40
388093 36 29
388126 35 33
388290 31 40
388860 23 26
388921 39 47
389236 35 55
389337 32 44
389534 42 51
390005 33 45
390063 40 41
390070 39 49
390131 42 52
390266 32 33
390521 34 56
390621 33 39
390911 11 30
391026 6 52
391031 7 45
391047 25 51
391094 50 49
391126 39 41
391147 38 30
391256 40 38
391925 35 32
391974 20 27
392001 29 35
392195 31 38
392407 38 45
392925 35 49
393361 32 34
393463 25 46
393799 21 46
395353 23 45
395726 13 33
395952 22 31
397623 46 38
397805 48 58
398112 38 61
398310 51 52
398530 36 44
398986 23 35
400245 36 50
400502 38 50
400614 24 39
400857 35 37
400885 27 36
400906 29 34
400915 32 37
401140 47 55
401154 49 55
401165 51 54
401180 45 62
401303 26 36
401716 33 36
402117 33 50
402294 38 40
402496 38 41
402546 41 40
403654 38 29
403743 35 26
404236 26 33
404900 34 26
405319 45 38
405855 31 44
406277 29 30
406624 43 45
406923 32 42
407564 72 0
407579 25 60
407589 88 0
407597 84 0
407887 34 47
408237 39 37
410000 34 43
411624 33 36
412006 41 48
412658 28 37
412899 38 47
413024 31 38
413044 29 36
413382 36 47
413601 36 66
413684 35 50
414108 26 31
414193 50 48
414739 29 29
415055 28 43
415137 40 34
415366 27 51
415575 14 40
415935 19 19
416103 37 25
416289 38 39
416837 38 62
418381 27 47
418398 23 45
418434 26 41
418809 40 40
419036 40 36
419346 44 38
419676 37 51
419757 34 43
420331 39 36
421704 24 49
421816 30 51
422325 39 42
422341 43 44
422348 33 40
422689 42 61
423051 37 46
423372 30 43
424762 28 33
424828 36 39
424842 36 35
425458 23 25
425649 42 47
426030 33 33
427125 15 22
427137 10 25
427157 23 31
427402 15 21
428717 43 51
428748 42 49
429113 47 49
429205 26 29
429266 16 23
429559 24 27
429715 39 45
429971 35 47
430417 19 40
431898 26 33
433224 43 29
433914 29 44
434095 28 38
435034 47 55
435205 22 30
435253 31 42
435328 43 40
435658 40 53
435689 33 56
435978 37 54
436692 42 47
436841 23 42
437617 35 39
437878 35 39
437904 41 52
438165 27 40
438599 30 44
439120 33 46
439216 29 42
439281 28 36
439311 31 35
439726 42 36
439739 42 34
439820 38 60
439855 24 59
440043 33 43
440077 24 47
440154 43 59
440207 25 35
440324 30 42
440395 31 44
440928 48 42
441077 28 39
441190 38 47
441328 33 40
441513 38 45
441583 20 40
441952 47 48
442186 34 40
443066 41 53
443469 30 42
443662 35 46
443992 31 33
444118 17 42
444127 19 38
444244 33 54
445564 38 34
446063 45 42
446298 49 44
446504 39 55
446527 38 62
446609 31 45
446632 29 43
447027 37 33
447117 42 46
447138 38 38
447474 35 34
447479 38 40
447646 35 35
447705 31 38
448467 17 39
448533 25 41
449315 40 52
449379 33 41
449695 21 23
449761 33 34
451180 23 47
451502 25 45
451776 31 39
452286 27 28
452539 21 27
452561 25 29
453321 39 57
453505 39 44
453512 39 46
453556 32 39
454129 17 34
454192 33 38
454332 37 56
454579 24 42
455031 23 33
455214 37 56
455796 32 32
456141 30 37
456306 44 51
456453 39 51
456591 31 35
456942 42 34
457140 41 30
457247 35 34
458364 43 51
458661 39 28
458772 41 32
458862 35 35
458897 39 46
459028 38 44
459622 34 32
459665 22 37
459917 34 27
460298 28 36
460536 31 51
461074 33 42
462482 55 8
462545 61 9
462585 34 8
463019 59 12
463725 71 8
463834 71 11
464255 59 13
464426 68 12
464484 41 7
464684 61 10
464705 82 14
465700 80 11
466462 58 21
466503 56 14
466521 45 11
466536 62 9
466673 73 14
466692 54 8
466974 103 19
468067 71 16
468202 50 15
468271 63 18
469192 70 20
469576 62 9
470897 70 8
471249 63 10
472871 64 14
473609 63 15
474240 68 17
474251 63 18
475761 50 12
476448 54 16
476667 45 12
476846 81 11
476953 53 14
477406 74 2
477808 58 3
477902 67 5
478639 77 10
479086 58 3
479736 73 4
479881 76 6
480207 76 5
481784 59 6
481944 70 5
481953 72 4
481996 88 5
482055 67 9
482202 72 7
482450 82 8
482599 61 7
482636 69 5
482690 55 3
482987 68 10
483078 66 3
483137 46 6
483197 61 5
483498 75 4
483966 73 7
485330 54 6
486137 75 7
486160 65 8
486281 77 8
486348 76 4
486588 61 8
487332 43 6
487623 66 11
487662 58 8
487782 83 9
487884 62 9
487939 79 10
488116 68 7
488367 68 14
489003 72 12
489082 80 11
489186 71 14
489459 65 9
489581 60 8
490172 84 9
490247 65 9
490340 100 15
490375 88 15
491372 71 14
492241 58 11
492449 91 15
492523 78 17
493133 66 7
493343 74 6
493421 75 9
493435 75 9
493522 66 13
493531 50 11
493723 68 11
493748 62 9
493817 56 11
494074 75 17
494396 94 18
494596 69 11
494609 77 10
494708 90 13
494995 63 4
495448 60 9
495965 58 9
496105 74 10
496352 72 16
497026 72 9
497035 68 10
497157 87 16
497177 85 18
497208 76 16
497230 70 14
497240 70 13
497536 64 13
497710 105 13
497724 91 16
497725 13 107
497738 124 13
497744 38 94
497753 38 105
497787 68 108
497906 71 19
497949 125 28
497980 117 17
498854 52 6
499019 91 13
499573 65 8
500069 62 8
500102 92 10
500342 67 8
500531 65 8
501316 63 9
501698 62 10
501736 64 8
501780 58 6
501794 58 7
501969 82 5
502035 73 10
502437 46 6
502492 73 8
502620 68 12
502746 48 14
502824 62 9
503060 41 5
503358 55 7
503515 85 9
503537 73 8
503596 51 8
503649 76 10
503657 66 10
503768 79 11
503802 71 5
503841 57 7
504031 74 11
504541 68 13
505257 45 2
505421 83 12
505549 50 5
506196 82 13
506285 51 4
506312 37 8
506381 65 7
506462 93 9
506612 64 9
506780 63 6
506828 78 9
507439 86 16
507494 73 13
507994 85 6
508039 60 9
508318 59 14
508537 54 12
508603 54 9
508762 26 13
508824 46 6
509053 37 9
509810 52 11
510122 80 12
511049 83 14
512157 61 13
512484 70 16
512502 62 12
513074 54 11
513582 63 12
513777 77 18
514046 72 9
514426 81 20
514557 63 15
514863 69 14
514923 69 10
515007 80 13
515171 70 14
516248 60 15
516448 52 13
517086 60 7
517247 90 13
517285 53 9
517325 46 2
517416 36 5
517688 68 9
517824 67 15
517957 88 12
518050 72 13
518190 68 9
518323 72 8
518405 49 11
518532 106 18
518902 96 15
518937 72 19
518998 78 6
519036 97 8
519300 83 12
519450 77 8
521068 74 11
521095 76 13
521177 86 14
521437 64 11
521501 39 12
521588 74 17
521681 75 16
521735 58 15
521778 52 13
521837 63 4
522197 76 15
522238 82 14
522262 83 16
522317 57 10
522761 59 6
522863 65 16
523025 63 7
523034 61 8
523064 65 11
523076 77 14
523218 77 14
523276 84 15
523627 79 9
523764 58 12
523801 60 14
523893 59 11
523911 68 10
524358 48 8
524377 72 14
524846 58 13
524951 88 19
525071 89 10
525608 94 18
526354 60 7
526975 59 11
527890 63 23
527968 50 12
528366 58 8
528775 54 13
528843 74 15
528990 7 36
529014 16 55
529091 74 15
529498 71 14
530219 100 27
530675 81 13
530818 59 18
531917 55 16
532059 81 19
532071 66 17
532083 65 22
532149 58 14
532155 58 12
532393 53 16
532567 101 13
532646 46 18
533512 70 15
533553 63 14
533576 54 15
533705 56 12
534738 56 4
535493 57 12
535553 68 19
537803 69 11
538350 76 10
538461 70 16
538521 66 17
538617 67 12
538695 75 10
538740 93 13
538749 93 9
538783 102 19
538803 81 17
541303 72 11
541614 55 11
542037 82 8
542047 92 10
542067 89 8
542358 78 14
542532 56 11
542631 62 5
542808 81 12
542829 78 11
542907 70 11
542953 61 10
543312 94 17
543557 120 8
544143 92 10
544226 64 14
544251 56 11
544425 82 12
544455 75 8
544551 70 11
545058 58 7
545133 54 4
545730 90 12
545773 68 10
545914 65 9
547078 61 15
547530 51 11
547845 57 6
549188 74 6
550308 65 7
550452 68 8
550857 74 17
550993 63 14
551540 64 16
551678 59 18
551742 60 11
551868 56 12
551929 54 11
551984 90 10
552848 30 41
552955 25 25
553072 47 44
553400 42 66
553651 29 30
554092 25 20
554197 24 36
554725 39 53
554764 28 58
555007 42 61
555364 49 59
555408 33 40
555528 20 36
556820 17 31
556997 34 57
557180 28 50
557597 23 41
558205 39 52
558213 48 62
558237 39 69
558486 35 47
558599 31 50
558646 30 52
558652 32 52
558658 34 58
558754 25 34
558854 19 49
559118 34 48
559125 36 44
559208 36 43
559280 35 49
559403 33 40
559481 35 52
559685 39 64
560063 26 40
560957 51 71
561003 30 52
561066 26 51
561262 30 35
561385 42 60
561433 36 58
561526 29 60
561656 40 61
561776 29 55
561844 31 56
563116 33 43
563410 32 52
563958 29 44
564464 37 43
564703 31 43
565365 33 65
565882 41 45
566113 53 47
566130 46 54
566381 32 23
566426 39 35
567320 33 43
567431 28 35
567714 43 58
567758 38 44
567892 33 52
568226 33 32
568393 43 55
568441 28 46
568499 30 34
568568 45 55
568607 48 57
568651 33 47
569130 35 46
569251 38 65
569562 40 68
569686 43 65
570013 44 55
570082 36 50
570364 35 45
570510 27 44
570622 52 45
571087 60 44
571456 35 60
571648 51 56
571952 57 41
572491 51 58
572585 33 50
572660 24 44
573575 38 44
573860 33 34
574406 49 45
574561 36 54
574811 27 35
574856 36 49
574898 30 63
575006 37 36
575312 43 69
575525 38 50
576653 37 31
577452 31 42
577460 29 40
577470 28 46
577707 48 51
577806 45 47
577932 49 64
578711 47 46
578779 55 65
578861 45 38
579210 45 38
579508 24 42
579860 37 35
580476 49 46
580671 41 41
580970 48 52
581007 45 56
581218 31 44
581369 38 71
581416 35 59
581566 36 37
581577 39 45
582345 35 58
584961 28 32
585122 35 57
585152 41 53
585377 41 44
585583 42 59
585664 30 31
585766 54 50
586120 35 45
586138 33 39
586338 53 35
586496 35 34
586509 39 36
586721 39 38
586764 41 41
586793 41 29
586860 32 38
588283 44 47
588987 44 45
589321 43 43
589329 45 41
590713 53 35
590853 48 59
590979 43 36
591077 47 47
591196 43 42
591354 66 54
591359 61 50
592538 62 53
592735 46 61
593275 51 49
593348 28 35
593650 42 51
593742 48 38
593769 47 45
594048 45 47
594205 52 66
594570 55 32
594592 50 26
594769 46 45
594926 44 45
594932 49 45
595292 50 54
596372 29 31
596425 25 33
596433 30 31
596441 29 29
597806 50 37
598397 33 33
598593 60 70
598681 43 37
598712 51 32
598741 41 36
598803 22 26
598903 39 34
599697 50 46
599855 40 29
600311 61 47
600329 54 35
600918 59 56
600956 52 40
601331 45 39
601406 50 36
601572 50 38
601593 38 33
601843 39 47
601867 39 48
602078 46 61
602359 46 34
602921 57 55
603180 34 47
603646 46 43
603872 29 51
604289 43 43
605268 49 45
605350 49 31
605358 46 24
605419 38 39
605562 49 43
605666 50 47
605701 34 26
605814 41 38
605873 48 58
606580 49 37
607096 53 51
607429 69 56
607457 54 49
607710 45 34
607848 60 43
607954 49 47
608014 52 57
608044 37 48
608089 55 34
608098 54 34
608490 48 50
610376 42 40
610862 53 36
611882 29 32
611892 29 37
611995 34 45
612953 45 42
613589 42 37
613937 42 39
613952 44 44
614408 54 42
614471 39 41
614789 64 35
614879 57 46
614891 59 48
615050 59 46
615264 23 17
616110 44 49
616341 47 60
616513 42 48
616526 46 50
616594 48 45
616742 41 52
616889 10 67
617018 16 67
617651 34 34
617838 46 28
617996 39 24
619277 41 25
619751 38 34
620181 57 50
620234 64 47
620329 14 21
621087 62 46
621554 32 47
622367 58 40
622678 57 46
622691 50 44
622734 29 31
622782 34 33
623044 53 38
623185 48 47
623367 42 33
623397 40 33
623442 48 49
623466 45 46
623508 52 52
623796 46 35
623950 49 43
623973 68 50
623987 69 53
624006 67 56
624477 64 48
624531 56 45
624885 47 46
625199 51 50
625387 59 59
625435 49 47
625624 47 49
626160 81 47
626466 63 62
627489 56 43
627544 47 42
627713 45 35
627726 34 31
627992 56 34
628096 53 55
628334 48 49
628625 56 37
628917 63 49
629533 52 43
629579 61 47
629616 64 47
629931 63 54
630004 45 56
630025 30 36
630057 45 44
630073 50 33
630113 54 33
630167 57 39
630349 40 26
631377 37 35
631992 37 32
632097 51 46
632102 50 44
632418 44 42
633542 46 42
634536 82 6
634790 84 6
635498 85 12
635771 61 2
635785 67 4
636035 65 4
636373 118 2
636443 80 3
636448 69 4
636506 84 7
636527 84 5
636546 81 2
637422 96 5
637427 97 5
637754 74 4
638076 62 5
638286 100 5
638442 64 3
638913 99 5
638998 69 6
639057 61 7
639297 97 3
639445 91 2
639528 105 6
639831 122 5
640014 79 2
640464 84 7
640479 67 6
640804 87 11
640990 80 5
642191 30 5
642664 78 3
642797 81 3
643025 74 8
643199 77 9
643560 94 10
643596 78 12
644446 84 11
644595 109 9
644672 113 10
644992 83 4
645273 114 9
645634 49 2
646133 88 6
646192 111 5
646272 93 11
646448 75 9
646899 84 13
647034 102 5
647379 107 7
647476 94 3
647581 72 6
648351 78 6
648567 104 7
648904 102 7
649284 72 6
649689 110 5
649776 98 7
650367 72 8
651072 108 8
651277 76 5
651323 53 8
651445 94 9
651476 104 7
651481 112 10
651888 82 7
652138 102 1
652933 96 3
653068 105 6
653115 112 5
653164 59 5
654189 88 5
654311 78 3
654833 99 7
654914 107 6
655098 108 9
655154 135 10
655188 120 7
655877 93 6
655904 85 8
656002 80 5
656031 90 6
656221 103 4
656674 71 3
656949 67 7
657295 77 6
658646 88 3
658711 85 3
659018 118 9
659950 84 11
660029 69 5
660065 51 4
660110 117 5
660251 89 2
660442 106 3
660473 114 2
660905 103 6
661109 104 8
661869 49 18
661988 88 22
662125 81 15
662237 77 15
662582 55 15
662805 101 18
663289 69 14
663829 99 17
664366 87 14
664486 65 21
664606 85 16
665398 64 10
665547 90 14
666016 98 16
666904 90 4
667033 71 7
667069 75 5
667364 88 5
667402 80 6
667726 72 5
668300 78 6
669097 84 9
669235 96 6
670024 76 5
670568 112 13
670586 135 14
670673 57 7
671312 106 8
671369 75 6
671894 76 8
672455 84 7
672602 82 5
672932 106 6
672941 90 5
672947 89 6
673145 73 7
673161 82 7
673217 106 6
673478 62 5
673874 106 10
674066 78 0
674225 103 9
674511 126 4
674679 118 7
674793 103 6
674869 84 6
675090 121 4
675243 99 4
675370 110 4
675414 100 6
675973 101 4
676231 96 5
676327 86 8
676429 74 8
676443 75 3
676802 82 6
676893 99 4
680402 100 7
680493 47 3
681402 97 9
681456 114 5
681466 133 5
681711 108 6
681787 103 4
681812 70 4
681817 72 4
681916 75 6
681952 66 7
681965 65 7
682300 103 8
682344 89 2
682379 84 4
682453 86 5
683367 114 7
683649 64 2
683761 87 13
684263 81 5
684970 77 5
685033 79 15
685045 101 16
685339 103 19
685428 75 26
685479 72 15
685819 113 24
686064 82 17
686145 92 13
686663 96 20
686788 62 16
686806 76 16
686815 78 13
686976 111 26
687013 90 23
687100 60 16
687130 52 13
687182 73 9
687248 94 14
687432 85 10
687648 69 11
687688 77 13
688411 78 8
688464 95 15
688591 86 17
689249 60 16
689350 89 17
689487 90 18
689550 108 20
689575 103 18
689635 94 16
689739 83 15
689834 93 11
689884 67 8
690042 111 16
690531 89 11
690745 82 16
690824 59 10
691013 67 12
691120 36 15
691144 11 11
691622 2 9
691959 64 5
692048 89 20
692135 114 18
692278 75 10
692454 80 11
692513 103 12
692562 96 11
692841 6 20
692932 58 18
692953 67 19
693034 110 27
693089 100 17
693112 104 15
693206 103 18
693249 106 14
693296 121 17
693322 107 16
693463 61 34
693490 30 27
693507 14 23
693582 5 16
693624 3 21
693859 163 108
693889 101 100
694083 81 11
694168 81 21
694969 48 8
695059 90 16
695075 98 12
695275 71 13
695444 89 18
695598 62 11
695624 68 14
695741 82 15
695915 60 16
695946 81 14
696184 67 3
696196 59 3
696533 52 11
696653 115 21
696741 47 4
696896 120 24
697057 76 10
697112 99 17
697123 99 15
697320 85 15
698026 82 13
698173 79 14
698769 75 9
698945 98 12
699707 101 16
699720 104 15
700071 80 15
700201 53 10
700218 74 12
700418 79 9
700946 82 5
701568 109 21
701694 90 15
701927 97 19
701984 103 20
702159 76 13
702897 84 13
703174 79 6
703345 69 6
703355 71 6
703372 69 8
703582 98 6
703758 102 14
704097 80 13
704158 68 9
704384 86 17
704549 80 14
704630 76 27
704966 74 21
705212 77 15
705274 100 23
705296 97 23
705556 80 21
705681 86 19
705687 81 20
706050 90 14
706122 97 22
706359 96 11
706504 85 8
706632 131 23
706668 116 17
706723 43 99
706818 90 18
707012 49 103
707093 57 9
707272 21 15
708774 3 11
709849 3 18
710111 41 9
710149 72 16
710305 54 16
710338 75 15
710558 56 16
710774 14 11
710977 13 7
711452 9 3
711657 6 12
711664 3 11
711881 16 23
711965 21 12
712004 10 7
712036 18 11
712043 18 9
712194 2 11
712303 5 22
712345 10 16
713343 9 24
713376 19 16
713476 14 11
713520 8 18
713575 26 101
713680 35 43
713749 42 16
714338 16 17
714484 14 18
714514 9 46
714538 26 37
714561 39 20
714602 17 33
714610 14 28
714646 23 82
714667 33 75
714684 40 94
714765 50 33
714842 27 128
714919 93 135
714935 47 233
714964 54 215
714998 59 233
715118 118 9
715133 55 12
715139 34 14
715227 109 30
715257 147 19
715304 56 15
715319 31 38
715341 32 31
715344 16 43
715417 27 10
715432 20 12
715463 7 13
715501 2 17
715509 18 15
715514 19 17
715545 35 14
715634 4 17
715672 9 37
715677 9 35
715694 30 27
715701 9 44
715715 9 36
715722 8 36
715762 14 25
715774 18 24
715861 2 9
715898 2 13
