421 5 7
432 3 9
462 8 7
585 2 10
654 8 30
803 3 21
816 2 14
817 2 13
836 2 15
882 2 9
897 2 10
923 2 18
929 2 18
935 6 14
955 8 21
978 11 24
986 12 32
1055 13 13
1061 3 16
1071 2 15
1076 4 14
1138 3 16
1171 3 9
1177 2 11
1189 2 14
1273 4 10
1299 7 12
1371 4 11
1545 16 9
1624 35 17
1646 46 13
1658 54 14
1812 2 14
1819 5 10
1883 31 8
1916 51 12
1990 43 10
2062 38 12
2103 20 13
2126 3 10
3060 101 17
3099 93 14
3371 105 13
3385 144 10
3599 89 8
3828 85 12
3913 81 9
3977 90 3
4020 112 13
4057 111 13
4196 55 9
4756 101 10
5326 97 14
5761 80 15
5864 90 12
7410 78 11
8629 111 18
8644 97 13
8654 120 13
8676 108 13
8686 114 12
8696 110 12
8753 100 16
8918 97 5
8950 112 13
9353 101 17
9470 76 11
9546 99 14
9652 111 19
9773 90 12
9791 81 10
10310 108 9
10625 102 13
10736 89 15
11057 96 7
11398 85 8
12349 98 10
12388 94 12
12397 100 13
12532 103 7
13216 48 46
13499 59 30
14101 99 54
15000 81 52
15079 51 33
15850 76 44
15973 46 32
15997 52 31
16003 53 30
16394 67 50
16569 65 48
16986 66 24
17802 57 25
18305 66 27
18411 56 32
19229 75 18
19268 67 27
19291 77 33
19340 76 36
19706 72 44
20308 49 33
20836 50 34
21045 74 34
22044 78 38
22614 72 50
22711 96 33
23361 54 36
23430 66 50
23688 83 31
23814 75 31
24273 64 15
25250 98 37
25776 74 39
25820 85 43
26774 66 46
27012 54 37
27618 87 26
28420 52 22
28502 57 26
28766 63 21
29443 72 30
29470 85 29
30324 69 40
30842 65 27
32182 74 29
32511 82 31
32563 47 23
32643 64 34
32711 82 38
32754 69 24
32787 56 24
32971 79 36
33278 73 37
33320 72 45
33410 59 21
33743 51 30
33914 65 24
34104 79 22
34714 110 35
34753 77 24
35864 51 24
36498 57 24
36692 65 17
36791 77 29
37291 68 21
37299 70 23
37499 67 20
37604 68 26
38658 76 29
38700 79 39
39408 72 32
39499 111 36
39618 66 20
39711 72 25
40566 64 9
40706 79 21
41024 73 25
41155 69 28
41182 74 33
41350 120 32
41510 69 22
41783 86 23
41918 93 26
42077 63 27
42098 59 28
42133 69 32
43565 65 25
43718 114 34
44054 59 20
44406 71 20
45188 85 22
45206 81 27
45230 79 25
45320 43 18
45509 78 29
45514 72 28
45564 52 26
45629 69 30
45930 79 25
46006 87 37
46022 66 31
46083 70 22
46332 77 30
46357 73 34
46585 68 27
47156 73 29
47168 83 31
47249 67 30
47273 75 23
47891 68 25
47950 77 36
48134 60 31
48211 79 31
48230 83 33
48316 79 20
48365 40 12
48492 88 32
48505 92 28
48521 91 24
49179 76 15
49256 79 16
49266 63 14
49773 49 13
50048 82 19
50175 66 28
50231 70 27
50454 57 23
50484 54 23
50766 42 19
50912 98 19
50957 62 23
51012 52 23
51103 68 19
51122 66 18
52427 42 20
52460 73 31
52627 77 18
52720 90 31
53161 57 18
53499 41 12
53952 73 18
54705 87 31
54874 116 37
55103 70 39
55212 101 33
55437 74 14
55830 85 29
55847 63 22
55916 69 29
56346 67 27
56424 51 15
57191 66 27
57197 65 27
57256 80 25
57278 68 28
57314 55 26
57536 64 19
57764 88 28
57818 83 36
57965 66 30
59247 55 17
60748 96 33
61268 73 20
61576 82 29
61681 60 30
62087 62 29
62264 60 26
62363 70 29
62376 68 34
62436 65 32
62703 71 35
62749 45 28
62789 46 25
63321 71 26
63630 54 25
63637 64 25
63701 48 18
63827 89 42
63840 86 41
63974 70 20
64058 81 31
64175 78 27
64467 69 34
64576 55 17
64842 78 26
65209 70 23
65441 65 32
65971 61 20
66326 71 28
66516 73 17
66932 57 17
66980 75 17
67118 56 21
67295 88 28
67673 73 32
67874 64 24
67925 85 40
67946 79 38
68789 100 23
69113 55 21
69693 106 25
69810 48 19
69894 74 25
69981 69 40
70563 74 22
70611 103 25
70899 64 23
70920 67 22
71194 46 20
71199 40 18
71484 76 22
71707 80 26
71972 72 33
72112 60 31
72160 55 24
72557 84 36
72657 63 18
72675 78 19
72803 82 35
72924 49 24
73091 64 29
73124 62 25
73336 70 18
73388 63 8
73455 86 32
73601 79 27
74002 91 32
74042 89 31
74375 62 26
74391 64 26
74439 74 26
74461 68 21
74528 80 23
74555 55 13
74586 70 20
74626 70 26
74631 69 26
74646 58 22
74898 68 23
75081 61 26
75249 74 22
75345 91 29
75551 45 27
75741 44 19
76489 79 31
76643 61 23
77035 72 28
77149 85 23
77806 69 21
77854 70 29
77965 84 38
78082 55 23
78227 59 27
78413 82 27
78538 53 14
78642 57 18
78856 98 19
78911 83 21
80073 50 20
80854 65 25
80890 52 18
81088 71 26
81190 73 23
81457 66 43
81642 76 37
81733 70 19
81941 60 23
81983 65 27
82082 71 32
82207 67 20
82244 59 14
82280 63 26
82338 86 33
82541 60 16
82729 62 38
82916 96 36
82934 65 34
83114 73 28
83431 82 28
84483 66 22
84499 60 24
84872 97 37
84920 78 18
85230 55 12
85654 59 16
85772 65 14
85868 57 18
86115 54 22
86155 67 15
86210 60 23
86290 60 26
86671 61 22
88126 64 20
88584 77 22
88861 56 25
89197 51 21
89523 48 17
89968 56 22
90304 45 29
90405 72 19
90638 62 31
91526 42 16
92126 86 36
92953 78 30
93582 60 23
94223 61 27
94316 88 34
94694 71 28
94848 72 30
95191 52 15
95250 58 32
96109 42 25
96558 69 35
96609 68 36
96723 62 30
96744 63 33
96861 52 29
96909 65 23
97194 73 25
97392 67 22
97434 60 22
97746 62 21
97773 57 23
97848 67 43
98922 61 29
99149 42 15
99155 37 15
99965 91 18
100045 56 17
100081 53 20
100843 64 27
101032 80 36
101270 99 27
101362 73 31
101380 49 53
101722 49 55
101881 79 80
101887 70 71
101980 55 49
102004 70 48
102596 62 64
102933 45 44
102946 48 39
103427 63 58
103539 29 37
103878 42 45
103887 33 32
104355 39 42
104677 40 47
104706 36 46
104715 39 42
104747 42 36
104883 58 48
105445 55 42
106509 59 51
106558 68 57
106696 46 59
107130 51 60
107784 49 52
108116 62 50
108340 25 52
108446 54 39
108461 54 40
108488 51 39
108953 55 60
109280 52 45
109466 65 79
110608 44 53
110761 46 51
110965 58 56
111358 62 47
111607 40 55
111706 40 32
111754 44 43
111760 44 45
111823 41 29
112300 50 60
113328 30 35
113540 62 52
113736 33 32
114065 30 41
114096 47 48
114121 49 41
114277 52 45
114499 84 43
115412 52 60
115721 30 38
115753 21 35
116159 46 44
116257 58 48
116300 51 44
116334 44 41
116443 37 34
116480 47 52
116614 44 41
116628 38 38
116839 54 57
116856 58 57
116980 40 51
117083 50 50
117128 53 49
117516 55 48
117670 50 32
118497 35 47
118973 46 54
119354 49 57
119441 45 33
119919 35 47
120036 32 51
120159 41 53
120346 43 51
120431 62 45
120553 45 63
121096 24 33
121929 37 48
123015 67 48
123096 53 60
123162 37 42
124120 38 43
124590 37 48
124716 23 40
124737 29 44
124882 34 34
124929 43 44
125385 32 58
125478 42 51
125783 51 50
125906 40 53
126029 51 52
126311 45 54
126615 52 41
126725 42 51
126992 57 58
127014 48 56
127052 45 71
127073 46 81
127088 40 75
127147 41 58
127185 49 61
127216 36 56
127392 45 34
127520 40 50
127535 39 44
127568 37 45
127576 28 51
127618 42 53
127665 58 53
127876 46 52
128521 57 57
128956 38 46
128968 37 30
129346 42 53
129544 28 47
129853 57 43
130131 59 44
130188 43 27
130508 67 37
130539 59 33
130613 54 32
130646 76 47
130697 56 44
130740 66 42
130865 53 41
131138 55 27
131777 44 46
132070 50 32
132136 66 47
132154 57 49
132185 61 45
132355 55 39
132429 52 40
132525 56 28
132540 45 29
132703 50 35
132714 48 34
132803 48 22
132816 45 26
133128 61 27
133134 52 28
133182 37 34
133290 51 40
133314 48 43
133326 48 42
133886 25 38
133910 22 35
134048 46 61
134183 46 61
135117 33 40
135373 26 36
135489 39 62
136030 41 69
136083 59 54
137362 29 59
137472 36 46
137724 38 37
138138 21 36
138558 49 46
138917 35 51
139179 38 57
140790 29 51
142248 31 34
142592 42 37
143414 40 41
143484 23 41
143711 47 40
144547 41 43
144691 35 47
144853 46 72
145009 28 44
145150 32 52
145795 51 48
146149 43 55
146339 37 47
146514 44 55
146843 40 56
146876 38 58
147050 29 61
147704 45 47
148150 37 42
148240 32 33
149023 36 45
149803 47 63
149918 29 57
150121 20 35
150314 57 46
150811 38 32
150859 47 40
150874 45 35
151030 34 39
151105 35 29
151162 42 45
151276 40 57
151810 57 66
151909 33 36
152808 22 39
152872 27 27
153266 18 24
153316 21 21
153496 36 37
153668 43 24
153673 43 29
154039 43 54
154101 31 39
156039 42 53
156339 36 63
156985 47 60
157072 48 55
157207 38 55
157450 40 44
157519 26 25
157936 49 63
158001 40 40
158071 42 44
158256 36 58
158566 56 69
159189 42 53
159231 62 55
159261 42 42
159305 42 17
159689 37 24
159854 22 27
159899 38 43
160799 35 42
161348 36 50
161675 39 45
162683 40 53
162693 40 55
162734 30 42
162769 23 43
162789 30 46
162820 26 49
162847 18 35
162879 24 51
163095 20 39
163146 10 24
166787 36 44
166898 38 44
167245 52 55
167282 45 63
167326 26 48
167366 26 33
167846 35 49
168110 47 49
168329 33 42
168368 33 34
169114 46 44
169291 46 39
169300 46 47
169816 58 66
169885 49 37
169924 41 34
169965 36 46
169991 37 38
170068 43 52
170318 36 47
170566 63 55
170572 54 52
171551 50 55
171682 38 49
172057 44 42
172090 59 42
172203 28 46
172240 36 34
172345 43 51
172438 46 57
172519 37 39
172547 43 35
173008 45 39
173233 41 48
173254 43 53
173309 53 46
173518 40 47
173752 32 49
173991 44 52
174023 17 80
174029 15 78
174035 13 74
174050 27 79
174340 45 60
174472 40 51
174666 29 41
175127 38 50
175398 33 41
175448 35 53
175511 40 75
175650 47 54
175660 40 41
175899 61 66
177124 40 62
177337 49 52
177424 52 45
177812 112 0
177904 87 0
177921 75 0
177985 32 60
178078 30 49
178094 28 55
178099 27 55
178162 21 26
178318 33 62
178394 43 60
178471 23 43
178561 53 50
178669 30 35
178849 60 63
178894 47 54
179008 41 35
179982 29 60
180205 19 27
180273 27 43
180536 20 38
180573 20 32
180629 21 20
180634 24 21
180680 31 28
180717 30 51
180758 31 55
180977 30 49
181061 20 45
181143 35 34
182167 41 64
182434 50 58
183256 28 34
183474 54 48
183759 51 69
183891 23 40
184173 19 34
184207 32 40
184218 34 45
184242 41 53
184923 36 33
186094 18 30
186220 40 43
187124 34 67
187182 48 56
187382 32 42
187629 32 33
188785 32 31
188864 48 61
188869 60 69
188895 55 61
188908 50 60
188919 47 61
189040 43 43
189506 40 46
190007 47 56
190012 51 55
190840 44 53
191042 34 47
191209 30 62
191345 35 57
191521 16 29
191633 27 40
191929 29 30
192318 33 46
192552 33 58
193167 28 35
193293 50 44
193474 32 50
193512 33 57
193665 30 47
193851 26 30
194097 34 42
194106 26 37
194201 26 35
194529 34 50
195070 29 36
195639 28 43
195803 33 41
196137 33 42
196344 32 40
196582 37 39
197133 40 48
197387 31 52
197549 39 42
197824 31 40
198026 41 44
198390 41 43
198776 32 44
198879 47 38
199667 44 42
199766 44 43
199806 15 21
200018 37 41
200073 34 34
200697 27 43
200775 39 36
201138 42 49
201234 35 54
201252 40 57
201333 24 52
201541 45 76
201652 24 41
201948 39 63
202332 39 48
203233 57 62
203745 48 34
203795 54 46
204274 43 47
204337 35 34
204380 42 36
205018 35 40
206752 52 58
207029 47 68
207621 21 41
207822 36 43
207834 35 47
208019 37 55
208198 26 39
208342 33 70
208467 31 44
208561 34 42
208618 37 49
208707 42 54
208722 31 35
208739 40 50
208848 38 40
209357 34 40
209843 35 58
210512 37 33
212155 35 52
212185 30 48
212422 39 57
212577 32 58
213203 36 51
213318 25 52
213572 30 40
214027 27 45
214044 35 42
214142 37 40
214369 42 37
215407 41 49
215468 32 47
215783 47 38
216965 47 57
217154 32 37
217242 26 33
217272 24 45
217280 23 44
217442 17 20
217523 20 35
217659 20 57
219051 43 50
219189 28 42
219467 28 38
220111 53 66
220239 33 41
220516 33 52
221576 21 19
221699 19 38
221754 23 50
222169 31 40
222355 34 40
222511 29 45
222562 34 47
223011 43 36
223084 38 49
223218 42 45
223660 39 55
224221 31 39
224293 35 30
224601 26 31
225479 41 41
225530 41 59
226233 38 63
226403 24 33
226627 33 35
226985 29 38
228198 44 57
228301 39 28
228798 48 44
229134 44 52
230003 33 39
231986 41 53
233120 34 41
233330 34 40
233851 43 40
233870 42 53
234233 23 26
234255 10 15
234360 63 21
234541 27 20
236124 26 20
236168 21 14
236415 25 22
236586 57 47
237051 36 27
237556 42 36
238692 40 55
238983 24 39
240812 24 26
240934 51 46
241479 48 44
241588 40 49
241693 35 22
241883 40 34
242226 36 40
242823 39 50
245201 43 53
245268 47 45
245412 24 24
245520 33 62
245580 37 45
245741 6 42
245769 17 26
246084 27 29
246470 27 33
248184 44 43
248599 46 34
249452 34 32
251095 46 40
251243 46 27
254091 46 35
254840 31 39
255755 33 18
256610 38 27
256714 44 44
257240 26 43
257356 50 57
258163 29 29
258394 35 44
258400 33 42
258537 55 55
258567 49 35
258977 28 18
259071 42 35
259286 39 35
259791 48 45
259919 53 40
261207 55 37
261560 42 45
261684 31 39
262116 36 29
262503 54 31
262910 41 37
263110 44 27
264648 25 29
265088 41 34
265138 46 42
265719 34 33
265838 72 37
265860 50 42
266222 47 35
266479 42 27
266580 35 35
266886 45 41
267009 40 50
267048 46 46
267060 39 43
267069 37 43
267075 43 38
267133 50 32
267759 34 38
267848 41 34
267971 49 49
268040 38 34
268094 52 56
268562 46 31
268646 31 26
268730 35 40
269129 45 53
269405 53 61
269414 43 60
269513 39 45
269765 28 32
270266 26 31
270728 38 39
270845 35 18
272682 32 28
274508 42 29
276764 47 44
276797 51 37
277974 49 33
278581 8 51
279058 19 69
279217 11 61
281430 15 87
282427 13 31
282604 19 38
284758 27 62
285564 28 41
285946 30 39
286123 27 54
286352 33 51
286483 21 43
286555 26 56
286678 29 51
287317 24 25
287536 26 52
289653 19 32
289689 30 43
289762 33 43
289819 34 57
290027 18 45
290047 20 58
290172 29 52
290782 23 48
290798 25 39
290984 32 48
291384 37 23
291435 20 37
291629 34 49
291692 33 37
291791 34 51
291814 33 44
291902 33 54
291936 41 50
292054 23 25
292076 33 40
292120 31 47
292200 35 50
292278 24 39
292293 22 36
292808 13 13
292855 23 37
292967 29 38
293317 24 49
293443 34 51
293488 37 65
294636 51 50
294642 47 46
294848 26 34
295149 28 37
295331 28 49
295444 12 37
295524 33 57
295552 36 68
295605 27 73
295622 25 63
295659 30 74
296551 32 51
296567 28 54
296812 40 49
297404 24 47
297414 29 47
297448 35 53
298117 38 59
298659 27 41
298914 28 35
299055 41 59
299364 22 44
299741 34 55
300280 31 38
300303 37 41
300338 28 44
300382 33 57
300472 22 45
300512 27 53
300541 28 48
300711 26 44
300776 34 52
301086 35 57
301488 34 34
301650 37 54
301659 29 47
301959 25 40
302337 41 69
302399 26 59
302798 31 48
302914 21 52
302924 17 54
303500 36 51
303651 35 51
303692 38 55
303729 23 50
304057 26 34
304111 35 47
304153 27 44
304159 25 37
304208 22 47
304245 20 57
304267 27 43
304307 37 42
304383 22 49
304389 23 52
304489 40 58
304513 39 58
305305 35 41
305362 32 51
305506 24 39
305906 25 63
306459 36 49
306467 32 42
307189 39 44
307225 41 43
307347 30 40
309627 23 29
310953 19 49
311982 30 40
312022 31 42
313004 44 62
313392 28 24
314080 50 52
314672 32 40
314767 45 52
314800 35 48
314832 38 55
315106 38 41
315135 31 47
315873 22 47
316044 26 39
316206 30 44
316321 33 45
316462 41 42
316485 34 45
316608 29 44
316800 47 51
316821 32 60
316967 25 33
317076 22 38
317196 29 44
317815 38 45
318142 23 31
318154 26 38
318520 30 50
318888 36 40
319030 56 45
319233 34 43
319252 38 46
319704 23 44
319975 32 47
320109 24 30
320118 25 30
320276 27 47
320284 24 44
321170 23 39
321212 34 42
321366 25 35
321422 40 50
321467 43 38
321473 41 40
321767 41 60
322175 22 39
323100 27 35
323282 17 30
323295 26 47
323511 27 43
324287 40 49
324798 33 35
326634 34 31
326721 39 56
326745 53 68
326853 28 38
326967 36 37
327016 27 48
327154 36 36
327342 42 23
327352 33 25
327445 33 43
327553 44 45
327568 41 37
327688 36 31
327843 34 49
327881 38 41
328621 35 42
328651 32 36
328773 36 32
328789 34 42
328900 24 26
329122 23 24
329199 21 24
329438 29 29
329779 29 44
330077 46 56
330178 23 31
330243 27 38
330286 31 40
330493 37 36
330649 27 23
331512 26 28
331671 37 31
331793 29 44
332153 36 33
332604 39 45
332713 33 42
333436 19 34
333479 24 24
333860 38 37
334320 30 43
334370 31 59
334669 21 33
335115 28 47
335328 34 35
337002 29 39
337150 30 35
338037 33 49
338181 28 38
338189 42 45
338214 36 36
338636 26 36
339231 31 38
339285 33 31
339309 45 42
339390 30 28
339405 28 28
339616 32 43
339751 48 47
340086 38 41
340311 36 45
340353 29 30
340515 37 36
341066 29 30
341334 39 46
341342 38 46
341795 41 54
341826 32 45
341903 30 50
342054 34 33
342060 37 32
342336 29 38
343134 29 41
343273 31 42
343633 27 43
343645 26 43
343743 35 56
344294 27 31
344389 41 38
344934 39 31
345015 30 42
345129 35 36
345309 42 49
345612 32 31
346068 37 28
346218 32 44
346635 42 47
346830 26 36
347082 26 31
347215 50 34
347223 42 38
347385 35 33
347431 43 62
347564 21 44
347569 20 43
347575 24 43
347611 38 46
347711 20 17
347970 27 36
347998 28 42
348003 24 39
348076 32 40
348101 33 41
348151 46 43
348217 44 34
348234 39 34
348288 25 34
348335 27 34
348351 29 26
348361 34 32
348373 35 31
348422 32 36
348444 25 32
348504 30 40
348528 27 40
348603 32 69
348623 28 46
348698 10 46
355014 8 28
355136 20 44
355254 22 39
355339 36 40
355482 21 37
355648 39 35
355682 26 34
355716 18 25
355925 39 41
355952 40 44
356122 39 30
356142 45 46
356215 35 34
356315 38 45
356436 25 32
356614 39 32
356766 38 37
357237 19 45
357416 38 36
357962 37 34
358334 21 24
358702 32 50
358727 29 47
359159 30 26
359230 28 31
360124 38 35
360829 37 34
360969 47 51
361740 37 25
362407 37 25
362472 38 33
362520 39 40
362789 36 27
363431 31 38
363482 30 25
363626 53 29
363784 34 26
363884 43 22
364091 23 9
365156 38 32
365359 39 27
365502 60 38
365978 36 15
367145 8 72
367184 11 69
367433 8 42
367607 5 38
367712 4 11
368354 8 68
368560 7 62
368947 13 85
369433 43 29
369519 35 36
369566 33 25
369748 49 32
370042 33 32
370399 24 37
371458 37 54
371677 29 26
371961 38 29
371967 39 30
372182 27 39
372935 44 31
373013 45 39
373118 29 34
373211 38 35
373381 24 27
373672 36 33
373728 45 33
373739 41 30
373784 32 32
373859 38 27
373879 24 24
374073 22 34
374415 23 27
375013 42 26
375241 44 32
375247 37 25
375276 39 25
375566 44 55
375731 24 25
376052 28 24
376123 32 30
376309 21 32
376425 23 28
377598 24 25
378439 35 38
378878 37 30
379037 39 37
379109 33 38
379199 34 30
379259 49 35
379367 43 30
379449 41 44
379463 33 33
379482 30 36
379615 39 31
379671 41 43
380195 32 34
380579 35 25
380703 45 44
380746 41 27
380777 22 16
380843 38 38
381032 50 28
382295 36 31
382383 35 25
382765 18 28
383121 11 19
384059 43 24
384218 39 29
384834 27 38
384873 40 35
385074 29 27
385269 32 45
385563 17 27
385614 27 33
386311 27 24
386589 34 22
386727 25 30
386760 38 25
386965 34 25
386970 34 26
387247 27 33
387265 35 30
387304 34 28
388082 35 29
388892 35 23
388925 39 25
389183 30 20
389397 38 41
389559 36 38
389679 31 39
390899 27 44
391074 29 37
391185 42 43
391337 23 25
391396 52 34
391498 45 46
391593 20 20
392002 37 37
392388 38 42
392429 39 50
392500 33 49
392613 34 37
392678 51 50
392987 60 40
393126 18 13
393288 30 36
394730 34 28
395833 41 43
396392 34 28
396492 37 31
396601 46 30
396810 39 49
396985 32 26
397197 29 36
397617 43 48
397670 41 43
397702 36 35
397788 42 27
397927 45 40
398006 39 34
398147 38 42
398157 37 35
398198 31 35
398291 42 24
398318 45 26
398334 44 29
398458 32 36
398507 34 38
398959 42 47
399058 33 24
399079 44 32
399145 36 38
399283 44 31
399694 35 44
400656 40 37
400713 51 34
401598 38 40
401784 38 44
401978 25 30
402209 15 13
402329 26 33
403175 39 40
403876 41 41
404674 28 29
405232 34 28
405288 34 31
405556 28 38
406021 26 30
406271 41 39
407815 37 24
407967 31 39
408410 48 32
408523 26 39
409081 40 29
409240 44 43
409323 64 56
409909 21 25
410203 26 18
410360 26 38
410560 30 43
410593 25 42
410932 24 22
411002 19 21
411053 33 42
411062 45 48
412466 34 32
412724 29 23
412848 31 32
413108 43 35
413779 30 14
413795 27 13
413922 46 33
414031 42 32
414189 33 39
414225 41 33
414351 35 37
414507 36 38
414648 28 36
415107 39 36
415633 46 36
415654 49 34
415675 44 35
415854 49 38
416087 37 44
416479 29 39
416501 24 42
416581 29 39
416911 37 32
417260 29 49
417382 38 30
417534 42 36
417567 41 41
417573 35 30
417718 32 31
417731 44 34
417740 40 32
417976 48 43
418216 43 43
418654 23 30
419176 39 36
419358 35 34
419499 34 25
420095 52 39
420507 31 29
420661 35 32
421003 43 26
421294 30 28
421342 28 34
421411 29 31
421567 17 48
421861 39 43
423423 52 37
423444 49 32
423468 53 32
423924 39 20
424671 39 37
424794 40 46
425259 41 35
425558 43 28
425700 32 36
425738 38 28
425945 40 45
425978 28 45
425992 26 46
426036 38 43
426049 41 38
426128 40 36
426149 35 33
426214 30 39
426292 44 34
426337 50 45
426993 40 39
427154 32 23
427197 50 35
427357 46 43
427825 31 27
428209 32 28
428384 18 32
428437 31 39
429162 44 40
429237 25 18
429262 41 28
430056 31 37
430551 47 37
430572 40 43
430688 48 28
430698 39 30
430707 36 27
430724 33 26
431060 28 21
431091 22 22
431304 45 28
432051 20 23
432726 33 25
432844 37 37
433374 41 30
434155 21 30
434267 44 41
434461 23 27
434692 27 21
434707 29 23
435000 32 29
436177 29 18
436524 28 36
436683 27 32
436939 40 36
437847 28 31
438570 24 25
438715 32 28
438838 44 30
439123 43 43
440638 38 44
440654 39 40
442051 28 49
442247 52 52
442436 24 58
442678 31 36
442722 39 51
444056 24 29
444647 42 44
445583 22 30
446478 42 37
447013 21 28
447782 36 42
448004 31 42
448352 32 32
449677 38 28
449955 23 37
450427 31 29
450448 33 31
450490 25 33
450756 23 31
450789 27 36
451419 53 39
451542 38 30
451806 31 34
451820 39 41
451873 31 17
452103 50 32
453109 31 45
453646 28 26
453697 26 32
453835 33 37
453982 27 29
454006 28 35
454105 33 49
454166 33 42
454417 30 38
455077 38 30
456109 39 42
456131 36 43
456327 23 20
456398 41 45
456444 56 70
456540 35 25
457227 37 40
457437 14 23
464006 16 38
464041 16 42
464105 34 38
464212 39 50
464650 17 30
464802 21 36
464832 21 38
465048 31 30
465150 36 44
465536 25 24
465571 26 25
465587 22 22
466121 19 29
467585 32 37
467750 41 44
468932 48 62
469524 17 39
469986 37 45
470166 21 35
470199 34 47
470226 32 41
470424 34 33
472703 40 42
472787 22 32
473509 35 27
475105 38 34
475304 39 29
475426 58 41
475579 34 25
477175 48 44
477227 42 30
477274 40 27
477336 35 27
477378 52 56
477392 48 49
477421 46 48
477443 43 42
477546 42 38
477708 53 44
477897 34 32
478152 31 30
478471 34 37
478704 33 25
478903 29 28
479113 41 38
479158 32 19
479194 35 32
479200 29 29
479206 38 30
479233 28 29
479314 34 38
479332 33 37
479536 26 34
479814 42 36
480620 32 18
481064 37 21
481097 40 26
481120 38 29
481136 42 30
481166 34 25
482106 42 33
482508 32 48
483536 29 30
483677 29 44
483714 31 28
483736 34 30
484044 36 52
485118 30 32
485267 35 36
485534 40 31
486197 26 36
487151 41 36
487190 34 31
487991 36 37
488129 31 40
488144 30 38
488207 33 33
488283 53 27
488759 24 29
488834 28 24
488996 36 34
489431 22 27
489595 49 38
489632 36 42
490231 49 65
490306 32 33
490486 51 52
490684 31 25
492041 36 44
492188 18 21
492442 19 23
493069 47 32
493373 41 36
494389 40 41
494419 34 29
494546 39 28
494745 31 26
494783 34 26
494826 26 25
494938 23 31
494990 25 30
495041 22 35
495114 32 39
495134 33 38
495321 30 40
495560 35 37
495645 28 22
496374 42 27
496600 31 30
496783 28 15
496878 19 13
496922 21 16
496939 25 16
497228 32 33
497809 32 39
497862 31 31
498049 52 49
498414 41 47
499109 38 51
499835 40 34
501054 65 12
501093 52 6
501411 69 12
501459 60 14
501477 71 18
501531 66 19
501864 58 10
501927 61 9
501996 45 11
502068 63 15
502162 78 15
502215 57 11
502346 67 12
502521 75 11
502929 53 8
503334 80 16
504485 78 15
504931 66 10
505005 44 21
505316 55 15
506126 52 23
507241 63 6
507513 73 12
508044 52 13
508113 55 17
508122 64 20
508503 58 16
509043 60 9
509301 60 14
509475 66 18
509556 41 9
509595 52 13
509787 49 11
510050 65 13
510113 60 15
510212 74 14
511519 71 15
511543 83 15
511627 66 13
511738 62 12
511843 60 19
513724 84 20
513772 55 11
513784 48 11
514183 61 14
514663 71 19
514686 64 18
514913 47 9
515099 50 9
515153 63 16
515206 67 15
515301 62 17
515327 53 14
515666 42 14
515773 65 14
516306 54 12
516549 53 11
516599 55 13
516981 77 15
517536 75 14
517655 46 6
517892 46 8
517934 56 13
517997 69 4
518243 57 13
518855 57 9
519017 70 10
519284 93 18
519460 82 12
519676 46 14
519852 54 10
520198 51 11
520222 41 12
520340 34 12
521000 49 6
521183 3 26
521888 62 12
522459 71 17
522583 63 12
522725 49 10
523099 56 9
523311 46 12
523330 50 10
523428 53 4
523583 66 16
524246 78 8
524785 70 14
524819 83 13
525174 53 12
525268 69 7
525842 62 11
526580 49 12
527003 62 14
527084 67 18
527234 65 10
527273 72 17
527515 73 11
527753 69 16
528408 59 12
528599 56 10
529382 63 13
529763 55 9
529838 39 15
530066 61 19
530104 32 11
530163 54 14
530274 51 16
531016 56 11
531246 49 10
531942 60 19
531994 49 9
532106 47 18
532257 65 12
532313 70 17
532698 74 17
533469 49 14
533565 78 9
533607 67 15
534304 68 21
534640 67 13
534870 87 14
535659 71 16
536327 65 9
536552 56 13
536658 72 12
536848 66 21
536928 67 12
537054 75 15
537138 66 20
537242 57 16
537337 51 15
537739 59 15
538246 85 14
538735 50 11
538822 39 12
539372 49 7
539971 60 14
540038 51 10
540130 48 9
541240 24 3
541421 39 9
541488 37 7
541496 51 8
541505 52 8
541598 45 10
541741 19 5
541789 33 8
542426 58 11
542487 41 9
542818 56 12
542869 63 6
542925 52 15
543166 30 9
543620 50 16
544118 51 13
544185 47 11
544270 53 13
544452 42 11
544471 46 11
544518 39 10
544589 43 14
544815 57 10
545049 81 16
545127 60 17
545210 50 13
545256 56 11
545296 58 14
545384 68 21
545394 72 21
545446 63 12
545495 8 72
545498 61 16
545531 56 13
545553 55 10
545609 45 11
545631 66 11
545649 37 7
545684 7 15
545732 77 17
545783 75 10
545799 81 15
545810 85 16
545828 54 14
545882 49 10
545924 59 11
545951 58 11
546005 83 18
546020 81 18
546035 82 15
546053 88 16
546172 59 12
546182 63 13
546197 43 11
546203 44 11
546272 68 16
546299 71 12
546305 67 12
546329 77 17
546362 68 10
546390 76 14
546410 50 11
546491 63 11
546503 67 15
546539 46 15
546545 45 12
546554 42 13
546624 79 13
546629 89 16
546662 58 12
546671 63 13
546755 76 11
546773 60 12
546868 55 12
546893 53 15
546978 57 13
546995 53 13
547254 50 11
547338 58 7
547383 48 11
547531 64 11
547674 43 13
547786 64 18
547913 58 5
547950 68 7
548208 47 6
548296 77 18
548615 53 12
549125 49 16
549158 50 11
549559 84 11
550190 66 14
550327 37 9
550665 41 8
550936 66 10
551493 45 16
551646 50 12
551707 41 11
551907 53 12
552013 38 13
552078 62 17
552333 47 13
552465 70 19
553622 45 11
553629 47 13
553742 58 13
553768 73 11
553781 63 8
553788 65 7
554915 66 14
555557 69 11
555567 63 12
555889 8 46
556001 15 33
556099 15 28
556166 23 52
556337 33 44
556657 40 56
556676 28 48
556731 21 46
556743 18 34
557217 27 36
557256 21 26
557448 23 41
557486 24 32
557505 23 33
558940 22 32
559423 11 56
559546 16 50
559655 23 52
560002 19 59
560264 31 50
561212 37 70
561409 26 50
563696 22 42
566651 35 61
566737 30 47
567093 20 39
567166 17 40
567172 13 34
567178 13 35
567185 12 45
567258 24 53
567414 14 33
567429 17 33
567559 12 45
567567 12 46
567738 36 59
567762 29 58
568567 24 57
568779 19 53
568848 30 60
569059 18 61
569125 19 62
569335 16 64
569350 13 55
569356 15 55
569671 17 58
569853 22 54
569965 24 56
570089 19 34
570095 20 38
570129 26 46
570270 9 60
570541 23 53
570571 21 53
570977 17 54
571241 19 56
571247 21 56
571277 9 75
571571 12 41
571917 17 54
572117 28 67
572232 21 56
572286 17 45
572334 18 54
573611 32 64
573723 24 47
573730 17 43
574330 18 51
574574 23 44
575929 22 41
576484 11 40
576602 24 54
576644 19 40
576857 11 32
576863 12 29
576898 20 39
578937 24 61
579002 23 48
579847 22 58
580621 22 41
580825 21 66
580891 18 47
583169 35 40
583174 33 32
583436 20 31
584038 16 28
584605 38 63
584662 27 48
585130 22 36
585172 32 27
585271 27 51
585431 24 46
585673 19 45
585816 6 39
585836 5 40
586061 8 25
586538 27 38
586741 24 39
586985 24 43
587273 26 48
587814 20 39
588241 16 29
588397 28 50
588437 20 33
588537 15 19
588588 26 25
588941 34 47
589244 31 52
589446 33 77
589534 30 72
590185 21 40
590497 20 45
591225 28 27
591374 24 50
591551 33 50
591917 16 37
592011 16 26
592124 10 71
592583 14 26
592658 37 51
592709 6 43
592805 6 43
592820 10 45
592839 8 56
592903 24 65
593283 37 42
593673 30 40
593962 32 33
593994 24 27
594176 38 63
594432 30 51
594581 26 51
594860 26 47
594881 21 38
595088 42 67
595131 31 61
595542 25 52
595595 26 48
595692 26 49
595945 29 43
596059 20 38
596072 22 37
596104 36 60
596310 24 40
596334 19 41
596475 31 48
596531 23 44
596703 37 58
596727 31 51
596757 25 39
596844 27 48
596944 30 36
597220 25 50
597327 29 33
597408 33 57
597781 19 44
597928 30 70
598051 19 38
598385 25 46
598566 32 70
598743 25 30
599509 26 51
599672 33 49
599699 34 56
599947 28 47
600443 32 52
600689 21 62
600860 23 43
601130 28 45
601161 24 32
601595 23 40
601667 26 44
601880 21 53
602166 34 56
602390 24 38
602526 40 51
602588 27 38
602710 28 54
602741 24 62
602937 29 41
604383 25 54
604504 33 47
604772 21 52
605083 31 44
605342 24 32
605664 27 38
605698 21 31
605720 24 45
605808 27 46
606101 21 46
606458 18 40
606654 22 42
606664 22 38
606981 20 64
607376 34 44
608470 5 12
608901 20 33
609198 16 42
609616 20 53
609625 19 51
609644 14 37
609696 16 23
610284 30 51
610383 31 55
610602 37 52
610698 21 46
611081 22 35
611906 20 50
612196 18 44
613319 20 46
614000 19 35
614999 19 61
615117 18 40
615605 20 40
615788 18 46
615803 21 43
616106 14 19
616505 34 42
616901 25 47
616910 19 45
617659 32 69
617939 28 40
617946 29 49
618950 31 55
619135 26 72
619217 31 48
619283 40 58
619296 34 60
619794 17 30
620622 39 64
621152 22 53
621824 13 45
623411 23 43
623785 18 38
623825 18 49
623845 23 53
623908 28 64
624316 22 46
624340 16 40
624967 39 62
625112 31 47
625705 25 56
626248 25 57
626794 19 47
626895 43 52
626938 42 59
627074 20 45
627099 24 52
628985 23 59
628991 23 55
629210 30 63
629392 28 57
629399 27 53
629747 32 48
630209 23 51
630358 25 40
630445 21 63
630542 25 43
630674 22 38
631443 22 34
631613 28 40
631641 27 50
631655 31 55
631718 26 57
631767 30 50
631847 26 49
632141 32 73
632417 19 38
632425 20 37
632461 17 51
632475 26 52
632535 33 49
632558 27 56
632730 26 47
633343 28 46
633875 28 33
634124 28 27
634754 11 32
635065 23 32
635635 17 36
635657 24 42
635771 16 35
635946 28 45
635986 35 77
636118 19 44
636147 14 35
636463 18 36
636531 32 49
636749 27 50
637447 27 44
637465 27 48
637478 27 54
637564 33 50
637641 25 53
637792 13 42
637848 19 55
638085 19 41
638535 20 48
638556 25 54
638642 28 39
638982 44 44
639135 36 56
641235 28 40
641332 33 60
641678 43 57
641693 44 70
641846 17 39
642083 24 49
642200 29 43
642254 25 46
642595 27 55
642720 27 53
642761 28 63
643383 25 42
643801 17 33
644262 24 47
644752 21 44
645010 21 41
645294 16 53
645501 31 44
645996 25 57
646374 23 39
646509 24 44
647022 74 21
647502 72 17
648362 43 15
648458 42 11
648518 65 15
648745 18 50
648798 27 50
648967 36 67
649693 25 50
650124 28 37
650208 19 37
650307 28 37
650325 36 45
650348 27 45
650506 30 52
650541 35 53
651300 16 55
651489 22 73
651959 16 53
652361 22 48
652493 20 34
652771 19 39
653016 15 44
653044 19 50
653233 25 48
653399 23 44
653522 26 46
653813 40 68
654119 19 45
654179 25 38
654245 29 57
654408 24 57
655445 30 42
655496 28 46
655784 31 43
655961 49 63
656066 20 47
656132 25 49
656360 32 50
656999 44 51
657426 36 52
658307 13 19
658386 27 28
658882 33 60
659104 20 31
659323 27 39
659437 21 48
659470 26 39
659906 18 23
660211 25 26
661134 30 35
661523 28 30
661680 48 71
661854 38 48
662253 30 27
662513 24 40
662770 41 59
663178 27 48
663281 36 46
663372 24 47
663461 35 44
663636 25 28
663708 30 42
663846 31 46
663896 40 58
663972 24 33
664243 30 53
664350 29 36
664360 29 37
665400 45 51
666092 24 45
666393 36 41
666981 36 46
668396 40 51
668608 39 55
668712 30 40
669063 35 27
669613 31 34
670300 35 38
670357 18 33
671260 27 30
671341 54 44
671609 47 44
671677 38 38
672030 24 38
672082 36 48
672444 44 47
672592 28 27
672706 48 55
673246 49 46
673509 47 45
673905 38 53
674355 38 28
674364 37 24
674718 35 36
675030 71 23
675057 43 17
675876 67 20
675954 72 13
676173 87 24
677103 74 17
677196 45 19
677214 47 19
677485 67 18
677622 47 16
677703 68 23
678061 59 18
678091 64 12
680487 60 25
680696 64 25
680729 63 26
680736 64 23
680918 59 23
681188 47 28
681206 48 29
681217 46 19
681286 68 16
681394 62 31
681592 40 16
682077 28 12
682531 62 22
682957 54 28
683490 54 22
683641 65 26
683977 50 22
684265 55 26
684369 50 24
684463 76 33
684489 71 37
685068 55 26
685080 66 35
685557 19 44
686501 52 26
686576 79 36
686815 67 29
687079 65 37
688129 40 15
688213 72 32
688276 60 22
688291 56 16
688576 61 21
688699 57 14
688706 60 19
689321 50 19
689365 62 22
689500 56 21
689579 60 27
689940 51 15
690040 50 23
690114 37 15
690434 43 17
690842 70 29
690985 52 27
691122 53 29
691174 59 23
691264 47 24
691540 63 31
691653 41 34
691674 47 30
691683 55 33
691757 67 23
691821 62 25
691855 61 31
691864 58 29
691885 55 28
691918 51 22
692365 50 26
692406 56 27
692576 62 30
692822 50 27
693475 54 26
693536 56 32
693613 77 30
693757 52 24
693850 45 23
693954 53 23
694231 40 22
694251 47 25
694519 75 24
694528 72 25
694631 52 23
694649 58 28
694682 51 30
694905 43 16
695026 44 23
695048 52 23
695392 51 27
695466 62 43
695626 54 24
696050 51 11
696199 64 22
696473 47 18
696567 69 19
696767 47 12
696787 67 15
696815 73 17
696916 59 19
696984 64 26
697039 59 24
697050 69 31
697403 78 34
697804 37 47
698063 26 39
698093 36 49
698461 41 45
698595 29 52
698624 23 45
698778 33 50
699391 21 31
699885 21 47
700634 21 43
701246 35 47
701274 33 41
702872 37 44
703390 33 39
703685 47 52
704107 26 35
704248 50 55
704876 47 25
704927 51 23
705196 34 11
705217 42 16
705404 54 21
705434 43 15
705450 44 8
705569 88 19
705727 49 19
706639 44 47
706814 44 48
708662 34 50
708806 38 48
709016 28 54
709829 21 39
710310 37 57
710435 22 43
711188 34 60
711199 40 56
712388 46 54
712591 24 37
712877 35 51
713498 30 34
714580 35 43
714700 27 48
714766 37 44
715105 28 45
716318 43 34
717335 27 48
717917 28 43
718628 24 39
719083 27 52
719205 44 31
719312 44 46
719859 23 35
721274 36 45
723265 38 62
723468 36 46
723522 33 44
723823 42 63
724509 34 42
725072 33 32
725129 30 37
725348 42 56
725438 35 46
727221 50 62
728973 39 50
728984 38 47
729077 41 43
729084 39 42
729232 36 49
729433 39 42
729456 36 49
729672 29 47
730048 41 45
731003 29 55
731190 29 53
732135 34 54
732415 52 42
732660 39 39
732773 34 59
732982 51 50
733894 45 49
734059 19 35
734067 22 40
734105 27 50
734892 42 53
736031 51 46
736039 50 42
736062 44 40
736081 38 40
736213 36 35
736948 50 48
736996 47 42
737662 40 42
737800 49 43
737870 50 50
737908 57 48
738004 44 39
738267 40 38
738725 64 60
738758 48 51
738944 53 40
739435 31 51
739542 43 39
739600 27 38
739719 38 44
739847 24 17
741049 32 39
741454 47 49
741495 39 39
741533 37 36
741718 33 28
741814 48 35
741840 48 39
741925 49 48
742118 41 49
742365 43 45
743632 56 63
743689 28 41
743736 40 27
743860 34 37
744247 44 57
744575 53 49
745439 35 31
745658 42 49
745833 55 41
745877 55 32
745955 56 29
746116 34 38
746308 34 27
746501 57 30
746615 61 28
747191 62 58
747476 58 37
747593 41 31
747633 48 28
747845 51 39
747985 55 43
748023 34 29
748280 64 47
748298 74 47
748829 51 34
748876 56 38
749150 45 42
749180 49 45
749222 39 40
749655 52 48
749692 61 33
749720 54 26
750039 65 36
750865 40 29
751223 57 43
751277 43 46
751308 32 44
751596 49 41
751908 51 40
752081 52 23
752115 47 25
752204 66 52
752249 58 38
752265 45 34
752342 37 32
752404 50 31
752413 49 31
752448 51 34
752504 41 33
752513 45 38
752519 37 35
752543 39 25
752620 53 29
752669 66 46
752829 39 39
752850 41 32
752867 42 31
752899 36 15
752953 46 36
752959 36 36
753012 34 42
753057 37 43
753208 20 13
753379 40 31
753404 30 37
754518 40 22
754830 47 35
754842 60 36
754920 39 33
755741 50 35
755884 41 35
756359 34 33
757201 30 19
757392 10 9
757633 27 19
757662 33 31
757950 44 42
758881 50 21
758962 49 37
759040 46 44
759525 52 40
760066 57 38
760183 46 23
760364 38 35
760458 46 41
760536 45 31
760542 40 33
760580 48 37
760591 49 40
760642 49 34
760750 49 33
760771 46 29
760891 52 40
760955 47 42
761140 47 52
761298 55 50
761379 33 31
761980 54 34
762211 42 43
762916 56 37
763145 32 23
763363 56 33
763679 53 37
765351 41 30
765525 53 38
765990 58 39
766408 34 28
766470 63 31
766587 73 36
766614 70 34
766895 74 35
766952 85 39
767096 41 23
767140 54 23
767206 64 28
767353 34 17
767385 51 28
767687 59 33
767692 57 34
768119 29 19
768205 57 56
769338 48 30
769636 57 33
769908 59 37
770161 69 32
770527 61 39
770839 34 31
771209 44 44
771478 27 36
773053 55 42
773244 71 40
773255 62 34
774475 73 19
774721 67 9
776101 63 6
776236 74 17
776249 67 17
776300 55 8
776366 79 15
776384 95 19
777328 52 32
778721 61 29
779262 64 36
779300 65 40
780049 32 11
780089 43 29
780320 69 48
780929 61 47
781209 39 40
781218 36 36
781233 26 29
781269 11 16
781275 23 16
781311 36 30
781381 24 24
781386 24 23
781398 27 20
781432 36 23
781446 31 16
781458 23 17
781471 20 19
781479 18 22
781617 15 22
781635 24 29
781659 27 23
781671 22 29
781689 4 32
781726 4 27
781752 6 42
781762 6 39
781770 5 43
782049 8 21
782280 16 37
782286 17 40
782416 18 46
782429 19 43
782460 11 44
782496 9 41
782522 6 39
782534 6 44
782589 6 42
782764 5 43
782772 5 43
782778 5 42
782790 5 44
782796 5 43
783001 15 25
783021 15 31
783294 7 35
783549 16 40
783618 15 30
783646 21 30
783651 21 32
783676 29 46
783684 29 48
783723 7 42
783762 34 39
783899 45 38
783910 51 40
783937 56 42
783971 31 34
784007 52 27
784119 50 47
784203 42 19
784280 61 33
784319 55 32
784508 70 28
784580 37 19
784799 72 42
785199 42 34
785444 67 49
785589 55 36
785777 58 41
786093 44 48
786418 58 38
786629 70 37
787002 51 43
787036 57 36
787539 41 41
787756 59 46
787941 56 42
788309 60 35
788574 59 53
788834 63 46
788907 68 43
789059 61 27
789065 54 26
789112 81 41
789153 75 49
789178 60 41
789875 74 32
789985 46 39
789994 46 32
790039 45 54
790141 62 34
790198 73 42
790523 49 45
790539 47 39
790571 66 29
790655 47 20
790759 29 19
791066 50 36
791184 50 29
791199 60 40
791367 50 30
791516 63 51
791566 43 35
791803 36 43
792149 60 46
792269 48 33
792317 60 41
792470 47 34
792956 38 17
793219 31 11
793425 69 38
793830 45 32
793892 45 32
794196 40 38
794520 42 34
794783 59 36
795420 59 37
795686 52 31
796291 35 34
796732 51 29
797030 45 37
797346 35 27
797861 58 37
798125 69 46
798177 56 35
798240 62 40
798296 61 43
798742 59 30
798959 56 37
799762 73 49
799951 68 38
800456 46 46
800515 43 34
800548 45 38
800767 54 42
801738 40 24
802634 58 44
802940 39 26
803348 54 40
803609 55 39
803666 41 23
803693 36 23
804108 46 40
804702 27 19
805228 57 49
805413 57 49
805849 66 41
805939 65 44
806371 53 32
806404 34 31
807053 58 32
807285 41 43
808089 39 55
808200 40 42
808846 48 32
808983 71 40
809117 50 42
809353 70 55
809821 69 47
809838 81 51
809887 68 44
809896 62 44
809944 40 35
810058 59 43
810103 41 39
810581 58 37
810968 62 40
811231 62 42
811261 41 27
811303 51 23
811369 45 45
811696 55 47
811738 35 37
812195 41 37
813019 45 35
813875 31 26
814066 40 31
814114 50 43
815872 53 40
815965 57 58
815977 62 60
816041 49 40
816104 57 34
816239 53 58
816310 52 39
816383 41 44
816491 43 43
816869 67 39
816974 51 34
817203 68 40
817509 61 43
818056 55 47
818125 53 46
818166 33 37
818233 49 43
818441 58 40
818475 48 31
818585 56 35
818838 72 35
819199 57 49
819352 42 30
819384 53 50
819452 61 32
819642 42 29
819759 35 42
819838 53 47
819868 47 40
819971 30 58
819987 22 39
819997 24 34
820125 27 29
820170 30 31
820331 51 49
820376 44 42
820446 30 31
821065 53 52
821284 54 37
821428 75 56
821486 61 39
821692 62 39
821979 56 29
822470 43 29
822616 59 49
823039 56 29
823919 62 47
824105 53 30
824264 45 44
824790 64 58
825520 74 68
825587 65 61
825914 47 45
826247 39 43
827547 68 17
827552 68 16
828040 60 25
829660 42 34
830266 48 59
830371 44 53
830440 35 50
830719 45 46
830937 41 64
830959 40 50
831038 53 50
831371 33 41
831382 40 39
831527 56 48
831898 56 56
832036 39 42
832307 45 54
832850 34 36
833279 55 62
833609 39 54
833820 46 43
834019 33 24
834042 32 26
834066 36 28
834091 25 32
834111 22 26
834249 27 41
834315 28 48
834417 25 42
834609 44 44
835752 51 45
835764 56 46
835794 39 27
836001 34 57
836112 37 35
836229 45 30
836720 29 30
837116 36 49
837143 37 46
837203 47 43
838004 57 44
838021 66 64
838171 60 49
838311 30 47
838471 65 54
838597 46 61
838657 51 56
838743 41 38
838750 36 38
838774 44 44
838780 48 42
839191 35 45
839411 51 52
839568 43 46
839576 42 40
839953 37 38
839984 47 40
840551 60 52
840611 65 57
841524 27 40
841941 46 43
842019 46 55
842115 46 42
842505 29 44
843282 25 14
843484 54 47
843977 59 42
844248 46 33
844253 47 34
844412 27 25
844421 25 18
844790 47 47
845174 37 43
845234 40 42
845501 49 48
845603 52 44
845704 38 47
845842 56 38
847590 25 21
848291 53 52
848408 50 50
848591 51 43
849246 62 40
850203 52 42
850578 43 45
850980 59 40
851121 67 50
851634 33 48
852002 55 61
852438 33 44
852783 44 48
853207 62 50
853412 71 39
853550 39 34
853751 65 43
854003 45 42
855552 42 42
856125 64 49
856140 47 34
856151 54 29
856167 58 30
856230 14 52
857932 57 52
858040 62 43
858937 69 60
859393 58 48
859801 57 43
860233 61 40
860368 48 34
860409 31 35
861345 56 41
862261 52 57
862750 59 47
863024 59 44
863290 38 39
863920 37 32
865013 76 53
865028 65 48
865243 66 47
865327 55 62
865378 58 49
865495 52 54
865740 48 50
865810 61 31
865930 53 47
866179 51 42
866329 60 49
867049 31 46
867261 51 41
867271 49 38
868282 62 75
869360 78 54
870136 52 44
871152 68 53
871840 59 44
874737 29 28
874766 33 35
874789 35 46
875448 53 43
875851 53 70
875974 63 40
876477 75 52
877937 71 52
878070 53 39
878092 46 39
878114 48 41
878768 57 43
879630 54 37
879845 65 36
879917 44 46
880085 42 46
880293 53 39
880381 41 35
880482 62 52
881004 49 44
881009 51 44
881242 69 42
882044 59 53
882341 46 26
882662 67 52
883250 49 39
883613 61 46
883618 62 49
883768 53 38
883880 55 56
883911 48 46
884052 62 46
884121 50 37
884279 79 52
884859 64 54
885323 59 51
885332 58 47
885401 66 46
886081 89 64
886542 59 33
887115 71 42
887220 53 31
887317 46 44
887412 47 49
887660 41 37
887763 45 40
888059 51 49
888088 36 38
888138 50 29
888237 62 52
888273 58 46
888535 71 48
888639 63 38
888812 66 47
888819 70 56
888873 79 68
888983 56 45
889047 53 35
889107 50 40
889204 51 40
889780 36 30
889923 85 46
890249 73 50
890722 10 50
890755 16 56
890808 54 60
891118 16 60
891129 25 55
891248 60 53
891914 40 41
892732 77 60
892991 15 38
892997 12 38
893761 66 39
893921 47 36
893995 37 37
894885 57 41
895020 71 41
895092 57 61
895107 61 56
895125 61 49
895302 62 42
895464 65 49
895599 56 42
896188 68 43
896200 74 47
896392 49 42
896428 39 45
896481 73 62
896512 77 61
897306 59 41
897751 32 32
897770 33 27
898070 48 43
898170 30 18
898183 30 17
898430 49 48
898460 46 42
898734 48 35
898742 43 32
898796 41 35
899061 61 45
899079 49 39
899110 56 40
899169 42 33
899248 59 49
899272 52 48
899866 78 37
899986 57 36
900021 57 37
900029 60 36
900240 55 38
900336 53 39
900520 36 31
900554 41 46
900644 42 30
900873 18 13
926138 8 64
926145 33 45
926279 13 71
926608 11 15
926790 11 38
926826 4 36
927116 8 40
927142 11 52
927645 8 52
927852 10 50
927905 8 60
928251 4 18
928300 3 14
928314 3 15
