185 10 61
344 10 84
384 29 80
430 22 81
439 16 72
1547 18 103
1562 16 87
1605 17 88
1886 10 90
2150 8 68
2234 18 97
2913 17 75
3012 3 26
3112 9 45
3749 13 44
3877 63 71
4147 27 34
4192 29 79
4817 5 32
4835 5 40
6365 10 77
6381 18 60
6490 46 35
6654 8 34
6975 7 14
8871 5 6
9410 6 39
9725 23 78
9834 20 86
9858 19 75
9870 23 79
9936 20 67
10292 16 62
10299 18 64
10656 19 95
10767 17 97
10788 23 99
10930 16 61
11042 39 68
11081 37 66
11109 25 57
11149 15 64
11161 21 85
11177 24 106
11538 25 82
11798 30 79
12054 20 86
12279 22 95
12330 22 73
12597 27 78
12798 17 78
13016 9 66
13149 24 81
13248 14 85
13287 14 75
13400 21 92
13463 15 77
13488 15 77
14617 26 86
14862 28 80
14905 32 46
14996 20 81
15566 23 63
15635 14 59
15942 33 87
16130 16 48
16245 17 71
16259 23 79
16400 17 81
16679 22 78
16764 21 106
16790 29 127
16977 19 118
16984 20 117
17706 19 58
17766 23 85
17937 22 88
18012 18 81
18144 24 78
18326 24 119
18402 13 77
18682 15 87
18914 24 73
18952 26 60
19000 27 71
19176 15 69
19277 22 89
19728 24 78
19953 21 92
20612 22 61
21685 17 67
21832 14 100
22261 29 79
22276 15 44
23472 26 102
23634 30 72
23691 25 84
24057 26 80
24072 24 88
24129 18 81
24237 17 73
24849 26 70
25102 32 84
25752 24 67
25989 32 85
26085 15 73
26313 26 98
26745 21 98
26931 21 58
27199 20 81
27370 16 87
27421 30 72
27852 10 52
27972 14 51
28160 20 81
28249 25 66
28576 23 81
28720 21 82
28828 22 69
28855 16 71
29167 25 68
29201 17 66
29722 18 80
29884 22 92
29932 15 77
30161 28 93
30190 25 90
30397 27 79
30403 26 74
30721 24 82
32003 21 69
32423 30 95
32840 21 96
33116 27 85
33581 25 109
33667 18 70
33965 29 86
34286 31 87
34511 33 77
34577 26 58
34805 16 84
34847 22 70
34877 37 100
34970 19 78
35339 26 87
35690 19 76
35985 30 79
36000 23 85
36270 25 81
36298 29 88
36800 19 50
36814 22 56
37052 31 64
37148 20 67
37304 28 88
37460 24 77
37866 28 74
38255 20 77
38494 23 68
38699 26 97
39129 22 65
39147 21 71
39284 21 76
39780 33 95
39829 26 74
40389 26 81
40586 25 69
40596 26 67
40620 27 70
40866 26 97
41147 13 70
41166 15 81
41396 16 54
41444 19 50
41487 16 66
41614 25 94
41988 14 77
41998 13 59
42009 14 48
42033 13 46
42039 12 46
42049 16 52
42113 30 72
42161 23 95
42200 22 86
42661 24 75
42800 32 101
42824 26 83
42942 14 61
42974 26 79
43280 19 67
43309 18 76
43364 30 107
45197 32 98
45631 17 66
45714 17 65
45942 26 79
45969 21 89
46354 21 97
46495 19 72
46501 15 73
46570 18 63
46858 73 32
48007 60 22
48313 73 38
49276 76 26
49667 57 30
49977 85 39
50090 51 29
50107 45 25
50562 101 37
50988 65 45
51288 66 32
51759 75 37
51826 93 35
51926 58 28
52156 77 25
52198 80 21
52330 64 26
52342 61 23
52387 71 21
52677 87 38
52962 67 38
53590 76 32
53743 57 25
53880 71 22
53958 74 37
54120 79 22
54255 71 38
54276 68 29
54561 81 30
55191 79 23
55217 100 37
55378 34 23
55388 53 28
56104 85 31
56163 72 33
56347 67 37
56370 63 37
56677 60 32
56831 71 51
57188 70 29
57326 88 39
57738 63 24
57936 70 31
58014 80 28
58321 50 27
58477 63 24
58507 58 32
58583 66 16
58604 65 23
58622 73 24
58650 70 28
58656 62 32
58985 55 21
59127 74 28
59147 91 37
59166 91 35
59275 83 54
59287 76 45
59345 44 25
59357 50 21
59460 86 31
59595 52 41
60309 61 29
60423 64 30
60492 60 28
60565 77 38
61038 64 27
61402 74 43
63431 79 44
63480 79 33
64020 68 47
64325 85 52
65270 53 30
65317 66 38
65474 85 36
65697 86 38
65783 41 23
66188 69 34
66386 46 30
66881 87 36
66965 65 21
67148 66 50
67255 69 42
67844 82 52
67868 96 57
68033 64 39
68553 65 50
68947 69 49
69644 60 42
70371 48 26
70450 45 35
70513 47 36
70902 57 44
71070 46 27
71130 53 32
71200 83 54
71613 63 28
71629 57 23
71661 57 25
71680 63 33
71694 65 39
71763 70 54
71772 72 50
71902 40 33
72102 46 44
72341 54 33
72742 56 38
72862 42 28
72895 45 26
73491 68 32
73582 87 31
73618 59 24
73667 37 23
74290 56 44
74640 52 38
74812 50 45
75238 45 28
75397 54 49
75454 61 34
75473 50 29
75799 85 34
75886 65 40
76424 66 32
76693 50 26
76885 44 16
77050 79 39
77079 70 29
77497 54 32
77822 57 66
78737 58 35
78848 55 36
78905 61 32
78944 74 30
78956 83 29
79037 54 39
79061 61 42
79362 47 34
79614 54 29
79678 51 46
79840 60 30
79873 50 29
80057 42 29
80967 16 93
82606 21 82
82630 18 74
82696 15 67
83085 12 77
83149 10 54
83492 19 91
83509 16 83
83614 22 81
83630 20 63
83686 16 68
83932 22 64
84133 15 56
84531 22 97
84864 33 108
85984 30 84
86062 18 88
86737 12 71
87172 27 77
87547 21 63
88004 24 83
88555 16 74
89156 21 75
89171 13 77
89353 21 59
89388 17 65
89744 25 91
89889 13 74
90143 13 66
90374 16 81
90506 7 57
90820 9 59
90826 11 55
90909 15 83
91408 9 72
91597 27 65
91623 27 76
91631 21 65
92153 26 85
92627 20 103
93026 28 71
93128 11 50
93348 15 88
93820 16 70
93847 19 73
93925 12 98
94055 28 87
94263 17 73
94602 28 84
95065 14 59
95196 25 89
95847 13 68
96495 15 50
96544 10 49
96974 10 64
98684 25 73
99479 11 88
99509 11 93
99770 25 70
99899 36 95
99929 27 96
100489 19 74
100943 20 74
101124 15 57
101250 20 60
101369 17 83
101538 22 94
101916 27 67
102521 28 67
102537 25 72
102576 29 92
103466 19 49
104075 19 59
104270 25 97
105088 20 72
106055 13 71
106258 18 75
106765 22 58
106807 19 64
106834 23 72
107791 14 52
108156 23 84
108204 14 67
108263 18 73
108315 17 82
108414 22 78
108427 24 82
108448 18 80
108453 18 82
108472 15 72
108490 15 78
108568 15 65
108574 16 70
108580 16 71
108625 14 71
108682 24 77
108718 19 77
108748 11 68
108757 13 66
108831 16 56
108856 13 53
108904 12 68
108921 11 73
108940 13 85
108955 14 68
108961 13 73
109025 21 66
109070 20 56
109087 16 77
109132 10 77
109177 19 73
109216 24 67
109222 17 48
109589 22 69
109660 14 69
109744 24 75
110146 14 50
110425 16 74
110434 14 74
110602 17 67
110839 11 45
110887 20 80
110914 27 89
110938 20 79
111476 19 112
111494 18 95
111536 25 78
111550 19 67
111560 16 62
111570 17 61
111714 31 103
111867 13 85
111899 16 76
112198 19 82
112378 19 88
112609 14 76
112720 34 67
112759 34 55
112888 16 83
113086 24 54
113179 17 43
113212 11 50
113330 34 97
113392 16 54
113410 14 42
113440 13 60
113473 13 58
113564 23 92
113731 24 94
114452 14 66
114538 19 71
114701 13 53
114774 23 73
114935 13 42
114955 8 31
115021 10 54
115108 17 63
115345 14 59
115402 13 53
115532 20 89
115543 19 87
115606 23 70
115636 23 56
115728 22 86
115747 20 91
115773 22 73
115915 14 59
116063 27 68
116087 28 65
116166 12 48
116204 10 40
116238 17 67
116280 21 79
116385 19 71
116466 16 41
116504 18 41
116846 12 69
116860 12 69
117264 18 92
117296 18 76
117447 12 64
117646 16 68
117789 20 89
118284 22 72
118302 23 72
118340 19 68
118386 22 74
119037 20 84
119679 22 61
119913 26 81
119949 24 66
119963 27 56
120500 24 67
120534 24 65
120686 12 52
120725 12 69
120828 23 60
120902 20 53
120950 18 68
121113 24 70
121128 28 70
121290 15 55
121313 17 63
121436 20 101
121494 16 78
121647 17 86
121908 20 57
122583 30 83
122778 20 57
123079 15 39
123453 17 56
123609 28 72
124014 22 59
124026 24 64
124122 15 53
124314 17 55
124556 11 79
124944 23 96
124979 17 113
125000 17 100
125072 20 57
125357 19 78
125396 16 53
125426 14 47
125624 25 83
125630 23 87
125648 12 75
125816 17 70
125935 22 48
125996 19 78
126050 10 62
126161 14 56
126260 21 62
126278 22 65
126323 27 55
126473 13 81
126766 10 44
126848 29 43
126858 28 55
126957 27 59
126972 18 38
127015 15 43
127117 8 23
127124 8 36
127136 9 49
127147 8 62
127430 10 54
127491 7 32
127508 5 37
127585 25 92
127680 11 72
127686 12 75
127701 17 74
127707 15 64
127736 17 64
127748 20 73
127773 21 74
127822 18 65
127868 19 61
127873 22 60
127938 23 67
127959 18 65
128112 16 57
128121 17 60
128163 19 82
128190 16 79
128196 19 85
128253 29 82
128277 23 79
128289 21 73
128325 12 68
128340 10 60
128403 15 59
128436 14 67
128454 16 75
128469 14 62
128547 11 66
128553 11 64
128598 21 68
128634 18 76
128640 19 85
128652 21 80
128685 16 57
128701 14 57
128922 13 55
128946 14 67
128968 19 72
129001 23 66
129042 22 71
129105 12 65
129159 13 65
129301 16 54
129309 16 49
129456 18 71
129504 13 59
129516 15 60
129542 18 72
129576 32 75
129599 33 74
129610 25 64
129621 29 67
129631 30 85
129649 25 81
129668 27 80
129675 28 73
129859 20 55
129883 20 63
129936 26 73
130125 20 83
130540 21 76
130636 22 67
132055 18 68
132083 11 73
132235 22 89
132244 21 82
132265 21 86
132532 23 71
132538 24 73
132646 21 79
132781 21 69
133239 22 59
133313 13 60
133361 13 59
133448 21 74
134018 14 70
134422 16 55
134589 12 43
135030 10 56
135063 16 46
135348 16 53
135712 18 42
135925 19 60
136644 27 89
136969 19 80
136989 20 76
137005 25 74
137093 24 55
137177 14 60
137471 10 72
137562 18 72
137732 16 68
137813 21 68
138539 17 62
138551 15 56
138561 19 76
138582 18 67
138665 16 70
138875 19 59
139001 18 49
139103 17 71
139203 24 69
139235 19 56
139454 18 64
139550 18 57
140498 13 68
140522 17 79
140582 23 68
140786 19 86
140916 15 52
140985 24 73
141002 23 75
141014 17 77
141111 13 42
141152 22 66
141290 18 59
141533 26 90
141644 26 67
141804 24 75
142001 20 86
142040 19 75
142097 20 63
142152 22 96
142166 19 97
142175 20 97
142301 9 50
142322 8 42
142448 23 92
142487 15 85
142565 20 83
142625 25 58
142641 28 67
142658 29 68
142697 17 56
142821 30 93
142865 23 95
142922 29 88
142961 19 77
143024 16 56
143072 24 88
143162 12 85
143190 9 69
143420 14 77
143444 14 84
143495 11 61
143571 12 63
143615 11 64
143628 12 73
143810 16 64
143888 12 58
143990 9 19
144108 17 67
144181 13 55
144190 13 57
144200 10 40
144268 11 41
144337 18 76
144371 23 77
144850 33 104
144913 22 64
145047 14 67
145065 15 68
145294 18 80
145417 17 56
146546 26 101
146562 22 103
147013 20 65
147227 31 77
148646 19 90
149498 15 66
149828 17 89
150080 20 59
150484 15 68
150922 15 69
151429 23 85
151495 17 60
151624 25 64
151633 25 63
151732 32 81
151855 23 93
152358 21 56
152479 25 94
177899 9 70
179933 8 69
183791 9 76
185111 3 21
185174 6 5
185201 5 23
186454 15 86
186474 12 97
188748 8 43
191398 7 62
191884 9 67
192647 8 67
193270 10 69
193298 10 65
193678 9 75
195719 10 71
203709 13 108
203922 12 78
204193 9 70
204982 9 71
207084 11 68
207786 8 72
209638 22 46
211705 14 73
211734 14 94
212801 6 43
212821 7 45
212858 7 54
214756 6 50
215638 9 58
216161 6 47
219106 8 46
219475 19 75
219768 11 34
219914 16 29
220096 24 65
220178 17 83
220314 11 44
220338 12 61
220343 12 62
220486 9 65
220550 17 55
221290 15 52
221484 22 63
221790 24 50
222066 25 77
222305 26 60
222908 18 52
224452 14 65
224738 20 85
224937 5 33
225223 19 59
225397 19 34
225544 33 61
225619 27 61
225643 28 51
225754 21 47
226909 22 64
227680 17 59
227807 21 72
228595 17 61
229001 27 75
229023 27 70
229503 9 55
229560 15 49
229632 13 65
229665 11 70
230437 11 53
231218 18 64
231321 31 74
231458 17 55
231489 17 51
232208 23 63
232240 20 62
234321 19 86
234694 14 68
235065 14 74
235169 17 75
235320 20 76
235347 20 92
235393 14 89
235474 16 66
235496 14 58
235530 9 62
235957 23 56
236060 11 58
236261 28 74
236389 10 58
236396 14 62
236440 15 67
236447 25 71
236741 16 58
237297 23 61
237466 26 60
237571 17 46
238080 31 49
238584 18 66
238984 14 61
239434 8 37
239509 22 54
239769 19 64
240399 16 51
241453 14 47
242428 13 66
242659 57 55
243488 13 61
243592 21 93
243692 23 68
244192 14 64
244203 13 56
244229 17 72
244909 22 53
246081 16 52
246582 12 68
246654 19 56
246816 10 65
246918 24 54
247690 9 60
247931 19 52
247974 12 41
248072 21 55
248537 67 17
248576 56 13
248585 60 13
248911 45 23
249002 42 19
249158 65 32
249822 62 27
249993 43 25
250060 56 27
251278 49 19
251323 43 15
251779 71 27
251926 38 16
252049 38 20
252328 30 22
252979 39 23
253267 56 27
253357 59 25
253479 42 13
253548 70 26
254339 64 31
254612 53 36
254672 59 23
255026 40 23
255370 70 21
255771 40 20
257409 47 34
257466 45 26
257640 48 27
257771 59 37
258564 44 25
259106 61 27
259235 36 22
259356 50 33
259368 54 29
259381 56 25
259991 19 12
260084 40 25
260389 68 35
260422 69 37
260480 31 24
260512 31 28
260674 67 36
260790 47 29
260939 44 31
261045 52 49
261651 26 28
261794 58 47
261924 35 33
261975 33 26
261992 41 29
262037 43 32
262110 56 29
262787 36 35
262854 31 41
263397 53 62
263739 35 47
263749 38 52
264207 33 44
264455 36 44
266330 36 45
266941 49 40
266956 38 37
267448 34 26
267589 41 57
268764 26 34
269137 40 36
269306 30 27
269867 39 35
269996 40 36
270057 28 34
270068 35 45
270074 34 44
270620 31 34
271884 35 46
272587 21 19
272720 55 53
273632 38 45
273662 39 38
273731 35 50
274961 37 32
275060 53 77
275071 49 61
276460 43 39
276883 28 35
278936 30 38
278989 43 38
279000 42 39
279011 39 38
279035 22 34
279159 52 47
279257 36 42
279707 24 27
279794 38 32
280077 52 56
280114 47 66
280373 55 46
280603 26 43
282639 39 32
283284 41 35
284050 57 40
284892 40 29
285384 42 35
285737 41 48
287031 44 36
287065 48 36
287073 55 36
287897 32 47
288269 44 45
288288 37 45
288384 50 37
288609 57 42
289043 48 33
289840 25 22
290036 38 13
290333 34 34
290665 50 49
290785 45 44
291085 45 35
291319 43 30
291329 47 31
292966 40 29
293083 48 45
293326 54 45
293365 44 44
293371 36 44
293806 58 47
293813 52 41
293889 24 26
294221 38 21
294282 45 29
294518 41 33
294929 52 38
295488 35 42
295528 51 37
295601 43 31
296161 32 32
296465 23 37
296750 36 30
296870 35 38
296903 35 38
296945 46 38
297119 42 50
297155 47 48
297345 45 55
297437 40 32
297617 41 31
297642 56 47
297668 31 37
297674 30 38
297765 32 21
297923 64 35
298028 30 30
298824 39 41
298850 34 30
299017 42 38
299320 32 41
299540 41 45
299716 37 27
300134 35 36
300232 51 40
300272 56 37
300557 46 38
300656 43 42
301292 38 37
301684 40 45
302385 27 42
302643 20 26
302663 20 25
303974 41 39
304074 35 31
304865 41 23
305030 25 29
305560 60 37
305806 35 42
305953 42 36
305983 50 48
306076 35 43
306301 30 22
306589 40 36
306739 52 54
307004 49 39
307058 41 17
307163 43 43
307394 36 36
307819 40 33
307971 39 29
308269 33 29
308643 35 39
309011 26 35
309281 39 47
309461 37 43
310592 34 31
310983 32 34
311063 52 34
311773 41 40
311798 53 42
311934 45 27
311940 47 28
312018 38 40
312091 35 42
312430 41 35
312778 50 50
314632 49 40
315187 39 28
315588 49 54
315717 45 53
315726 42 42
316293 32 37
316922 39 35
317232 36 43
317679 34 34
319171 44 30
319695 56 43
320029 39 35
320121 32 37
320506 34 51
320520 33 53
320528 26 42
320593 41 38
320758 31 35
321886 39 41
322759 38 31
322906 39 36
322918 44 42
323686 58 37
323976 35 24
324013 51 40
324254 36 39
324287 28 35
324331 39 40
324396 44 42
324627 25 23
324718 37 24
324921 22 14
325629 34 36
325669 47 36
325824 59 44
326688 40 41
326896 27 24
326963 65 42
327295 49 49
327350 62 50
327851 44 29
328773 36 36
329319 44 35
330303 49 35
330675 35 41
331061 31 21
331382 36 52
331399 44 48
331447 43 50
331694 42 33
331852 37 47
331936 21 20
331978 25 16
332080 49 38
332168 34 36
333761 48 41
333926 47 30
334295 28 30
335271 36 27
335859 33 58
335883 34 59
336325 55 48
336947 39 36
337100 39 31
337150 39 27
337580 42 51
337771 39 55
338149 44 43
339748 25 30
339858 32 33
340254 40 41
340463 44 32
340488 35 28
340670 58 40
340738 57 53
340802 43 34
340908 37 34
340918 35 33
341042 42 29
341101 36 40
341389 35 52
342172 30 17
342255 57 35
342463 40 34
342711 41 34
342717 35 34
342753 31 22
342855 33 40
343275 40 36
343644 54 51
343863 27 25
343960 37 44
343997 42 43
344028 48 41
344043 38 38
344439 48 26
344626 40 31
344636 47 37
344740 28 30
345352 36 34
345765 34 33
346267 32 31
346393 26 35
346848 39 30
346998 51 47
347009 50 46
347105 45 29
347987 40 26
348491 19 19
348566 19 12
348791 35 25
349003 37 22
350098 46 12
350128 49 11
350508 54 14
350530 54 14
350578 48 18
350749 54 19
350833 82 25
350894 93 19
350902 80 17
351054 45 18
351228 66 16
351235 66 17
351460 72 21
351565 63 14
351857 74 19
351925 56 13
351949 66 12
352036 70 23
352120 59 21
352603 34 15
352999 78 24
353296 64 17
353525 60 17
353540 60 14
354621 52 10
354928 59 16
354963 61 12
355044 54 17
355049 56 16
355289 54 15
355497 60 19
355560 66 28
355908 49 14
356349 40 8
356577 59 17
356880 53 24
357856 61 18
359157 52 13
359248 56 10
359975 62 16
360637 90 21
360841 55 17
361086 48 20
361134 55 22
361345 66 22
361595 48 10
361694 63 16
362312 63 19
363040 45 17
363130 50 24
363376 48 14
363422 60 21
363799 51 10
364184 43 11
364231 46 8
364277 48 7
364758 57 21
365137 63 21
365505 57 26
365640 35 13
365704 52 15
365817 73 20
365829 71 19
366033 50 19
366195 62 24
366603 55 18
366888 71 23
368328 73 39
368823 44 29
369676 37 23
369847 42 21
369860 32 17
369976 15 16
370046 50 36
370079 46 32
370245 32 22
370601 41 19
370736 53 31
371102 35 26
371245 25 14
371289 41 17
371309 46 22
371554 60 38
371881 40 35
372433 41 23
372520 67 36
372935 61 22
373077 38 16
373214 41 29
373454 40 26
373928 54 33
374492 38 19
375516 56 37
376171 51 32
376706 51 34
376787 38 32
376943 48 25
377324 55 37
377993 36 18
378242 35 21
379066 48 23
379114 52 36
379354 41 31
379483 38 30
380749 53 36
380773 49 34
380848 40 32
380965 45 29
381040 52 23
381774 11 53
382764 10 68
382892 13 49
383164 9 69
383218 12 62
383986 14 61
384711 10 64
385203 9 57
385321 16 52
386963 8 60
386973 8 72
387188 13 65
387198 15 65
387229 16 66
387257 10 62
387318 8 42
387480 12 72
388080 14 51
388218 12 76
388374 14 68
389586 9 67
389767 7 50
389793 9 68
390137 8 54
390324 14 80
390348 16 70
390470 14 54
390479 14 50
390824 12 63
390863 14 70
390924 7 63
392266 20 67
392673 14 45
393439 25 77
393451 24 69
393742 15 69
394726 18 70
394774 20 81
394813 27 68
394819 26 70
394933 12 37
395046 21 49
395246 15 58
395265 12 39
395309 19 46
395467 11 53
395725 17 59
396706 18 81
396778 22 65
396856 15 47
396957 20 78
397096 8 32
398287 14 55
398822 15 67
399268 11 49
399415 16 62
399535 15 38
399709 17 56
399979 12 50
400012 21 45
400775 14 53
400900 23 56
401350 22 35
401389 6 8
401499 9 49
401554 8 49
401582 13 53
401660 8 45
401775 16 64
402039 12 45
402525 10 24
403747 15 46
404050 2 11
404778 18 59
404784 16 60
405817 19 67
406439 19 65
406841 7 61
406974 19 59
407157 19 61
407502 15 50
407526 16 51
408033 17 63
408183 20 55
408246 17 60
409449 21 65
409485 17 64
409741 12 70
409911 14 49
409920 12 47
410857 19 59
411268 19 64
411319 14 55
411328 14 58
411361 14 37
411370 14 42
411487 17 77
411937 12 62
411994 8 50
412864 12 69
412924 17 71
413081 18 54
413256 18 48
413355 20 64
413731 9 34
414909 15 69
415116 12 59
415374 17 47
415389 18 47
415434 23 60
415684 24 60
416084 8 50
416676 18 77
416911 14 64
417036 8 52
417331 8 54
417460 9 51
417549 20 83
417626 12 69
417730 17 69
418027 15 65
418363 9 51
418982 12 64
419228 25 74
419299 13 58
419405 15 66
419441 12 57
419691 12 57
419723 16 53
420134 19 47
420191 20 71
420213 15 59
420386 22 68
420536 20 50
420593 17 76
420724 13 58
420911 11 66
420986 14 74
421307 11 49
421487 11 57
421772 19 62
422219 16 47
422228 17 60
422288 15 74
422955 13 59
422996 23 71
423008 22 70
423602 13 51
423996 14 57
424407 15 60
424791 20 82
424836 18 69
424905 10 42
425390 22 71
425856 11 38
425868 11 48
425953 12 83
426321 16 58
426363 13 41
426756 20 60
426838 15 49
426871 23 60
426892 18 58
427108 17 50
427170 11 42
427650 17 56
427734 16 73
428234 35 56
428515 14 54
428592 11 68
429240 34 38
429811 32 32
430110 30 39
430131 29 38
430359 28 38
430539 22 41
430669 26 24
430893 50 41
431151 38 41
431189 34 31
431220 27 38
431687 24 32
432698 34 35
432756 29 27
432808 22 24
432814 26 26
432822 27 31
432944 35 44
433340 31 36
433627 37 33
433716 33 31
433762 31 32
433853 35 44
434057 25 41
434502 27 34
434589 48 43
434616 38 39
434994 22 33
435057 44 47
435775 35 32
436507 39 31
436567 36 27
437017 40 40
437329 39 37
437560 24 41
438251 31 34
438304 46 41
438595 48 35
439237 36 34
440048 38 39
440173 36 39
440297 39 31
440826 48 49
440975 37 50
441031 41 39
441569 29 40
441707 29 38
442087 34 42
442583 36 28
442829 37 38
443291 29 22
443378 28 44
444183 43 53
444888 35 33
445255 42 36
445271 46 36
445332 40 41
445451 39 45
445755 36 43
445795 37 41
445912 56 48
446099 31 36
446182 40 49
446428 38 40
447837 33 34
447942 35 42
448071 40 50
448206 37 46
448878 53 43
449244 39 34
449838 32 29
449876 27 25
450163 30 47
450849 34 24
450913 35 35
451113 28 26
451246 32 30
451491 34 34
451551 26 32
451812 17 28
452221 18 20
452229 21 24
453495 37 42
454623 53 42
454934 52 38
454980 60 38
455141 32 27
455282 53 32
455304 38 29
455679 47 37
456592 33 58
457099 27 36
457106 28 34
457363 46 52
457402 37 34
457513 34 46
457606 34 45
457726 29 37
457759 31 36
457819 25 40
458479 32 39
458544 40 43
458592 33 53
458705 41 49
458802 40 60
460161 39 38
460302 23 51
461465 36 39
461570 41 41
461717 36 48
461750 37 41
462425 25 40
462812 35 39
463499 35 44
463509 38 44
463649 45 53
463709 60 41
463871 22 38
463987 47 44
464102 31 47
464354 41 44
464466 47 67
464623 35 45
464642 30 47
464684 44 44
464801 39 58
465137 27 31
465149 26 32
465427 36 40
465588 35 40
465825 43 53
468333 16 26
468615 25 30
469492 36 30
470325 36 37
470344 26 35
470476 34 45
470596 54 54
470699 49 39
471902 48 25
473207 50 43
474018 26 19
474096 35 30
474950 42 28
476773 39 36
476823 42 48
476835 40 46
477530 47 38
477596 44 49
477667 35 48
477679 29 36
477702 36 32
477908 51 56
478010 31 45
478264 59 43
478329 48 36
478340 48 42
479146 24 26
479210 28 20
479230 35 38
479331 57 55
479349 51 54
479757 41 37
479853 40 41
480057 36 27
480162 38 46
480180 42 47
480571 46 53
480831 36 46
480892 29 24
481317 52 39
481353 48 40
481464 56 35
481784 33 36
482239 49 43
482472 40 45
482491 33 42
482882 31 46
483537 35 36
483615 42 35
483670 31 50
483708 34 41
484125 55 53
484161 51 52
484194 51 50
484204 46 43
484240 42 36
484258 29 23
484319 30 37
484332 37 53
484442 35 32
484871 25 41
485403 43 49
485642 37 36
485684 25 38
485703 44 48
485773 54 46
485798 45 53
486038 38 32
486188 42 48
486248 36 53
486272 42 36
486429 42 49
486440 41 45
486493 30 38
486551 37 31
486728 43 53
486953 35 51
487058 21 25
487868 33 39
488301 40 28
488526 24 29
489134 49 46
489887 33 31
489970 38 45
489988 40 50
490226 36 24
490383 35 36
490574 54 60
490673 26 31
490878 26 42
491672 43 46
492583 25 19
494766 34 44
495391 23 46
495616 34 53
495709 38 52
496536 35 61
496604 23 45
496660 30 41
496783 20 53
497098 19 41
497446 34 35
497707 30 38
497966 28 31
497982 31 43
498222 41 71
498308 39 36
498585 34 54
499142 16 47
499172 30 51
499223 25 36
499337 21 27
499765 28 48
499982 47 44
500438 31 41
500516 24 39
500936 36 46
501546 24 31
501651 35 64
503290 30 51
504149 37 47
504191 40 43
504678 29 26
504685 29 29
504876 43 55
505050 33 43
505203 38 40
505630 30 65
505652 31 59
505675 40 65
505936 41 81
505942 37 76
505988 37 70
506412 20 35
506466 41 45
506524 31 45
506613 36 34
506767 32 23
506829 29 41
506899 54 46
507275 41 35
507825 44 57
508106 46 47
508115 47 60
508154 46 55
508170 48 51
508387 34 35
508439 54 36
508501 40 46
508570 31 52
508786 42 31
508844 40 55
509450 41 58
509717 39 44
509816 38 45
510020 33 41
510029 29 39
510104 38 47
511088 29 45
511985 31 48
512111 43 54
512126 40 44
512147 42 42
512330 31 32
513189 25 30
513390 30 29
513396 30 31
514128 46 40
514440 25 34
514561 38 43
514652 26 25
515261 46 45
515557 45 33
516079 58 36
516421 29 30
516952 39 46
516977 45 41
517111 43 63
518070 42 42
518080 30 40
518231 38 38
518324 39 44
518447 43 50
518867 41 54
519021 29 32
519241 45 40
519332 31 31
519701 45 40
519791 39 36
519846 43 53
520178 38 34
520463 46 60
520544 33 37
520604 38 40
520700 46 46
520846 31 42
521124 27 42
521169 24 40
521289 43 53
522784 43 45
523064 36 46
524027 26 23
524078 39 43
524210 26 35
524414 30 47
524447 32 37
524576 25 49
524603 25 44
524934 43 59
524980 28 37
525278 29 47
525428 29 49
525450 23 44
525538 33 42
525591 37 34
525612 33 24
525732 38 48
525768 42 46
525840 37 41
525912 19 34
525973 29 31
526187 36 39
526565 32 51
526766 29 42
526871 29 29
527102 44 43
528040 31 50
528226 29 41
528739 37 56
528904 34 51
529229 49 46
529280 40 50
529519 27 39
529641 26 45
529702 28 45
535331 16 29
535336 16 29
535499 34 29
535586 32 23
535753 46 65
535860 31 44
536542 36 44
539345 28 47
540542 32 37
540568 30 30
540807 42 37
540821 44 39
540994 49 57
541543 42 61
542357 22 46
543277 41 49
543599 29 45
543900 39 40
545522 54 58
545631 46 47
545765 45 47
545822 42 52
546099 33 36
546159 38 31
546450 54 36
546483 36 39
548449 42 38
548506 46 43
548512 50 53
548793 24 42
548811 23 44
549185 31 39
549197 34 41
549251 37 46
549736 4 31
549792 5 27
549808 13 33
549847 15 84
549924 51 51
550110 19 54
550115 17 57
550151 8 31
550189 9 57
550266 18 80
550420 31 42
550521 25 49
550606 32 42
550789 33 24
550875 44 40
550955 38 37
551047 34 36
551884 45 47
551998 38 32
552514 20 44
552909 23 29
552970 22 26
553023 37 44
553111 54 39
553123 72 39
553159 91 37
553188 62 44
553221 20 63
553234 6 52
553339 28 37
553404 38 35
553614 3 14
554280 10 44
554403 12 43
554454 11 43
554493 11 28
554506 12 29
554529 27 30
554577 38 28
554584 40 27
554600 48 32
554704 20 42
554734 8 36
554837 22 49
554844 30 46
554849 37 45
554874 50 43
555023 26 39
555268 16 34
555282 16 35
555409 6 20
555419 6 19
555801 9 54
556062 32 17
556075 23 16
556466 21 27
556532 29 42
556741 42 36
556760 43 43
556948 47 44
557262 41 65
558024 45 52
558237 38 63
558378 35 44
558952 25 39
558962 31 38
559601 44 44
561402 33 23
561625 42 40
561812 38 39
562397 45 50
562622 44 66
563168 57 63
563380 31 44
563797 33 42
564130 42 55
564256 46 52
564454 37 53
565306 35 41
565382 51 50
565397 46 39
566032 40 51
566041 48 46
566131 25 29
566149 29 31
566176 31 42
566420 49 56
566533 31 56
566596 40 39
566686 48 48
566972 35 36
568476 47 57
568494 47 53
569174 36 61
569498 39 41
570173 33 64
570391 49 38
570538 45 50
570603 30 43
570888 36 64
570954 53 67
571095 26 43
571670 38 51
571887 40 53
572007 47 47
572798 36 46
573052 37 35
573231 41 43
573261 42 33
573267 43 29
573572 34 42
573913 40 33
574112 40 41
575594 41 50
576505 41 46
576649 48 44
576739 43 50
576973 44 47
577000 36 42
577294 30 38
577477 45 36
577533 37 68
578627 34 53
579329 31 33
579699 26 39
579761 29 44
580028 32 44
580928 9 23
581130 6 23
581641 2 10
581796 18 17
581937 22 34
582032 12 38
582136 6 28
582149 4 32
582410 43 42
582458 57 35
582543 50 43
582596 19 59
582663 13 48
582670 14 37
582718 38 30
582741 38 32
582754 45 32
582765 47 38
582793 42 31
582844 16 32
582931 4 33
582940 6 36
582967 21 34
582976 41 46
583026 46 35
583358 21 12
583432 25 15
583633 17 14
583843 4 34
583890 3 25
583902 7 34
583925 22 35
583947 46 33
583983 49 35
584001 43 42
584026 30 58
584084 6 51
584152 5 39
584224 5 29
584652 14 24
584702 24 31
584751 49 74
585376 43 46
586375 57 41
586395 41 44
587108 36 35
587240 43 50
587657 45 46
587884 30 37
587974 54 57
588002 57 58
588276 51 56
588433 59 47
588671 55 47
589209 33 35
589482 36 48
589638 37 44
589659 31 38
589896 31 53
589965 34 59
590109 41 26
590634 46 36
591723 31 47
592027 37 42
593196 48 32
594394 34 45
595789 33 41
597007 52 43
597077 62 35
597234 71 53
597271 53 36
597928 43 37
598790 56 42
598956 40 39
599174 55 44
599486 60 37
599998 54 48
600078 47 40
600499 37 47
600584 45 46
600798 26 36
600959 28 41
600986 22 36
601059 38 33
601273 43 43
601586 15 91
601591 21 93
602246 31 42
602422 30 37
603307 43 35
603496 42 54
603630 30 28
604060 28 45
604229 45 62
605008 56 51
605187 44 53
606082 39 60
606179 34 40
606462 36 55
606495 33 47
606769 41 69
607160 38 45
607210 45 46
607418 50 49
607482 38 40
608098 33 41
608374 25 30
611024 41 63
611037 44 62
611105 47 36
611276 41 53
611291 38 59
611309 38 56
611335 37 60
611361 29 45
611917 32 40
613495 49 58
613557 56 62
614044 41 44
614376 35 59
614683 7 43
614736 16 44
614868 16 51
614985 22 44
614990 10 60
615016 30 61
615039 25 75
615114 17 55
615120 21 48
615237 10 53
615262 8 65
616151 29 36
616884 37 39
617124 40 57
617901 30 44
617913 25 40
618099 59 46
618186 28 44
618211 28 34
618658 26 29
618693 21 21
618771 43 41
619205 48 69
619540 32 41
619800 47 34
620302 28 43
621494 36 49
621844 32 46
621905 26 32
622017 50 66
622166 38 57
624459 32 45
624636 38 45
624711 60 59
625275 37 63
625889 36 40
625973 52 69
626003 37 66
626054 40 46
626280 38 69
626438 35 35
626452 34 32
626650 31 58
626809 40 61
626863 34 40
627122 34 72
627726 36 51
629637 39 49
629911 31 52
629951 39 44
629977 32 38
630275 28 31
630664 21 37
632648 29 63
632666 35 53
633121 42 75
633725 48 57
634262 32 43
634806 20 31
634916 30 48
634939 29 51
634977 28 48
635215 40 56
635648 31 46
636207 37 42
636241 38 46
636401 27 66
636436 30 52
636469 31 43
636917 24 51
637042 44 52
637079 41 74
637324 36 48
637366 41 58
637740 31 57
638325 59 55
638967 34 45
639552 38 53
639612 27 62
640098 56 58
640890 38 55
641258 36 81
641391 29 34
641430 33 53
642006 34 47
642345 41 83
643548 38 49
643995 29 37
644263 23 38
644766 37 68
645271 41 39
645409 31 35
645527 25 9
645573 25 15
646284 32 36
646302 42 42
646510 36 42
646926 39 58
646963 24 43
647118 55 59
647124 57 66
647441 43 40
647519 35 50
647977 44 66
648152 47 38
648374 29 47
648770 29 48
648998 51 53
649340 30 55
650351 22 23
650441 34 31
650453 36 41
651047 36 36
651099 24 27
651256 52 56
651286 52 47
651610 46 57
651770 27 37
651955 42 54
652279 44 53
652579 71 58
652588 65 63
652879 60 47
652975 40 31
654509 45 69
654536 43 65
654687 37 51
654716 33 51
654851 44 50
655935 64 59
656104 31 35
656130 43 39
656472 45 40
656540 60 61
656562 57 69
656601 35 50
656784 35 37
657042 36 42
658085 74 13
658642 73 10
658706 93 16
659331 79 6
660442 40 48
660563 36 56
660591 26 46
660660 44 45
660792 40 65
661172 46 84
661446 20 40
661616 58 57
661706 48 57
661925 59 80
662297 48 50
662318 47 61
662774 45 63
662852 38 48
662879 38 45
662906 58 65
662952 57 72
663125 44 62
663185 36 53
663292 47 57
663494 38 48
663541 38 62
663974 51 64
664043 36 39
664577 43 49
665375 52 49
665426 46 61
665447 49 63
665552 35 69
665711 60 68
665914 31 42
666046 51 62
666154 57 50
666335 57 68
666898 41 55
666955 37 37
667031 45 42
667049 45 54
667937 64 14
668060 89 22
670104 48 18
670368 58 17
670768 82 26
671170 54 23
671244 81 22
671635 61 24
671753 55 26
672646 66 24
672769 69 22
672824 67 21
673091 59 24
673152 61 14
673399 47 29
674323 84 36
674601 120 41
674695 78 20
676352 79 25
676451 76 35
676592 71 22
676978 68 16
677550 49 16
677595 73 23
678238 65 23
678312 55 21
678413 69 22
678594 46 22
678971 72 30
679190 81 29
679583 83 29
679722 73 26
679872 88 23
679964 73 22
680183 66 20
680228 73 19
681084 100 14
681465 104 10
681630 63 8
682519 92 23
682796 63 13
682980 87 16
683153 71 18
683165 78 20
683174 75 23
683241 100 16
685232 81 14
685326 118 17
685415 77 18
686292 68 24
686422 104 23
686479 102 19
686739 95 31
686775 84 27
686844 75 13
686931 96 16
686992 90 18
687416 62 48
687432 89 65
687452 136 95
687465 197 18
687483 145 31
687507 30 108
687519 19 67
687524 69 12
687533 64 12
687645 120 19
687873 107 24
687996 84 13
688062 78 15
688266 65 17
688578 87 19
689069 82 15
689389 78 13
689493 82 16
689941 85 19
689980 94 15
690267 93 16
691646 93 20
691884 59 13
692521 80 56
692545 78 55
692809 70 33
692857 60 38
693299 59 15
693314 67 25
693418 53 47
693637 43 26
693865 47 46
693964 34 24
694329 54 48
694977 61 43
695160 41 33
695439 43 28
695469 53 29
695499 64 42
695788 55 49
695793 60 48
696275 38 35
696315 25 33
696350 38 24
696463 57 48
696658 27 42
696685 28 46
696793 33 36
696815 36 23
696867 15 11
697237 36 37
697430 42 35
697853 55 37
697895 52 37
698036 49 38
698132 70 34
698687 62 41
698765 84 49
698922 39 36
699473 47 37
700013 38 53
700253 36 39
701000 47 43
702217 30 42
702226 36 40
702665 70 57
702734 41 50
702758 32 48
702782 29 41
702788 24 38
702821 54 33
703343 16 86
703346 32 74
704741 28 27
704795 33 39
704804 36 49
704816 27 47
704995 18 30
705006 20 28
705310 32 41
705420 46 44
707130 43 50
707152 52 64
707247 47 48
707570 48 61
707641 49 33
707656 42 28
707694 46 33
707886 55 41
707918 53 56
708151 45 29
708200 62 64
708221 51 59
708237 45 51
708265 42 39
708385 37 41
708423 35 33
708477 42 44
708533 41 44
708776 37 38
709019 45 40
709053 42 46
709157 47 66
709220 53 67
709274 42 40
709384 20 40
709433 34 44
709471 29 67
709547 27 77
709984 41 60
709999 26 54
710213 50 46
710227 61 50
710234 55 47
710253 59 48
711012 66 37
711027 64 41
711045 51 40
711084 40 44
711125 36 37
711141 37 34
711576 46 54
711619 36 35
711794 46 36
712575 73 58
712710 43 46
712835 67 66
712935 34 50
713136 79 91
713256 30 32
713340 60 57
713460 47 53
713514 48 42
713530 43 42
714758 52 46
714796 39 40
714873 51 50
714960 37 46
715170 35 44
715188 37 39
715514 50 52
716669 56 53
716677 55 45
716722 49 46
718026 71 48
718041 59 44
718635 52 82
718901 47 59
720074 54 50
720988 54 60
721050 44 35
721163 56 89
721234 60 68
721297 55 46
721535 65 45
721639 66 49
723261 47 31
723266 43 31
723425 70 61
723446 47 51
723530 55 60
723760 46 40
724516 49 48
724798 41 48
724825 70 73
724937 57 48
724957 53 51
724980 50 46
725002 54 48
725014 63 60
725020 58 65
725048 47 58
725083 52 67
725098 55 46
725441 52 50
725516 40 42
725829 74 72
726305 57 39
726310 58 36
726455 56 49
726484 47 49
726491 48 51
727099 44 48
727773 36 35
727883 34 33
729217 74 48
729495 41 43
729536 45 37
729544 40 36
730080 51 36
730144 40 35
730403 43 40
730561 54 36
730900 61 52
731006 55 52
731107 47 36
731318 55 40
731947 48 47
732010 45 31
732030 48 27
732220 70 40
732446 70 33
732574 50 36
733238 70 49
733455 33 29
733759 25 23
733836 45 32
734227 57 36
734295 56 40
734456 67 59
734506 75 62
735039 45 52
735066 48 56
735178 60 43
735634 64 44
735879 61 51
735942 43 35
736075 70 47
736427 67 47
736494 72 55
736771 61 42
736809 42 38
736840 26 38
736845 22 33
736851 20 31
736890 47 48
736905 60 49
736950 62 40
737201 60 43
737213 57 52
737225 62 57
737307 57 47
737436 28 30
738154 58 50
738213 52 44
739242 68 36
739710 54 53
740202 62 42
740300 81 50
740501 71 37
740547 57 47
740553 57 48
740728 48 54
741109 58 37
741228 76 42
741308 57 42
741373 59 36
741410 52 34
741424 46 35
741794 44 45
741881 63 57
742002 56 39
742033 54 44
742278 65 44
742351 56 50
742519 45 48
742527 51 49
742616 49 30
742679 58 41
742735 55 36
743461 59 45
743591 37 34
743745 48 41
744013 52 41
744262 39 47
744410 65 62
744443 52 39
744486 59 38
744570 61 47
744658 59 42
745150 58 31
745349 85 44
745533 74 43
745680 59 46
745693 62 50
745874 65 46
746107 69 52
746175 76 40
746197 67 38
746221 54 36
746233 58 40
746436 90 75
746557 45 31
746602 46 43
746621 46 32
746686 97 64
746704 96 62
746772 70 52
746878 65 40
746899 62 38
746934 65 36
747024 56 30
747227 51 41
747263 58 57
747294 63 56
747507 55 50
747582 61 49
748047 61 45
748297 72 54
748542 56 50
748743 43 33
749103 60 45
749265 78 48
750100 59 46
750297 65 56
750767 53 41
750946 64 41
751107 51 33
751531 52 51
751938 49 41
752006 58 47
752089 67 35
752204 48 28
752354 82 47
752398 61 41
752514 74 43
752675 64 41
753278 63 29
753739 31 34
753875 35 29
754018 52 43
754370 41 35
754449 7 48
754562 50 35
754727 26 19
754776 41 25
754803 41 29
754831 32 24
754857 14 15
754978 29 16
755028 42 37
755322 17 38
755364 22 42
755403 17 83
755460 39 63
755731 30 18
757426 75 17
758389 19 9
758676 20 21
758737 56 29
763439 6 40
763619 22 58
763760 4 22
763783 30 26
763871 28 48
763906 7 38
764034 5 38
764288 9 30
764294 10 31
765283 7 39
765517 3 23
765522 4 17
765533 7 30
765538 4 35
765545 8 36
765561 7 31
765572 7 40
765616 10 56
765621 7 59
765633 7 62
765763 8 38
765770 9 43
765785 16 52
765800 48 68
765827 25 136
765865 19 128
766085 21 109
766087 44 76
766092 18 89
766170 28 35
766181 7 51
766207 5 25
766250 4 27
766691 4 10
766703 3 8
