87 11 25
216 9 66
297 10 63
352 7 51
405 34 47
462 38 39
497 42 44
668 25 32
1328 39 37
1480 61 41
2565 60 43
2966 34 45
4191 51 36
4671 31 41
5314 68 48
8968 53 53
9824 27 28
10035 44 57
10082 42 32
10179 51 53
12561 47 37
13687 27 29
14144 35 33
14835 32 36
15285 49 45
15709 44 44
16053 47 47
16078 57 53
16291 45 56
16912 37 29
16958 39 42
17137 43 25
17372 47 38
18043 50 39
18090 46 41
18241 62 39
19214 33 45
19322 60 63
19367 47 59
19530 44 38
19714 32 40
19851 37 48
19886 35 36
19904 36 41
19953 24 37
20024 48 47
20274 27 36
20362 51 66
20473 44 54
20551 34 46
20967 37 46
21036 45 45
21101 55 64
21307 59 53
21857 46 69
22170 42 54
22776 34 47
22902 59 56
22933 60 58
23090 50 53
23753 47 61
23832 41 54
24794 56 65
26579 19 98
26868 12 72
27254 14 69
27704 10 53
28139 13 84
28162 11 73
28414 11 62
31429 15 94
31960 21 97
32393 14 69
33298 14 83
33344 23 90
39532 13 59
41856 10 83
44161 17 70
46467 15 45
46733 16 59
46803 34 77
47909 35 75
52742 20 49
53296 30 75
53999 18 72
54736 16 52
54747 16 57
54916 22 36
56865 18 55
57231 29 66
58199 24 63
60009 19 63
60229 22 42
60704 23 54
61432 19 58
62809 20 52
63121 20 43
64111 18 64
64138 18 82
64189 18 74
64608 25 77
65482 30 89
65836 30 67
67962 26 92
71594 24 68
72290 24 41
77712 19 29
79081 43 45
79137 39 37
79247 29 56
79324 40 44
80340 29 43
80950 48 48
81747 41 43
82195 44 37
82735 43 45
83172 3 22
83304 24 27
83713 51 68
84238 19 26
84705 33 56
84976 37 53
85145 46 36
85300 28 43
85348 46 48
85850 39 47
86395 39 32
88225 41 59
89122 25 34
91226 44 71
91257 41 65
91365 33 49
91551 46 64
91771 46 60
91987 50 65
92114 36 38
92418 32 29
92574 34 44
92944 41 50
93326 37 56
93346 52 64
95011 45 47
95884 31 43
96267 43 44
96321 31 45
98671 20 50
98802 29 50
98946 24 59
98956 24 66
99839 24 35
101009 41 54
102027 74 8
110733 52 56
112077 35 36
113156 44 37
113315 27 20
113426 36 45
113482 45 41
114594 43 57
115053 49 51
116024 41 42
116598 30 33
118464 37 40
118844 23 25
118913 51 49
121593 33 36
124016 33 35
124562 34 40
129094 43 50
130288 39 30
131983 46 37
132838 24 45
134039 24 53
135944 22 36
137300 36 59
137533 36 54
141736 31 48
142101 34 45
142129 29 45
142378 27 47
142546 44 59
142710 17 52
144224 39 69
147777 52 40
149622 28 55
150634 26 34
150918 34 53
151099 54 46
151248 17 40
151880 28 36
151886 31 42
151976 40 53
152222 22 43
153186 38 56
155027 26 33
155268 30 39
156695 36 45
157409 27 27
158118 50 57
158828 22 34
159233 23 39
159416 36 40
159938 28 44
160062 53 50
161802 34 45
163805 35 43
164055 35 42
164318 31 35
165768 25 57
172376 21 21
173719 28 53
179372 11 38
182674 67 19
182705 70 24
183999 62 23
186547 57 8
187067 56 19
188456 58 7
188578 49 8
188827 58 13
189469 58 17
189523 62 10
189683 61 9
190800 46 19
192263 73 14
194106 71 13
194445 40 10
194551 61 9
194759 62 9
195681 41 15
196154 70 10
197179 64 7
197445 68 16
198121 52 13
198780 87 14
199132 63 13
200254 60 5
201001 49 7
202683 74 16
203786 39 7
203819 65 10
204353 57 9
204724 60 10
205137 57 8
206319 68 13
206371 49 15
206505 95 10
206587 75 14
206661 54 7
206807 69 14
206926 61 9
210862 66 10
211022 54 18
211213 62 17
212022 77 12
215961 67 19
215999 81 13
216020 86 13
216164 74 13
216524 84 18
216919 38 9
220553 51 18
220580 60 21
220668 65 16
222145 61 19
222518 51 13
222711 31 15
223721 62 19
223856 65 24
224315 48 16
224727 62 19
224885 67 20
226810 42 15
227408 41 10
228299 49 17
229238 59 14
231935 69 34
233721 34 29
235044 39 20
236195 36 23
237364 46 12
237410 46 11
237696 50 15
237709 45 15
237824 52 16
238181 58 17
238439 72 10
242002 37 13
242841 45 25
245083 32 41
245816 33 42
246676 27 38
246866 38 66
251344 52 53
251569 19 36
251969 24 48
254057 31 36
255951 25 24
257164 38 48
259685 31 36
259735 39 31
260550 31 44
264849 32 34
266681 34 27
268460 24 24
269570 26 37
273563 32 28
273997 47 35
274136 21 22
274156 34 33
275509 46 31
275780 30 26
276026 30 30
276636 36 35
277457 6 22
278565 44 46
278664 27 37
281839 43 42
282632 24 23
283289 29 36
283884 21 25
284447 43 46
285213 35 44
287661 31 29
289107 26 20
293522 28 29
295454 33 13
297762 34 19
298016 38 36
298397 45 30
299368 50 22
299752 35 22
300373 45 22
300385 42 24
301284 38 32
302030 42 28
302393 45 25
303516 11 12
304000 30 23
305558 37 37
305820 40 21
306464 31 15
306900 39 27
307719 40 20
308543 32 34
308577 26 19
308652 45 29
308874 34 27
308889 23 24
308996 35 20
310687 32 20
310849 21 17
311819 39 29
312907 27 25
312924 29 26
314155 41 28
314229 49 29
314286 29 21
314586 36 26
315197 43 32
315265 41 30
315680 34 24
316995 44 31
317327 31 21
317675 44 29
317760 34 26
319165 37 29
320208 40 31
322481 41 23
322659 34 31
329093 54 34
330190 42 21
333542 44 39
333781 34 28
334949 42 29
336113 40 25
338999 32 35
339574 42 29
340696 35 15
343725 30 25
348828 5 14
350329 39 37
352613 38 13
353277 14 1
353341 28 1
355794 38 6
356154 37 6
356841 60 9
357012 69 7
357851 53 9
358102 35 3
358295 54 4
360467 62 7
360667 70 9
363398 53 6
364203 58 5
364723 56 10
365302 48 8
370046 35 1
372846 46 10
372851 41 9
373145 36 6
373779 66 8
373971 53 11
374237 36 9
374292 40 7
374303 44 7
375065 66 12
375117 47 10
376677 53 13
378436 56 9
378889 42 6
379696 58 5
379821 52 9
380196 36 10
382266 43 6
382399 51 6
382933 42 9
383179 25 3
384758 36 14
384854 49 14
386205 54 13
386256 56 18
386267 52 19
386364 22 4
386776 42 9
387807 47 8
387883 50 12
387922 38 11
388433 35 12
388535 49 16
388579 50 13
390508 53 15
390604 39 7
391067 57 7
391224 34 12
391731 43 13
393345 46 6
396209 48 11
398337 41 8
398404 55 13
398463 39 15
398833 53 5
399128 35 11
399145 33 13
399479 29 5
399556 39 7
399563 38 6
400438 37 4
401678 35 3
401738 53 5
401803 51 5
402287 54 6
403763 43 6
403796 48 10
404652 59 9
406446 50 10
406781 54 8
407940 26 2
408201 35 2
409089 38 6
410298 35 3
411098 39 4
411106 37 4
417432 50 5
418080 42 18
418648 40 2
419038 46 9
419189 40 19
419421 49 10
419464 56 10
419689 36 3
420358 31 8
420934 37 11
421772 39 10
421903 53 7
425113 21 2
427749 41 7
430018 35 3
432629 25 2
432777 57 7
434808 41 5
435293 45 6
435511 40 7
436716 38 11
436876 41 11
447894 44 3
448665 46 3
449110 27 12
449227 53 4
452724 45 8
454871 65 4
456490 51 7
456521 47 4
456622 20 6
457636 52 8
460733 48 9
461532 16 7
461893 23 8
467541 49 9
468936 25 20
468984 38 8
470204 23 31
470286 18 34
470574 22 40
470592 23 42
471657 32 47
472128 8 28
481425 22 30
482952 26 27
487002 21 30
489986 28 36
491010 20 29
492813 19 25
493585 26 49
493731 14 21
493875 29 29
494261 23 28
494276 21 31
494536 30 25
494559 34 23
494752 25 26
494794 32 42
494812 31 43
494828 32 41
495135 33 27
495464 33 41
495494 32 36
495878 19 24
498381 8 45
500359 10 53
500373 12 59
500704 9 57
501656 8 45
502952 8 42
503501 14 48
503792 9 37
507103 12 47
507385 10 48
508031 10 53
508825 11 36
510550 11 63
514386 17 32
515203 5 43
518513 29 28
518944 31 33
519044 30 32
519631 13 38
520430 23 41
520512 22 33
522493 24 31
523474 24 47
524432 21 32
524778 27 58
527103 32 40
527590 21 22
528460 26 34
529073 18 22
529159 36 45
529478 28 31
531461 19 38
533020 21 35
534769 20 32
535732 25 41
536337 22 28
537411 34 41
538118 22 44
538350 26 41
538801 25 41
539282 21 35
539991 30 42
542275 23 36
543442 18 29
543710 23 31
543874 22 26
545804 30 37
546099 20 35
546148 12 68
546172 13 62
546197 7 51
546206 9 51
546230 14 65
546456 97 60
546490 141 88
546508 125 107
546532 235 101
546632 168 46
546647 215 38
546687 230 37
546715 57 142
546727 125 66
546751 166 69
546760 236 78
546790 476 68
546852 386 63
546876 157 59
546887 155 71
546922 140 91
546999 79 69
547009 56 70
547050 52 48
547102 155 61
547141 148 77
547164 61 75
547851 36 46
548048 14 26
548181 35 47
548632 75 0
548783 20 39
549041 13 64
549071 9 60
550140 29 25
550742 24 31
550895 21 33
551015 33 25
551376 39 51
551681 34 51
551771 17 16
553545 40 27
553941 37 33
555146 31 26
555210 30 19
555862 45 22
556064 29 36
556118 23 29
556230 16 28
556291 17 22
556428 18 26
556718 21 31
557201 26 34
558709 40 35
560583 43 53
561088 18 27
562378 19 32
563568 28 36
569830 34 35
570973 26 31
571299 22 18
571320 24 19
571336 27 18
571679 30 29
571751 41 38
571867 32 36
571904 40 30
580368 58 28
583031 37 28
584336 39 37
587072 32 28
588833 39 24
591667 22 13
592111 39 28
592228 29 25
592867 28 15
593788 23 22
593827 26 28
594504 34 22
595327 36 37
597235 37 24
597617 56 42
597661 39 31
598055 38 40
598329 45 32
598942 29 37
599737 34 38
599770 37 25
600859 34 22
602519 44 42
604446 38 34
605350 46 36
605985 27 34
606939 40 28
608938 26 24
609015 46 32
609115 25 26
611748 38 27
612835 38 23
614251 22 18
614273 28 19
614969 36 31
615731 36 32
616329 32 40
616617 37 32
616638 30 29
617202 39 34
618330 33 32
618484 40 48
618645 49 36
618791 34 25
618797 34 24
618997 38 48
619210 31 29
621997 42 43
622692 55 1
624564 63 0
628834 68 2
629246 63 5
632472 59 2
635832 86 4
638933 75 1
640439 82 1
642268 17 46
644148 71 3
644346 61 3
647290 54 2
649925 24 167
649927 74 124
649933 79 171
650102 57 5
651825 56 6
652948 76 1
653160 64 2
653524 60 4
655055 55 6
655517 61 1
656060 56 5
656087 43 4
656923 70 2
658388 120 2
661435 84 1
662367 81 1
663480 59 0
663805 78 1
666640 72 0
667165 71 1
667613 45 0
667696 70 2
667756 81 1
667954 53 0
668101 73 1
668225 69 1
668821 87 1
669724 64 1
673199 72 1
673634 52 2
676905 90 2
678678 82 1
678851 74 2
681722 55 11
682175 63 11
683409 47 6
683972 50 9
685380 51 5
687450 75 11
687497 63 6
688146 61 12
688185 66 8
688626 73 13
688635 73 9
696767 52 8
696807 72 14
697370 57 3
699296 62 7
699369 74 8
700239 61 8
700267 62 6
701273 60 7
701328 89 8
701871 70 4
703393 24 1
703567 74 10
704468 84 8
705390 68 10
707339 71 16
707568 70 12
708678 42 16
709104 65 9
709994 102 18
710205 70 14
710228 83 12
710482 53 14
713017 55 1
713241 83 6
714287 69 12
716048 61 17
716434 72 11
719931 43 5
720185 58 9
720193 62 9
721930 73 4
722895 61 11
723875 65 19
724031 42 12
724055 52 18
724147 69 13
724168 65 12
725128 82 16
725207 51 15
727558 71 11
729068 53 6
731042 65 11
733143 47 13
734307 69 18
735294 43 16
736756 55 20
736900 67 26
736973 60 12
737443 37 8
742253 36 16
744093 38 18
745010 50 9
747725 42 16
747846 65 16
747898 72 19
748144 60 21
748197 62 25
748247 57 23
748271 55 21
748286 64 20
748343 72 21
748358 58 20
748401 53 15
748491 61 21
748541 57 15
748580 68 18
748598 52 18
748670 68 22
748762 49 6
748872 50 15
748881 46 13
748953 69 21
748987 56 20
748995 45 18
749044 61 12
749120 62 23
749172 45 18
749194 50 18
749248 62 16
749342 66 18
749371 35 13
749447 66 21
749499 48 15
749694 75 25
750063 70 38
750242 61 19
750260 68 20
750488 57 16
750918 66 20
751179 66 30
751202 58 27
751208 65 27
751391 50 16
751409 54 16
751433 61 24
751439 64 25
751562 64 24
752795 56 25
753269 49 15
754109 57 23
756340 59 24
758264 40 16
758658 40 9
758714 68 19
758869 42 7
758885 42 10
758901 63 15
758926 57 16
759027 85 14
763149 30 37
764233 36 43
764495 26 47
765821 26 53
767126 25 51
767933 19 50
769808 29 49
770735 25 46
771308 29 57
772279 26 38
790461 38 40
791540 32 25
793485 35 30
793584 46 50
794918 26 36
794932 27 37
795768 75 18
796878 54 11
797534 57 20
802711 49 14
804033 60 21
813458 74 9
814836 56 4
814953 19 10
815132 56 6
815577 66 10
815726 80 4
815799 67 8
815871 73 6
816394 54 5
816904 76 13
817837 80 13
817901 66 6
818445 54 8
821544 80 11
821724 91 11
821769 74 9
821854 67 9
822102 72 14
822640 82 23
823677 78 11
824470 73 12
825629 88 11
826729 53 6
827190 95 6
828928 84 14
831470 63 14
831809 46 7
832015 71 10
832271 77 9
832793 72 16
832862 70 12
832946 73 9
833696 40 36
836454 51 71
838598 44 44
839681 46 47
842821 39 43
844384 16 33
845821 37 40
847775 37 48
852723 34 42
853219 27 49
854788 41 48
856532 33 60
858794 33 52
861380 35 56
861523 23 51
861583 26 59
861720 24 52
862276 28 40
864445 20 51
868295 34 55
868386 13 47
868523 34 71
868572 32 57
868731 23 45
869588 34 67
869955 24 41
870000 18 29
870036 17 36
870045 21 40
870160 28 88
870268 16 64
870392 27 67
870649 29 57
870781 28 49
870967 19 59
870976 19 59
871197 33 58
871247 16 53
871362 22 64
871744 27 70
871763 30 75
872155 44 68
872777 27 56
872999 33 50
873305 25 43
874313 36 52
874667 20 60
875085 27 54
876603 24 63
882525 28 61
882766 17 46
883776 22 75
884381 27 63
884793 37 64
889204 18 32
889281 11 57
889763 26 66
889773 21 65
889806 29 84
889842 23 78
889866 18 76
889944 21 57
890372 23 56
890427 11 35
890772 20 52
890787 23 72
891054 38 76
891078 44 75
891110 25 32
891136 22 42
891887 19 62
892730 34 47
893381 41 82
896142 25 39
897544 40 0
897571 18 0
897586 3 21
899245 23 55
901013 32 76
901895 36 74
902088 33 64
911868 5 32
911924 80 46
911962 10 42
911994 27 19
912217 276 28
912253 291 50
912267 301 58
912340 332 71
912390 360 69
912400 335 74
912434 225 64
912458 195 51
912466 218 57
912482 260 57
912511 346 65
912557 375 91
912612 314 110
912671 230 100
912699 125 93
912712 21 108
912833 42 94
912848 45 104
912892 27 119
912920 34 97
912955 21 99
912956 25 94
913193 34 66
914086 21 80
914135 14 73
914140 11 84
914256 14 39
914501 16 52
914625 26 73
914642 33 78
914663 33 78
914676 25 63
914692 27 70
914882 23 57
914956 24 95
914975 22 73
915088 22 61
915114 18 53
915412 31 79
915446 30 64
915475 37 71
916835 29 57
919837 34 62
919952 39 65
920236 23 48
934559 86 15
937385 15 96
937424 17 90
937442 14 86
937595 12 107
937604 12 95
937610 14 92
937619 18 90
937628 18 96
937637 15 103
937712 10 88
937726 10 81
938046 65 53
943726 54 43
943973 36 51
945467 37 35
946009 34 20
946103 28 45
946304 56 56
947445 48 30
948982 16 80
951753 35 34
962387 15 22
964165 46 32
965710 39 26
966097 72 31
975964 63 39
976464 58 33
980680 58 65
986527 77 0
987350 15 17
989524 77 74
990157 53 58
996188 22 146
996197 47 140
996232 21 106
996294 14 95
996338 30 99
996365 22 83
996376 17 94
996707 93 0
996734 69 3
