2618 120 10
2651 91 7
4138 55 71
4187 170 319
4207 166 371
4222 442 146
4228 190 391
4239 189 338
4286 60 324
4289 238 160
4313 210 239
4352 346 79
4400 193 205
4418 225 143
4436 189 67
4442 88 169
4445 59 192
4562 83 371
4589 301 62
4595 285 66
4621 253 53
4660 436 65
4747 202 175
4762 63 251
4771 80 188
4772 79 177
4781 39 127
4786 32 126
4842 50 96
4866 78 117
4929 51 116
5023 98 101
5056 90 60
5081 94 22
5086 21 130
5091 25 139
5100 109 43
5120 40 108
5129 43 94
5135 49 94
5140 51 90
5146 57 118
5207 11 94
6147 89 6
7972 98 5
7996 13 113
8062 51 110
8221 42 142
8238 88 106
8273 46 148
8284 45 123
8298 49 128
8307 53 125
8325 54 123
8348 53 135
8456 47 6
8470 18 49
8515 20 91
8627 13 84
8638 28 23
8788 7 6
8809 14 0
9079 31 0
9136 26 2
9151 34 2
9999 117 9
10485 99 13
10848 73 10
11099 86 4
12788 65 2
14663 103 10
16828 44 38
18627 68 55
18999 44 53
20103 53 53
22281 49 62
24110 50 46
26144 62 56
26402 40 38
27376 56 40
28207 53 25
28454 49 38
30080 58 35
30546 72 37
31037 50 43
31055 50 32
31370 73 29
33721 47 31
40225 55 32
40489 44 35
40697 58 42
40932 53 40
42526 47 40
43046 59 44
43185 47 37
43473 64 46
45722 59 31
45787 41 22
46897 55 20
47544 52 42
47976 91 58
51467 58 44
51551 63 29
51730 49 34
55113 80 25
56517 80 13
56960 76 18
57575 83 8
58396 76 23
58443 68 17
58516 74 18
58532 78 17
58552 74 14
58561 62 13
58590 72 17
58620 65 22
58637 75 16
58760 75 21
58781 73 18
59914 46 9
60086 88 18
60656 65 16
60965 76 8
61055 91 29
63695 97 9
64235 94 10
65170 91 2
65212 100 3
66436 102 6
70896 81 5
73498 80 3
73957 72 10
74039 84 7
74167 84 9
74522 82 7
74540 69 6
74623 65 3
74715 80 5
77465 83 4
77683 92 4
78446 80 15
79419 71 10
79462 81 8
79809 78 6
79899 74 6
80019 71 5
80559 74 11
82563 70 6
83589 95 9
83679 77 8
83878 76 5
83978 100 13
84003 108 16
85001 85 6
85125 89 8
85721 66 4
86501 86 11
88746 95 9
89960 79 3
91892 57 6
92170 47 9
92603 47 5
92634 44 4
92646 38 4
92738 36 1
92743 27 2
104642 87 8
105316 76 4
105377 84 4
105850 52 9
109880 81 9
110930 71 4
111314 48 5
111319 52 5
114954 71 6
116329 67 10
116986 77 10
125956 74 6
125998 65 6
128272 85 19
129049 52 10
130216 57 22
131377 77 28
131405 78 28
131545 69 20
134065 60 14
134165 87 17
134283 77 26
136698 60 24
137578 35 16
139116 65 26
139321 87 22
140698 46 15
140836 40 24
141390 52 17
141922 89 21
143128 64 19
143721 61 14
149656 71 28
157760 52 18
163311 75 29
175332 53 18
175676 70 15
178413 48 16
178434 40 16
179998 21 8
180943 72 33
181789 61 25
183109 52 16
183365 74 18
184537 61 20
185885 17 50
186186 40 64
186616 66 21
186769 6 24
186775 17 21
186781 9 25
187028 29 11
187280 47 19
187313 55 15
195579 68 18
199208 61 21
201066 69 4
202077 64 24
203333 63 28
204823 53 17
205544 46 20
206073 37 10
208944 62 16
212684 57 18
214205 81 22
214435 84 27
221472 43 18
222422 58 20
222621 44 14
223014 67 24
223187 68 18
228309 43 11
230361 73 29
235251 52 29
241091 55 0
241100 58 0
243064 54 31
243390 51 33
243938 31 59
246015 18 39
246791 20 55
247587 15 37
247777 27 67
252345 36 27
256108 34 56
256941 24 45
258822 26 39
259889 19 26
260006 28 69
260319 37 54
260670 29 52
263573 33 37
263999 39 38
264545 42 58
265375 17 25
271070 41 55
271142 30 69
271152 28 64
272860 35 46
272922 25 49
273185 34 49
273321 33 51
275774 38 33
276172 25 51
276343 33 43
276351 34 42
278194 32 32
279093 40 42
280385 32 41
280524 36 48
280578 28 50
280791 35 57
281040 22 48
281230 38 60
282207 34 60
282295 40 39
282778 32 37
283677 28 28
284073 26 29
285027 38 37
285216 46 42
285243 45 42
285258 45 35
285363 30 34
285717 33 44
286315 30 49
286649 32 48
286784 36 38
286890 33 32
287047 48 47
287071 39 38
287097 34 41
287184 36 42
288975 33 45
289306 22 40
289360 40 46
292332 19 20
292703 29 31
299194 45 47
299374 41 39
300441 16 32
300882 23 33
301382 23 45
305264 36 43
305861 26 30
306251 38 48
306835 44 36
308307 21 25
308399 35 37
308521 43 44
308882 38 38
308996 37 36
310713 33 30
310755 26 22
311322 28 39
312291 31 49
312799 33 16
313592 26 25
313918 34 30
320052 47 15
320770 59 23
323995 17 50
325900 43 14
330193 42 20
332352 48 14
332391 46 19
332435 72 27
332969 62 16
332983 70 20
333094 64 22
333391 57 29
333405 62 26
343611 38 13
344030 39 14
344265 46 7
346064 41 12
346339 53 16
346417 50 14
346636 33 10
346808 41 14
348556 66 15
349258 46 5
349513 69 7
349841 92 9
353863 84 4
354340 67 3
354569 72 4
356854 22 47
361175 17 42
361746 29 57
361981 18 33
362007 24 38
362568 27 48
364534 32 49
364839 20 47
364852 22 54
364946 23 29
366774 26 54
368389 24 58
369611 27 51
370546 17 59
370692 15 55
371585 14 55
373910 13 26
376459 14 57
376685 18 54
386735 9 67
387593 11 66
392114 7 59
402456 9 74
408979 11 50
411034 14 64
411292 14 64
411338 9 65
413268 11 56
415510 11 52
415675 17 76
415985 19 57
416117 66 0
417049 8 26
419808 21 84
421219 15 69
423808 14 60
423877 9 46
424549 15 57
425453 15 64
425965 19 59
426752 8 69
427669 18 73
427700 13 52
428316 7 53
428659 18 58
429209 16 59
434591 10 88
435887 7 52
437293 7 52
441284 6 51
457998 45 44
458329 29 43
461249 36 43
461467 38 58
461608 31 36
462070 20 40
464863 26 44
465632 22 40
466709 29 33
468851 23 33
469358 34 34
471118 20 59
471455 14 54
472802 24 36
473065 20 57
474134 21 38
474389 14 37
474983 20 68
475043 20 65
475373 11 38
475802 13 58
477895 10 39
478585 11 51
478613 15 43
478788 11 42
479666 40 17
479801 58 34
479921 34 17
480080 43 18
480391 33 34
481300 56 22
482969 46 28
483093 51 27
483496 49 15
483608 50 19
484154 47 23
486024 47 22
488805 45 25
491937 35 15
497608 59 21
497625 66 22
498529 52 20
498757 52 24
499051 59 25
499119 65 31
499153 77 38
500695 58 27
505315 65 19
505690 61 23
507073 66 27
510472 45 25
510622 38 25
511084 53 16
511995 68 21
514537 54 15
514633 49 12
514650 48 14
514822 47 16
520096 65 20
523065 62 24
524093 60 26
525731 56 26
526539 52 22
527183 47 23
527420 37 13
528752 43 19
529066 57 23
529368 55 16
530148 38 16
530350 66 20
534022 44 30
534337 60 26
534610 57 20
536105 110 25
537664 46 16
537869 38 26
539282 63 21
539845 49 16
540045 36 15
541367 48 23
541452 37 23
541840 53 19
541984 46 12
542388 66 14
542406 62 17
542428 60 16
542442 68 20
542842 48 17
542964 59 13
543307 42 23
544056 48 18
544171 56 13
544287 58 19
544320 49 15
544348 47 14
544428 72 15
544478 64 26
544525 60 25
544601 50 17
544653 45 26
544935 43 22
544948 38 21
545069 37 34
545151 48 20
545294 62 32
545332 55 32
545514 63 32
545591 51 25
545688 48 36
545787 34 21
545795 42 22
545800 44 24
545832 60 37
545854 61 37
545875 52 30
545880 49 29
546007 42 28
546043 46 26
546095 53 24
546156 48 24
546167 41 23
546508 61 23
547057 69 25
547184 40 31
547266 33 20
547326 42 22
547367 8 4
547885 55 34
549318 52 19
549747 56 17
549872 47 24
549915 65 20
549957 64 16
550269 62 27
550336 59 17
550378 61 21
550395 56 18
550609 74 22
551183 58 25
551260 48 23
552346 55 24
552576 63 15
552808 49 20
553035 47 19
554067 49 29
554123 68 16
554161 69 23
554291 50 26
554408 65 28
554437 79 28
554609 51 25
554825 69 16
555255 64 15
555707 63 18
555869 56 21
556258 55 19
556300 56 17
557330 66 23
557622 62 28
558658 73 27
558669 71 16
558750 57 20
558870 63 20
559512 63 26
559704 44 20
559776 60 28
559837 69 22
561135 50 17
561181 63 33
561315 36 17
561697 54 23
562314 56 19
562477 55 22
563337 36 12
564513 73 23
566212 73 21
566368 48 31
568277 67 17
570979 58 23
578546 49 23
578634 41 24
579144 50 28
580134 68 19
580885 47 30
581830 56 28
581963 82 30
582538 46 13
584761 65 21
585919 86 28
586134 61 25
586454 55 25
586779 54 24
588788 71 26
590794 45 19
595539 62 18
595999 30 11
598063 69 25
599366 21 14
599424 16 43
599525 66 58
599775 49 19
600668 46 19
600801 83 24
604458 56 20
604715 61 27
607158 45 31
607331 61 23
607745 55 23
607925 72 17
608311 51 25
609454 52 34
610523 34 8
612590 24 44
612751 30 39
612794 37 35
613040 30 44
614035 40 51
614638 25 39
615140 34 46
615250 33 66
615399 28 34
615442 32 58
616888 42 65
617426 25 44
618910 38 45
619658 43 45
619682 44 46
621349 22 23
622610 25 29
623023 45 40
624276 35 30
625102 39 48
628150 51 42
628499 49 39
629230 36 40
629709 30 38
629725 30 31
630371 40 45
630816 14 16
632188 23 26
632615 36 41
634401 38 43
634508 53 57
634773 34 55
634795 36 46
635789 34 33
636186 37 41
636564 49 40
637354 27 46
637805 47 54
639793 48 51
640797 43 51
641062 34 39
644087 31 28
644813 41 35
646863 60 64
648681 39 38
648802 50 39
649251 36 30
651132 41 54
656894 36 61
657769 47 41
658383 35 41
658738 36 53
658816 44 47
659659 34 56
660727 45 43
661782 37 40
661860 36 48
663582 28 32
663617 22 29
663756 62 43
664405 47 36
668038 36 37
668474 37 31
668834 42 24
668999 43 32
670048 91 29
670066 66 20
670381 64 19
670487 72 22
670696 76 15
670702 61 15
670781 76 15
670942 64 29
671282 47 15
671385 33 12
671414 31 14
671460 57 26
671916 59 23
672067 69 39
672114 57 27
672126 59 23
672231 62 30
672270 67 29
672350 60 29
672591 17 12
672625 10 17
672650 53 21
672666 41 26
672675 46 28
672735 84 30
672776 16 17
672782 10 14
673054 10 12
673086 10 14
673102 8 31
673110 12 24
673376 37 21
673668 65 20
673841 42 22
674094 81 35
676319 22 58
699965 37 56
700922 31 53
701240 16 79
702414 19 73
702546 7 53
702834 11 70
706703 11 64
708468 29 70
709791 21 85
709830 16 72
712322 26 83
714656 34 97
714855 18 61
726570 29 85
726986 37 77
728254 28 78
728340 24 70
729071 27 64
729229 24 82
729686 27 61
731370 34 75
731645 30 83
731871 20 73
732041 18 76
732356 26 81
732604 28 71
733126 37 73
733954 41 71
734941 31 47
735622 22 61
736549 35 86
740025 11 48
740875 10 76
740917 122 92
740965 48 250
741019 79 194
741094 273 69
741103 249 67
741163 304 91
741190 221 114
741196 226 109
741239 240 81
741280 144 219
741314 324 69
741343 217 81
741409 263 86
741436 282 62
741442 274 79
741478 231 66
741559 307 61
741584 286 63
741604 241 73
741622 253 83
741667 249 89
741685 304 87
741718 117 370
741737 362 86
741745 314 86
741813 92 257
741832 258 84
741844 136 168
741901 302 88
741908 236 85
741946 154 73
741964 34 64
741970 23 69
742111 96 46
742134 128 46
742165 122 60
742170 45 141
742240 78 105
