2161 25 46
2195 33 52
2202 31 46
2214 31 44
2284 18 32
2294 21 35
2405 45 43
2430 45 41
2495 44 29
2629 55 51
2675 56 55
2723 44 34
2743 42 37
2752 39 42
2795 40 41
2916 28 30
2925 29 30
3020 60 47
3103 53 44
3149 90 64
3159 21 176
3172 138 86
3253 50 104
3274 95 64
3329 247 40
3349 161 153
3355 35 257
3364 152 151
3369 77 214
3382 57 228
3389 66 180
3400 49 200
3428 27 196
3432 39 198
3446 33 198
3496 79 29
3575 7 54
3617 54 26
3650 7 62
3677 41 60
3725 36 135
3815 34 92
3839 24 100
3929 33 76
3935 31 70
3980 55 46
4007 55 63
4066 59 63
4117 72 65
4124 63 61
4236 52 39
4260 44 28
4390 59 59
4430 63 48
4510 57 50
4535 53 55
4540 55 55
4564 58 65
4579 39 49
4751 63 55
4845 42 34
4908 61 50
4967 58 40
4983 44 44
5116 35 45
5279 54 66
5346 58 42
5424 36 32
5440 38 34
5532 43 53
5551 68 63
5640 57 74
5702 32 32
5785 32 29
5805 40 46
5831 34 49
5854 51 61
5926 50 59
5999 35 43
6072 46 44
6093 40 48
6149 27 46
6172 27 47
6187 29 50
6203 27 41
6210 30 44
6331 33 42
6336 52 60
6411 40 22
6422 21 27
6480 28 42
6573 55 65
6586 52 67
6811 36 39
6889 48 36
7069 74 52
7112 79 49
7137 65 49
7177 44 36
7323 70 60
7375 58 53
7423 70 56
7428 61 49
7458 51 48
7566 55 54
7660 46 41
7796 47 60
7903 30 37
7929 36 41
7947 33 42
7977 39 49
8018 51 47
8153 37 45
8235 41 60
8273 42 64
8322 56 73
8390 51 61
8581 53 55
8591 51 47
8654 50 53
8680 43 60
8717 44 41
8722 50 41
8791 36 43
8818 35 38
8861 41 49
8884 42 60
8928 61 55
8984 52 56
8991 58 58
9001 46 55
9036 45 57
9043 44 57
9122 41 41
9137 42 41
9179 39 61
9226 23 49
9267 43 70
9318 61 60
9367 47 57
9406 40 33
9464 38 37
9473 56 43
9537 69 52
9580 60 52
9781 43 49
9789 36 44
9806 33 39
9855 38 28
9879 61 40
10037 31 29
10070 32 31
10117 48 50
10157 58 67
10195 63 69
10214 71 62
10255 46 38
10273 54 44
10315 39 38
10373 36 42
10485 68 59
10533 40 46
10545 43 52
10687 49 43
10715 65 63
10754 60 65
10857 40 32
10893 52 43
11052 15 31
11152 51 57
11227 50 48
11323 31 37
11425 48 48
11441 62 63
11506 43 47
11778 62 52
11803 54 42
11833 57 54
11931 43 48
12078 54 39
12088 54 43
12205 51 45
12396 41 59
12445 49 62
12481 49 51
12562 71 67
12681 33 66
12797 43 60
12824 34 59
12830 34 59
12932 46 56
12939 44 62
12993 50 57
13390 61 52
13441 50 50
13502 59 54
13587 51 44
13631 40 33
13819 57 50
13858 57 54
13969 25 22
13981 28 19
14421 48 48
14608 47 47
14665 48 59
14720 47 50
15364 29 45
15484 49 41
15553 49 51
15613 65 57
15682 58 65
15690 51 49
15991 55 58
16075 48 36
16277 51 44
16350 65 46
16374 80 53
16411 51 53
16852 52 55
16948 40 41
16954 44 40
17062 51 44
17159 47 42
17324 57 59
17414 45 38
17424 43 35
17475 44 50
17504 50 57
17536 56 43
17573 64 59
17592 63 61
17626 41 44
17637 41 41
17644 40 41
17672 53 52
17850 54 47
17967 74 58
18103 49 42
18182 55 55
18232 44 48
18431 64 62
18620 48 52
18674 41 54
18723 37 55
18767 55 60
18880 48 42
18906 39 44
18933 38 49
18991 65 44
19075 53 57
19108 57 57
19121 54 58
19143 42 44
19226 64 55
19361 51 64
19396 44 58
19404 45 61
19619 47 61
19876 26 40
20012 54 69
20246 40 36
20293 41 65
20303 41 68
20332 33 67
20348 32 57
20407 40 49
20490 37 73
20530 21 50
20540 21 43
20601 10 23
20630 5 33
20664 7 59
20748 61 37
20767 30 28
20794 13 42
20857 9 24
20874 9 19
21904 16 66
22256 15 93
22470 16 91
23106 13 94
23247 111 0
25475 10 89
26418 33 78
28519 37 66
30698 34 60
35317 30 67
36759 31 75
38443 28 71
38839 29 95
39152 24 71
39580 28 73
39857 33 64
41114 25 71
43737 38 75
45072 15 47
45908 15 41
46450 27 50
46615 39 69
48244 35 80
48363 26 62
49868 33 65
51395 16 72
51484 50 101
52009 17 63
52840 17 39
57193 39 57
59683 34 57
59875 31 57
60527 27 46
62279 40 56
62812 34 60
64870 31 59
65146 41 57
65302 44 73
65605 54 78
67096 68 40
67184 57 40
68251 51 35
73998 56 61
74055 45 50
84016 52 42
84530 47 33
84559 65 36
84987 38 28
86340 55 24
86463 57 39
88027 61 54
90802 52 43
91013 45 41
92800 62 54
92905 43 32
92995 42 49
94504 54 40
97294 52 44
97689 28 42
97749 10 53
97754 14 51
97962 40 47
97970 34 48
98312 33 44
98983 50 44
99003 56 58
99365 55 74
99423 39 53
99433 39 45
99559 46 56
99606 75 59
99652 53 43
99665 56 49
100023 27 28
100965 39 53
100970 40 51
101739 36 29
101890 57 46
101930 51 50
102630 36 43
102901 49 39
103797 46 53
104002 46 50
104205 29 32
105186 37 35
105366 47 45
105459 39 42
106220 41 46
106349 51 65
107804 42 36
107968 32 30
108561 51 34
108648 45 62
110221 42 46
111407 42 40
112964 51 61
112981 46 53
113607 48 47
115105 50 46
115333 19 17
119335 37 43
119703 51 33
122373 39 30
123191 42 44
124045 34 33
131272 33 36
132873 44 45
133424 43 47
134753 52 32
137441 56 46
137699 42 37
138193 47 55
138342 42 39
139026 38 52
139128 42 34
140691 46 53
141547 80 55
142075 43 34
143054 37 35
143408 44 51
144782 43 53
145198 51 47
146498 58 51
146827 69 64
148687 60 53
148799 37 30
148877 32 30
148923 54 42
148953 58 46
149129 42 45
149208 37 32
149229 32 30
149238 42 27
149329 32 42
149340 27 31
149405 27 30
149423 60 49
149438 56 59
149580 36 30
149615 44 39
149720 38 41
149742 35 54
149954 59 44
150027 40 45
150040 44 46
150092 46 35
150176 47 48
150184 44 44
150200 44 49
150210 55 56
150387 40 43
150695 42 50
151705 39 47
151768 58 45
152671 31 32
152857 47 51
153020 50 52
153280 41 49
154437 43 45
159324 63 38
160412 43 29
163342 36 25
164992 51 26
165013 55 42
165480 50 24
165741 53 31
165926 62 29
168268 62 36
170023 56 33
171431 58 41
171774 47 35
172979 40 81
174222 67 33
178921 52 33
179601 27 20
180332 42 47
181098 50 39
181139 62 43
181304 39 36
181350 68 41
184147 68 42
184642 45 26
187118 47 33
187143 53 28
187650 34 29
187869 51 29
188018 52 45
188574 68 0
188810 75 0
189346 103 0
189640 89 0
189687 76 0
189824 104 0
190021 96 0
192183 94 0
192769 95 0
196229 97 0
197366 66 0
197519 73 0
200959 84 0
203727 103 0
205090 66 0
208271 79 0
211591 76 0
211868 79 0
211972 97 0
213111 59 3
213127 60 2
213188 75 10
215125 56 0
215445 71 0
216076 72 0
217146 63 0
219304 87 0
219795 59 0
220037 53 0
220508 72 0
221638 83 0
223804 77 0
225210 77 0
225843 88 0
233273 95 0
234012 86 0
234192 95 0
234639 70 0
234989 55 0
235039 57 0
235061 44 0
235242 38 0
235290 47 0
237121 77 0
237130 84 0
238991 84 0
240287 77 0
240601 102 0
240705 69 0
241960 64 3
242386 88 2
244018 91 5
246170 81 7
246262 87 4
246339 75 0
246387 82 2
247067 89 3
247685 92 3
247905 101 6
249328 84 2
249349 96 2
249590 94 6
250105 122 1
250244 56 1
250411 90 3
250951 79 3
251005 79 1
251173 69 2
251232 95 1
251331 73 2
251451 79 3
251584 106 4
251627 95 4
251791 82 3
252010 59 3
252163 79 5
252226 66 0
252387 78 3
252425 94 3
252437 89 3
252565 75 0
252951 89 5
253287 61 3
253572 76 3
253590 71 3
253719 74 1
253749 78 3
253809 51 1
256079 92 5
256216 79 2
258846 90 2
260080 99 2
260125 67 1
264115 64 4
264382 74 3
264493 89 3
264786 61 3
265376 63 8
265768 76 8
266286 56 3
266369 67 2
266379 70 2
269727 49 3
271775 60 7
273679 85 7
275283 55 8
276833 59 5
278845 72 6
278994 72 6
279199 56 10
279999 65 11
280213 64 6
280415 54 3
281778 83 9
283998 57 12
284090 40 7
284112 59 7
284162 54 8
284186 51 10
284324 16 2
284383 19 4
284638 33 4
284952 61 7
284988 52 8
285657 65 7
285861 62 8
286349 56 4
287169 81 14
287805 83 6
287952 76 6
289715 67 8
290148 95 8
290488 56 5
290683 63 5
293836 60 1
294069 73 4
299036 68 6
299136 75 7
299152 71 4
300316 56 9
303388 86 10
303788 90 7
305340 83 10
306096 81 7
306285 74 6
306819 47 7
307280 74 6
307287 69 8
307506 75 9
307577 85 11
307738 87 18
307855 57 8
308050 68 6
308624 65 7
310105 60 11
310306 83 11
311906 81 7
313678 74 9
313942 63 11
314046 48 5
314690 65 2
316434 84 8
316537 93 4
319195 49 8
319369 71 8
320786 65 12
321943 53 9
322229 69 8
325599 82 14
326148 71 8
327589 55 9
330053 64 9
330215 46 5
330241 43 12
332129 55 6
332687 66 10
333537 77 12
334102 85 10
335398 71 5
336010 65 7
336725 75 10
336753 87 16
336859 60 9
337216 68 2
337970 63 5
341276 68 7
341322 62 4
341330 65 4
342457 81 2
342737 45 3
343264 78 9
344246 70 9
344258 63 8
345601 70 5
347125 80 5
347434 67 8
348877 52 12
349660 68 8
349796 82 10
349987 78 5
350032 83 7
350374 68 10
350457 71 8
350694 51 2
350962 33 6
351141 83 14
351649 59 4
353193 68 5
358828 81 11
361336 79 4
362925 73 8
362967 81 8
363748 69 7
364055 77 9
364384 76 14
364957 66 4
366885 87 8
367024 77 2
368486 75 10
369248 48 1
370509 78 1
373345 91 0
373443 90 0
374057 82 1
374331 66 2
375235 66 3
379373 75 0
381635 74 2
382078 66 1
382113 55 0
382623 56 4
384316 70 6
384743 74 6
385527 36 5
385697 53 4
386286 20 2
386297 16 3
387241 79 9
389550 85 5
395912 67 7
397359 79 18
397626 74 5
397769 88 12
398411 46 17
398678 87 19
398896 70 4
400474 74 11
402046 74 13
402243 113 16
404113 64 14
404249 59 7
404529 55 15
404961 54 11
406181 69 13
407266 68 4
408478 57 13
408809 71 21
409983 61 11
411249 71 9
412119 69 11
417100 85 12
419244 71 18
419557 68 17
419727 58 8
420633 61 8
421041 69 8
421602 55 6
422696 104 10
423497 69 4
424150 65 5
426919 57 4
427445 86 9
429923 81 6
434648 91 10
434905 83 2
435063 76 4
435537 32 2
437646 63 3
438033 79 4
439178 2 10
439189 3 11
439215 5 21
439216 4 24
439294 3 16
439311 3 16
439340 12 4
439912 92 6
440966 68 4
443431 72 1
443736 67 7
444174 67 6
444293 68 4
444585 69 4
444841 98 4
445206 87 4
445359 85 4
449651 79 0
450090 59 0
450585 81 2
451520 95 11
451742 70 5
452550 87 4
452576 64 5
454072 77 1
455309 79 0
455648 42 0
457951 89 0
458325 72 0
459793 94 0
459862 125 0
462520 97 0
463039 72 3
463205 88 13
463403 10 34
464470 44 47
464765 51 40
465297 65 6
466178 60 8
466971 94 8
469948 69 5
470337 81 7
471040 90 10
471999 102 12
472317 85 6
472905 101 8
473271 83 11
474034 57 3
475899 74 7
477270 86 8
478221 73 10
479982 95 11
480780 60 5
480793 85 10
480916 110 8
480926 84 6
481552 80 6
482585 85 5
482700 89 10
482735 62 7
482857 78 9
482913 3 8
482951 54 8
483338 4 9
483924 76 7
484167 84 7
484855 112 12
485433 105 7
485516 97 3
486560 62 4
487358 92 7
488845 74 6
489043 74 9
489327 102 8
489843 95 5
490324 77 6
490976 90 13
498138 85 5
501667 60 4
502327 56 4
502605 102 5
502620 115 5
504549 124 7
504987 105 6
507395 67 0
510360 83 11
510454 89 8
512090 109 21
513675 73 5
515555 96 10
515621 86 14
515691 87 8
515887 94 15
516112 82 14
516556 70 9
517489 81 6
520155 90 14
522252 70 12
524696 91 2
525353 113 6
527628 84 10
528805 104 5
528914 93 6
529297 81 7
531644 82 5
533166 58 18
533247 78 27
533302 88 30
533986 59 17
535010 94 29
536811 35 5
536825 17 30
536826 20 27
537427 74 22
538843 53 16
540570 81 29
543188 39 78
544242 8 18
544528 167 43
544624 51 205
544635 107 159
544684 101 171
544813 45 169
544825 122 85
544836 118 89
544851 125 81
544857 28 235
544879 169 61
544888 177 65
544907 177 72
544919 39 224
544944 32 74
544956 141 97
544974 72 197
544984 63 203
544985 103 173
544993 153 98
545026 67 96
545032 66 95
545045 32 91
545055 33 60
545158 16 106
545171 37 99
545188 40 87
545197 47 84
545262 44 97
545387 26 80
545399 27 77
548790 19 31
548805 16 22
