53 5 21
164 32 10
735 48 66
1491 39 45
1726 43 68
2252 35 49
2817 30 39
2833 29 48
2990 39 62
3322 54 72
3641 72 14
3833 53 10
4906 19 34
5072 12 20
5077 12 19
5361 55 13
5716 90 12
5909 97 14
6542 99 29
6965 106 26
7667 55 4
8092 78 14
8304 108 17
8565 101 16
8807 91 20
8936 75 11
8972 94 12
9021 104 19
9346 71 14
9376 80 12
11339 72 12
15468 74 14
16868 95 22
17062 85 14
17128 90 15
17230 77 20
17244 92 24
17251 92 22
17297 71 10
19081 103 18
19921 63 19
23239 55 45
23319 44 33
25960 52 49
26959 55 34
29748 64 45
30084 64 53
30199 77 60
32461 71 35
33997 65 36
34422 60 26
37207 34 31
38412 69 35
38617 42 37
40967 61 25
43062 55 30
43697 60 27
44048 68 43
44825 58 28
48912 81 5
50446 93 0
52502 65 2
53278 83 3
53810 98 4
54016 95 10
55502 84 4
55673 85 7
56810 123 5
57008 84 6
57158 80 5
61132 73 3
62047 69 1
62155 88 3
64104 98 2
65987 99 9
66781 91 3
66787 86 3
68238 112 8
69816 68 2
71256 112 0
71703 90 6
72205 95 5
72299 58 4
72964 81 5
73189 66 9
73279 121 7
73807 90 9
75334 64 3
76840 105 2
77572 87 10
78476 86 7
79153 56 6
82013 23 2
82117 77 8
83336 75 7
83672 75 10
84176 64 6
84614 93 11
86036 91 13
86330 104 14
86792 91 16
87311 79 14
87630 68 11
88043 97 4
89450 75 3
90191 74 7
90545 55 9
90636 94 5
90684 76 9
90733 46 8
90771 51 3
90847 89 7
90924 78 10
91077 79 6
91342 64 12
91363 65 10
92813 83 6
93176 80 16
94714 56 3
94829 87 7
95076 98 14
95824 82 6
96010 98 14
96953 78 11
99620 74 9
99929 93 8
102739 97 2
102875 66 12
103089 67 7
105198 36 42
105848 70 14
105864 50 9
108305 46 41
108725 46 44
109151 20 13
109597 29 32
109889 24 33
116906 39 43
117437 51 46
120325 49 42
120977 56 46
121044 42 30
124475 63 15
124937 55 16
125380 99 26
125676 87 15
126849 99 17
128195 69 18
129625 80 19
129921 74 17
130933 71 16
131070 72 12
133909 91 19
137464 79 15
137839 71 8
142723 70 7
147168 90 9
151103 74 4
151638 52 4
153296 64 5
154591 86 6
157376 60 17
157445 58 14
157643 77 18
157971 59 23
158739 65 29
160578 53 21
162162 18 5
162229 66 21
162791 38 10
162823 48 12
164548 28 4
166708 93 24
168205 72 18
168354 52 23
172346 73 26
172642 69 17
174545 77 29
176065 32 20
178227 63 39
179869 57 35
182995 59 32
190543 50 32
190635 66 33
193219 65 29
194933 63 31
194990 60 23
195563 61 33
195584 70 37
195800 44 17
198296 51 23
202423 36 11
202639 38 24
203821 63 26
207364 61 39
207644 51 30
208222 48 31
209563 55 40
211917 69 35
212862 31 31
214964 78 37
215485 53 28
215753 46 19
215766 38 25
215896 69 33
216588 50 33
217319 65 20
217500 59 31
217665 53 29
217702 56 31
217729 53 25
221639 59 30
224257 55 24
224532 48 31
224840 46 30
224993 47 19
225559 46 18
228063 37 18
229197 48 34
229991 42 24
230149 32 31
230534 61 35
231266 28 33
232872 46 42
232970 37 24
233812 40 30
235540 47 34
236644 50 26
239291 49 40
239742 52 45
241072 46 44
244515 81 7
247616 36 33
248541 48 31
248729 53 45
251496 41 30
251581 50 45
251928 38 38
251994 40 31
252165 55 40
254427 35 50
256238 35 30
258265 19 24
258597 54 40
262323 35 23
262910 36 24
263344 49 38
263576 37 33
264450 31 21
265571 29 24
268161 32 25
269614 58 29
269670 54 26
269775 25 25
270956 43 24
271940 46 23
272337 40 31
272342 43 32
272459 37 32
272564 30 27
272766 40 27
272996 41 24
273274 36 33
273532 35 28
273546 32 30
273863 22 16
274073 20 26
274261 47 31
274440 62 35
274447 65 38
275197 39 31
278725 27 14
279513 34 29
280160 35 28
280786 44 30
280824 31 23
281288 40 22
281622 52 27
281669 56 32
281680 52 36
281703 48 35
282263 33 33
282869 29 21
283211 37 36
283227 34 29
283562 39 33
283731 48 34
283940 31 22
283994 39 36
284202 32 28
284915 41 24
285415 36 34
285485 48 39
286776 45 21
289989 58 40
290411 63 34
290435 64 30
290459 51 20
290541 48 34
290623 45 37
290633 32 23
290745 59 34
290766 52 36
290853 46 25
292777 42 38
293479 45 32
293569 25 30
294146 56 42
295708 55 25
295891 43 20
296154 30 29
299141 16 67
299542 12 60
300506 8 31
302769 18 50
303673 15 55
306917 11 53
307388 18 51
308870 12 64
309619 20 52
310543 13 45
310589 14 56
310628 19 51
310760 22 57
311618 19 43
312278 12 54
314179 20 52
315182 16 48
320454 18 63
320929 8 42
321396 13 61
322551 8 54
323777 11 39
323943 10 58
323951 13 54
323987 15 61
324011 16 65
325992 12 51
326773 21 83
328687 19 58
331047 13 61
331221 42 25
332840 30 28
333977 36 44
339610 18 27
339895 34 35
340180 23 28
347939 38 37
351328 33 36
353272 39 27
354647 52 32
357361 31 35
357418 32 40
360018 26 8
360573 45 34
360668 34 30
362018 39 48
364292 38 21
365116 51 25
365843 44 32
369322 52 35
371428 48 27
372030 25 18
376020 35 21
376035 29 16
376153 18 9
376236 40 36
376372 20 20
376578 29 21
377277 47 23
377605 33 20
377784 59 34
378240 25 28
380595 38 33
381066 47 25
387125 51 38
387552 42 18
389381 42 24
389509 30 32
389623 42 15
389825 55 29
391006 41 30
392263 46 26
392417 31 26
392707 50 26
392755 47 24
393619 34 14
393680 42 35
393961 60 33
394520 48 31
395173 31 19
397412 42 24
397655 36 25
397885 34 31
399552 35 22
399603 41 27
399624 38 22
400531 40 24
401086 22 22
401257 33 36
401308 34 28
401328 30 24
402903 58 24
403532 34 23
405779 21 16
405957 33 22
407641 35 41
407671 41 39
407676 46 40
407999 42 27
414849 40 12
415848 28 24
416038 51 28
417165 27 24
418528 41 25
418850 40 22
419282 50 30
419473 44 24
421190 40 12
421369 45 22
422019 40 27
424370 52 19
426167 24 18
426926 38 21
427204 44 23
427367 54 24
428230 39 16
430150 43 26
433620 42 38
435474 61 28
436929 49 24
437529 52 15
437949 54 24
440006 36 16
441735 74 21
442564 60 20
442579 58 20
442801 32 17
442943 40 28
444232 52 25
444255 60 29
444575 42 18
444641 65 32
445014 33 16
445050 54 26
445335 43 17
445439 25 7
445695 56 28
445745 49 23
447551 41 18
447714 60 31
448011 46 23
449104 49 16
451111 54 15
453528 60 22
453793 37 14
454364 47 13
460437 29 10
460462 37 13
460683 53 8
465023 29 18
466217 49 13
466871 40 11
468098 30 4
471411 40 25
473155 55 18
475265 40 18
475754 40 24
476551 34 19
478480 40 9
478545 61 24
478605 42 17
478989 41 20
479102 48 15
479996 54 35
480008 51 38
481375 50 27
481966 34 28
482348 21 22
482536 31 19
483848 37 33
484508 34 27
484595 27 28
484839 39 27
485011 35 29
486347 22 30
487907 60 10
489287 53 4
489608 55 20
489945 46 21
489963 48 19
490153 46 7
490662 59 14
491618 56 19
492398 37 17
492807 51 8
494265 55 16
497743 48 15
499027 59 19
500398 43 13
501601 23 41
502382 43 19
502546 46 12
504210 66 20
508826 64 13
510115 74 17
510750 43 14
511923 55 14
512199 38 11
516086 35 9
521271 65 12
531106 30 26
533349 44 28
536530 34 27
541002 47 25
541811 45 36
542577 30 48
542622 35 29
543177 33 33
543393 48 27
545205 33 25
545608 6 14
545613 10 14
545628 24 20
545751 16 9
545829 30 32
546108 48 39
546648 38 34
546844 41 35
547181 34 41
548253 38 40
548679 41 34
549368 48 38
550587 25 22
551537 21 13
551960 41 25
552224 55 40
552816 51 27
553342 34 24
553381 41 34
555478 14 23
555701 22 24
555742 21 28
557259 38 45
580562 30 37
586323 27 28
586452 36 30
586634 42 38
586686 48 35
586725 40 33
586840 31 29
586889 28 33
588291 31 24
590184 46 38
590577 57 37
591920 29 30
592046 37 39
592422 51 41
594415 35 35
595048 29 32
595363 27 29
595865 41 32
596340 31 34
597078 42 26
597188 41 31
601584 38 41
602831 52 3
605645 36 39
606049 28 20
606817 27 21
610079 18 20
614681 39 37
616211 30 22
620861 49 27
632378 53 24
632475 42 26
632536 55 32
632900 49 18
633209 46 21
633466 44 18
633599 58 24
633641 62 22
633790 35 18
634682 58 32
634802 40 15
634842 54 19
635006 55 19
635072 73 32
635493 45 26
635672 51 29
635792 35 23
635857 39 18
635864 41 19
635876 61 32
635903 72 41
636267 59 32
637072 36 21
637108 31 14
637170 69 36
637215 67 17
637283 59 21
637350 48 23
637566 61 23
637600 56 20
637651 52 19
637674 52 16
637728 44 15
637744 46 19
637800 44 15
637902 50 15
637911 60 20
638383 55 23
638559 49 18
638741 36 20
638912 43 22
639095 52 16
639104 57 15
639146 45 14
642497 46 26
642634 37 23
642720 39 17
643855 33 12
644505 41 21
646414 49 20
647194 49 21
647445 53 16
647452 69 20
647530 76 35
648453 32 19
648696 38 17
649346 64 26
652992 69 38
653882 59 45
657904 43 8
658546 51 23
658720 62 39
658852 59 20
658861 51 16
660064 54 18
660273 39 13
660310 39 12
660320 33 11
660987 60 22
661097 62 12
661131 47 12
661173 58 16
661487 64 18
661884 59 13
661920 42 15
662322 62 17
664752 57 0
676534 84 5
677402 96 17
678196 76 8
679004 67 13
680576 50 14
682577 54 17
682664 55 15
682684 54 12
682775 52 11
682792 59 13
683522 40 56
685951 62 16
686399 36 14
686616 51 19
687716 60 17
688817 66 14
690180 50 17
691745 68 16
691940 76 17
692240 52 16
692965 33 5
693100 37 18
693139 49 19
693168 49 16
693218 63 11
693233 61 11
693256 52 7
693286 49 13
693298 45 12
693308 41 11
693418 65 12
693575 63 11
695372 66 19
699018 59 18
700050 51 16
701029 50 11
707884 64 11
708661 25 2
708791 48 17
708889 15 18
708911 36 11
709435 65 16
709806 52 7
709902 44 16
710193 58 18
711158 57 21
711251 80 21
711873 64 16
712376 57 13
712773 47 10
714735 78 14
715059 63 18
715227 82 23
715822 59 16
722425 55 8
728755 51 6
732031 49 6
733960 66 21
735061 54 10
735067 57 13
735365 65 16
736333 65 15
736915 45 10
737960 110 20
738258 59 10
738582 84 16
738840 75 21
739364 48 31
739872 43 40
740719 22 19
741654 40 32
743667 48 29
743871 51 32
745776 32 68
745822 98 28
747086 33 34
747383 36 29
747535 56 33
747554 64 33
748238 76 40
749111 62 40
749383 56 35
750419 45 28
751424 37 29
753102 62 40
754417 50 29
754481 50 23
755326 42 24
756778 48 23
756871 47 39
757167 59 45
759297 56 46
759432 37 35
759858 41 30
760674 48 34
761410 53 37
763979 59 34
764012 31 25
764221 55 37
765000 56 31
770643 52 33
771432 45 30
771553 54 43
773143 16 32
773524 56 30
773574 41 15
779493 58 35
779914 53 21
780502 61 41
782247 64 36
782704 58 28
785676 51 26
786184 51 23
792053 63 32
792122 84 0
792497 51 0
792869 34 22
793136 70 26
793849 46 30
793930 61 30
793985 62 27
794400 26 0
794405 25 0
794410 22 0
794552 66 34
796310 42 21
796388 46 20
797805 59 27
798558 65 36
798637 70 28
798871 26 55
798886 32 67
798942 23 49
800312 52 14
800690 41 28
802220 40 31
802302 50 26
802672 44 29
803234 77 38
803850 42 17
809139 69 34
809217 59 30
810846 69 34
815164 52 41
815288 69 39
815473 58 37
815548 45 35
815808 52 29
815902 52 34
816805 71 24
818003 63 34
818936 68 41
819997 53 41
820809 64 29
823023 16 13
823175 29 37
823397 55 36
823549 59 31
823719 61 40
824247 52 40
824423 67 29
824434 65 31
825359 60 27
825491 75 41
825592 29 21
825892 45 19
826821 56 34
827716 91 45
827730 85 52
828150 67 32
828448 43 25
829005 45 21
829801 63 42
830633 34 28
830681 38 24
833271 38 19
833673 85 46
833748 35 25
834498 63 38
834576 44 34
835394 58 31
836222 34 31
837663 43 47
838296 55 49
838305 47 43
839114 51 24
839424 52 30
840078 36 36
845625 79 50
846908 55 26
847624 46 23
851138 77 51
852778 64 58
855024 41 28
857425 47 36
858754 69 40
859312 65 38
860147 52 34
860999 20 68
861602 13 80
862261 46 46
862340 40 27
863543 49 39
863852 28 37
863859 18 26
864949 16 14
866090 70 50
867306 58 49
868048 41 41
868068 46 39
868385 53 44
868933 55 59
869026 44 27
870059 67 48
870210 72 48
870226 77 55
870946 41 50
871306 49 33
872386 45 51
875085 47 60
875300 66 48
876415 74 46
876486 39 37
876717 57 41
877550 77 72
877775 43 40
877902 61 49
877986 45 39
878609 45 64
878620 81 27
878635 65 25
878811 19 74
878826 26 92
878858 22 76
878883 16 79
878904 26 50
878962 21 46
878974 20 60
878996 25 58
879295 31 63
879443 29 74
879852 26 85
880107 33 92
881339 18 68
881925 34 78
882720 28 90
882789 14 86
882815 17 90
882916 15 69
882950 23 46
882966 27 60
882974 30 59
882981 34 59
883032 21 60
883079 33 41
883098 28 44
