1161 51 37
8180 52 29
8340 56 37
9006 56 58
9687 60 36
10761 61 50
11926 50 54
12619 58 39
15909 11 85
16026 20 75
16080 22 61
16161 22 81
16461 10 69
17250 24 72
17472 13 85
17502 10 86
18084 17 97
18847 23 82
20795 25 47
24212 17 56
24288 37 93
28852 15 46
28917 26 71
37621 30 89
56249 14 94
58437 16 70
63444 48 56
64922 57 51
67015 47 51
67331 43 31
67535 38 58
67562 42 56
71041 53 49
71188 37 35
73507 30 32
76727 51 27
77336 72 26
77866 66 20
78664 67 32
78748 49 26
78921 88 31
79339 46 31
79555 37 27
80776 65 23
80810 64 24
82390 61 30
83544 55 16
84023 77 22
85134 91 27
85603 50 24
88022 79 35
88243 58 22
88415 57 31
88899 68 30
89040 46 19
89068 39 20
89585 42 25
89816 41 25
90314 43 25
90449 54 38
92605 62 37
92730 57 29
93103 51 24
93874 74 28
94132 60 24
94386 48 24
94401 47 20
97084 40 39
97890 47 45
98333 40 29
109148 42 38
109863 50 35
117194 31 29
120470 76 38
123042 41 26
124893 56 25
124943 54 26
126276 49 26
126480 61 28
126549 46 24
126960 38 26
127376 54 38
127463 27 32
127468 26 28
127515 59 29
129640 45 8
130099 64 16
131213 72 19
132923 74 15
133572 69 21
136906 65 10
137190 59 7
138230 62 23
138881 76 11
139613 58 19
140393 83 17
140888 64 14
141554 55 17
146417 68 20
148714 81 25
151213 61 20
151850 39 9
152038 53 16
153769 62 22
156368 59 9
156560 58 12
156569 68 12
158060 72 10
158774 72 7
159017 63 7
159347 54 5
159527 50 5
162101 67 8
162698 70 11
163174 49 12
163226 61 12
163469 74 15
165040 49 6
165065 28 7
170026 88 8
177232 42 40
177672 21 45
179292 28 46
179708 14 37
180055 22 52
180553 18 69
180609 23 65
181169 53 0
181298 80 3
181677 19 41
181906 28 55
182764 24 73
184443 11 67
186569 20 48
188961 27 34
189146 21 68
189308 39 69
190601 14 32
191259 29 44
192763 29 51
193126 22 62
194686 20 51
195028 22 52
195166 18 52
195536 25 43
197092 22 35
199336 20 62
199405 20 47
200792 34 40
202355 16 41
203761 24 37
204135 31 61
205224 26 59
205552 26 33
205631 26 50
205665 21 46
206550 28 58
206670 31 45
206976 36 65
208324 14 47
210019 30 51
211327 30 51
213271 13 70
213993 24 52
214033 19 32
215475 18 43
216686 17 50
216698 11 46
216911 19 57
217080 18 37
217102 14 32
217269 13 36
217425 18 47
217512 23 58
217796 26 48
218043 14 36
218060 20 44
218099 23 32
218410 10 30
218537 32 49
218702 30 49
218867 32 50
218873 32 45
219151 26 60
219356 25 49
219398 22 52
219931 10 40
220723 32 45
220932 20 52
222809 25 45
226012 20 44
227092 16 18
228509 21 48
228682 27 46
228803 19 52
229100 13 35
229222 23 45
229993 23 62
230734 22 40
231864 28 40
232230 24 52
236470 84 7
236482 79 5
238927 15 50
239282 17 54
239743 21 48
239999 12 48
241183 12 25
242525 29 80
243135 14 43
244061 20 44
244511 24 56
246407 10 65
246475 15 71
246632 24 75
247295 16 74
247422 17 74
247464 19 77
247642 36 86
247674 30 69
247724 17 60
247736 16 61
247790 15 49
247845 22 55
247866 23 67
248039 22 42
248075 18 62
248142 13 64
248189 24 77
248231 22 58
248345 18 58
248352 18 67
248384 23 68
248390 22 70
248830 19 52
248880 22 63
248914 27 59
250325 14 34
250389 21 60
253434 15 60
255062 20 58
257608 21 65
257637 26 70
257653 25 54
257878 27 42
257915 27 53
258026 25 45
258059 18 61
258194 24 79
258287 14 28
258326 15 32
258346 15 36
258431 16 34
258510 22 62
258529 17 53
258707 23 61
258743 19 49
258852 21 64
258865 20 69
258888 24 67
258941 28 63
258996 17 51
259122 16 38
259256 18 61
260018 10 66
260583 9 69
260787 9 61
262260 9 62
262273 10 79
263048 9 65
263188 10 85
265949 8 71
265982 11 85
266024 8 54
274996 6 52
277985 19 19
278043 36 30
279351 37 32
281176 44 46
281532 34 44
282429 34 38
283413 44 28
284064 30 36
284340 31 35
284460 29 36
285669 45 24
295944 31 55
296126 33 45
296834 66 4
299626 31 35
305612 24 29
314258 34 37
315307 38 38
316181 30 22
316664 41 33
317731 38 50
318602 23 27
318619 29 34
318791 19 24
319536 35 32
322103 31 28
323736 50 43
325840 40 41
328898 54 41
329014 42 42
329952 37 36
330478 34 33
330885 30 35
330932 41 38
331934 44 0
332963 30 18
332974 31 23
333145 27 13
334784 58 27
340637 14 47
340761 10 35
340835 10 64
341238 22 60
342091 11 47
342216 9 59
345038 17 66
345125 10 37
345905 15 69
347221 13 35
347293 18 58
347338 18 63
347362 17 61
347513 7 50
348597 11 62
349001 10 58
349280 7 49
349356 12 39
349488 9 34
349568 9 44
349643 11 42
350441 15 59
351240 18 54
354575 7 45
357500 9 43
357981 17 59
359544 8 54
363248 7 39
363440 11 44
366081 10 79
366464 15 71
366749 18 92
366827 12 51
367172 15 65
367382 15 49
367418 11 55
367526 18 53
367625 9 49
368703 14 58
368791 8 61
368808 9 60
368850 10 73
368872 8 52
368980 7 58
369001 9 72
369170 13 55
369206 9 59
369229 6 51
369404 12 71
369445 11 78
369587 7 61
370100 8 66
370244 8 72
371073 21 35
371092 20 47
373379 24 43
374150 22 52
374209 25 44
374272 22 34
374985 18 32
378348 12 27
378633 5 7
378977 17 35
379061 29 41
379066 32 52
382339 62 0
383368 34 21
383827 30 30
384692 36 47
385750 61 7
387375 53 9
388152 69 12
388430 83 10
388919 66 14
390043 71 7
391175 51 5
392565 61 13
392658 43 8
394217 71 13
396540 11 64
396657 31 67
396945 14 49
396957 22 55
397187 61 7
397333 58 8
397802 77 0
398541 21 79
398558 26 62
398565 21 72
398651 33 74
398657 37 74
398670 37 66
398693 25 113
398702 20 80
398771 35 38
398786 27 53
398798 27 53
398849 60 13
398927 33 79
398939 36 76
399038 44 79
399044 44 71
399062 32 82
399082 19 82
399179 43 9
399257 74 17
401650 62 15
404581 52 17
411125 65 10
412974 60 5
416085 76 9
416588 65 7
417641 47 11
417793 64 9
417826 72 15
418883 74 7
419060 70 11
419747 56 9
420026 69 7
420064 54 3
421691 37 8
421945 37 6
425980 52 8
426143 55 6
428289 66 14
428450 43 8
429263 39 11
429269 42 11
431325 59 6
431880 60 8
433577 59 9
433814 73 13
434655 38 3
438942 64 4
439516 76 8
440253 69 8
441957 65 8
442380 71 14
443807 81 12
445493 55 14
445754 61 16
447049 45 14
448423 70 15
448893 11 74
450015 74 11
450404 60 11
451039 52 11
451770 57 14
452248 76 15
452415 40 10
452930 55 7
454134 54 1
458068 53 8
460785 54 11
468495 67 13
469407 67 6
472859 20 53
474608 72 16
480591 36 19
480835 39 26
486411 53 18
488487 48 28
489115 48 23
491499 58 29
493537 53 16
493606 59 31
495623 62 27
498521 63 29
499279 58 12
499967 49 19
500399 46 20
500405 50 21
500661 17 9
501186 67 28
502480 53 18
504456 54 14
505747 53 19
509991 44 24
511200 59 16
511286 47 22
511320 52 19
512219 40 25
512273 64 27
513721 53 20
514596 71 37
515177 35 14
515191 35 13
516665 73 38
516729 53 39
516794 60 26
517871 59 24
517926 55 19
517932 57 21
518237 47 15
518747 41 21
518774 56 27
519292 61 27
519772 73 18
523050 56 20
523453 50 24
524717 26 54
524941 24 43
525057 26 64
525803 27 50
525810 34 57
525903 26 42
525953 23 29
526619 34 45
528371 26 47
528493 43 33
528610 16 28
529280 45 50
529607 32 44
531293 29 45
533431 26 46
534046 34 42
534087 36 41
535139 44 41
535669 40 28
535740 50 56
536147 44 38
537499 31 27
540784 31 26
541100 43 38
541127 42 48
542700 54 45
544506 40 32
545358 37 31
545718 38 41
546748 50 25
547798 39 38
549672 38 64
549748 29 47
552779 25 37
554160 23 35
554574 15 32
554867 34 50
554922 35 67
555351 32 46
555609 45 61
556349 40 72
556784 31 47
557180 37 42
558284 43 57
559200 65 0
560816 31 76
562770 24 61
563190 12 29
563365 18 34
567125 29 59
567413 24 36
568018 38 50
569227 21 43
572067 39 53
573328 44 51
573892 22 50
577424 24 54
581572 20 29
581907 34 70
583987 24 41
585142 31 55
587828 26 51
588852 39 63
593008 21 59
593102 33 50
593196 19 44
595238 22 62
595724 31 59
602633 21 46
604293 18 37
604772 30 30
605518 41 49
605606 29 49
605837 32 58
608922 29 53
609920 25 54
610833 37 54
610903 33 67
610963 37 58
611498 10 75
613915 19 73
616739 15 89
616778 13 87
617969 9 58
618789 7 20
619451 14 59
620150 16 69
620383 22 71
621969 20 98
622681 14 65
623179 14 56
624339 11 62
630042 10 61
630273 16 89
630864 13 69
630897 11 77
630963 6 53
633735 28 40
633742 29 44
633852 17 31
633882 28 49
633889 25 47
633902 22 47
634026 33 38
634044 27 45
634068 26 46
635593 50 45
636072 49 45
636393 37 42
637016 31 39
637032 30 45
637085 30 47
637119 34 43
637153 34 47
637200 30 31
638713 18 27
639463 40 43
640777 25 27
640947 30 41
643539 42 38
645208 42 51
645893 59 70
647474 22 45
647630 25 53
647666 31 47
648246 30 52
648977 16 21
649585 29 27
649697 33 48
649893 44 40
650705 26 20
651226 40 53
651821 51 54
654131 45 58
654939 31 42
655410 37 50
655661 33 57
656170 33 60
656643 30 61
660757 28 42
661272 18 35
663732 42 51
664292 28 44
664964 27 44
664991 40 48
666475 28 42
666708 42 48
667250 53 63
669536 67 14
670055 68 12
671176 46 16
674095 71 15
676028 76 19
678815 66 7
679624 57 11
680414 90 7
683083 31 8
683104 49 8
683578 67 13
683736 81 12
685280 61 11
686811 74 23
687415 80 22
687687 53 11
687785 73 10
687985 79 14
691944 84 11
692251 86 11
694671 61 4
696166 84 9
696974 62 9
697583 61 11
699215 105 4
699391 59 6
701826 75 8
704090 100 11
704195 86 17
704507 83 13
704731 67 4
705228 39 49
709471 38 53
709906 34 36
710089 51 41
710094 55 46
710561 45 36
710567 42 37
711115 40 36
712250 41 36
712294 70 42
712423 49 44
712736 53 51
712906 42 43
712965 35 46
713159 56 52
713267 46 39
713319 35 36
713363 44 54
713506 49 41
713606 54 48
713644 58 49
713691 33 27
713791 62 66
714319 38 33
714691 39 42
714896 53 39
715522 48 32
715760 72 39
715916 64 44
716790 71 66
717160 62 72
717684 35 50
718202 35 32
718396 39 41
718683 38 39
718809 55 48
718884 45 47
718922 43 45
719337 61 43
720021 57 65
720144 64 56
720190 71 61
720292 41 34
720663 35 27
720907 33 35
721105 42 53
721114 40 56
721488 62 43
721577 31 34
721697 62 37
722047 54 51
722084 38 39
722400 33 53
722698 51 42
722703 55 45
722711 60 44
723632 57 46
723680 37 40
723830 58 43
723844 46 43
724274 44 36
724318 45 40
724476 63 53
724641 44 48
724847 47 62
724935 43 36
724959 42 50
725127 34 41
727380 50 41
728336 70 46
728480 50 32
730154 63 58
731295 37 25
731916 55 49
732243 63 47
733682 36 30
735019 56 44
735835 43 40
735955 52 30
736359 73 60
737378 36 54
740134 42 39
741122 62 54
742648 3 11
745069 79 79
745403 40 48
745478 47 61
745872 46 44
746913 59 51
747045 51 47
747471 45 61
748374 65 52
750197 47 46
751162 55 66
754817 96 19
755002 79 18
755034 91 21
755094 88 15
755141 87 16
755190 88 12
755960 70 19
756024 78 22
756096 94 17
756136 68 12
756275 76 19
757061 93 18
757811 67 11
757835 59 15
757955 70 14
758185 70 18
758771 80 16
759225 69 10
759312 72 20
759366 70 13
759676 76 18
759687 76 18
760092 58 20
760110 62 23
760149 53 19
760377 73 22
760386 94 30
760641 77 16
760695 94 21
760731 92 20
760779 82 22
760812 82 25
760827 78 25
760922 76 12
761100 46 16
761193 77 14
761230 97 23
761358 44 13
761480 63 18
761532 64 14
761572 55 13
761577 57 11
761591 80 10
761618 79 15
761636 93 24
761667 62 22
761677 62 19
761694 66 23
761719 78 18
761725 64 18
761888 97 24
761934 101 36
762063 70 13
762069 69 12
762078 72 13
762166 79 16
762204 75 21
762255 54 36
762271 73 23
762279 75 24
762299 86 23
762335 70 21
762346 79 23
762352 74 22
762360 79 20
762382 46 20
762390 44 17
762400 47 14
762418 64 18
762429 71 20
762460 85 22
762519 79 26
762531 80 22
762807 54 17
762857 79 23
762932 74 12
762975 68 19
763005 77 21
763036 83 16
763085 78 11
763107 72 10
763114 78 10
763136 51 11
763355 90 23
763414 90 18
763423 77 20
763455 81 18
763479 59 14
763537 74 18
763603 101 21
763675 101 23
763692 89 22
764238 77 13
764257 67 11
764274 63 15
764461 82 23
764488 63 18
764568 103 28
764598 59 18
764952 106 24
765145 89 13
765183 94 12
765249 93 18
765318 65 19
765344 74 15
765453 63 14
765510 70 9
765651 67 24
766040 88 24
766179 83 21
766348 64 22
766567 91 18
766714 86 15
766834 74 21
766864 78 15
766894 78 11
767266 72 11
767500 56 12
767539 89 15
767560 85 12
767794 71 19
768490 90 24
769762 38 62
769796 29 49
769824 40 46
769838 45 44
769845 47 50
770308 37 44
770536 56 56
770657 52 43
770866 46 50
770962 43 34
771112 51 49
771238 48 49
771597 48 70
771796 55 74
771971 48 55
772114 46 58
772251 8 63
772262 8 58
772300 12 61
772310 14 44
772355 13 76
772394 6 46
