1411 68 18
2258 121 8
5464 51 7
6445 14 46
6467 13 81
6484 13 99
6515 13 100
6524 108 0
6551 13 92
6559 13 99
6564 13 96
6592 14 94
6632 9 67
6797 12 74
6880 19 159
7247 29 105
7307 44 103
7347 24 100
7355 19 100
7607 37 105
7618 66 59
7623 9 71
8085 94 12
9413 38 74
9422 46 84
9434 54 86
9446 95 97
9455 105 87
9485 196 109
9497 200 92
9542 154 102
9587 112 91
9625 53 95
9632 13 98
9665 20 79
9671 29 77
9737 96 99
9746 80 94
9848 18 89
9858 29 78
9863 30 75
9881 79 74
9929 91 70
9998 54 82
10042 90 63
10061 75 104
10144 78 84
10161 74 78
10166 73 80
10271 18 77
10282 29 83
10577 19 60
10582 21 61
10604 27 80
10610 26 99
10650 77 11
10673 58 106
10679 64 99
10745 77 57
10754 18 80
10958 94 8
11289 109 13
11431 45 8
11912 91 9
13146 91 7
13185 106 7
13229 20 138
13239 18 113
13296 82 12
13329 88 43
13345 25 87
13467 103 17
13519 26 113
13821 68 12
13984 84 10
14363 89 8
14529 22 6
14651 55 7
14679 16 2
14684 13 2
14941 7 9
15148 6 5
15172 13 5
15211 7 11
15616 22 0
15727 28 2
16019 55 8
16075 48 6
16142 4 26
17096 87 11
17484 74 8
17701 101 15
17811 66 9
17862 88 15
17885 95 13
18000 83 7
18153 110 9
18266 71 11
18282 74 11
18626 286 96
18641 393 80
18696 291 199
18703 386 94
18823 106 11
18885 72 7
18897 69 8
20110 74 10
21310 86 16
21781 97 12
22984 82 10
23508 71 10
24007 95 9
24559 69 8
24606 78 8
25348 76 9
26252 44 9
27451 99 9
27499 79 10
33363 56 10
33598 95 7
34156 68 10
35293 60 6
35420 137 20
36933 64 7
37119 65 7
37176 65 9
38301 59 12
38820 77 12
39434 94 12
39780 100 15
40271 74 13
40641 77 9
42206 67 5
42734 81 9
45601 69 5
45645 85 6
45671 98 8
46448 65 4
46981 67 13
47806 107 8
48217 81 11
48820 111 6
48903 70 7
49359 70 13
50028 92 13
50405 105 11
51471 76 4
51944 98 9
54220 81 8
55524 68 34
55689 49 26
55752 63 31
55792 77 35
56089 79 32
56247 65 36
56302 59 29
56386 70 33
56508 62 35
56568 58 45
56961 63 28
57127 43 33
57605 56 23
58364 44 22
59354 47 40
59601 48 35
59906 43 38
62165 59 25
68138 53 19
69086 68 31
72056 36 27
72092 49 38
73066 30 19
74712 52 47
75650 55 43
77039 37 49
77522 61 50
77695 54 44
79304 47 31
79631 67 48
79700 44 40
79715 46 41
79816 54 48
80010 61 45
80177 56 53
80590 35 37
80747 59 57
80892 55 57
82020 53 43
84225 34 31
85504 46 42
87023 34 32
87800 54 40
88965 52 26
89078 48 45
89638 54 43
89670 62 43
89719 69 46
89739 60 44
89804 34 32
90658 61 45
91011 11 16
91799 33 52
91814 31 46
91902 40 44
92072 50 42
92512 28 45
94797 30 50
95322 31 52
95656 32 37
96170 48 58
96237 48 42
96554 45 43
96806 46 64
96872 32 39
98068 45 50
98999 41 34
100166 51 49
101579 43 43
101802 42 45
124899 58 35
126273 58 28
126368 71 41
126614 40 25
126629 45 30
128170 68 24
128243 58 18
129160 31 21
129978 36 0
129998 38 0
130004 35 0
130109 27 0
130241 12 0
130631 62 23
133676 42 11
133706 25 11
133831 79 30
135059 79 22
135173 56 19
135247 75 31
135367 43 17
135477 67 30
135841 66 23
139308 66 29
139458 64 20
140980 48 15
141044 45 21
141259 84 23
141682 97 24
141733 53 22
141740 57 30
143561 32 37
145816 33 35
146813 37 47
147620 46 65
149762 31 30
152822 30 36
152866 34 36
156513 37 49
157892 46 54
159625 52 41
160569 32 32
160753 55 42
161844 41 36
167856 7 44
183460 9 72
185335 6 48
190178 8 59
191459 12 60
193620 6 51
199160 43 33
206627 44 18
209792 39 27
212788 38 32
216081 53 0
216698 46 43
216726 33 34
217873 64 5
219098 27 28
219774 47 33
220063 46 41
221422 40 51
221661 36 34
223156 53 31
226825 37 30
227858 41 35
227911 44 40
228220 40 36
228464 28 31
229907 54 48
230032 44 46
230051 44 41
230161 38 25
230613 35 33
230754 34 31
232994 40 55
233906 28 42
234944 25 22
235643 37 53
243096 28 46
243804 42 40
250934 34 29
252805 40 45
252868 49 37
255327 31 35
255698 35 35
256336 38 30
256993 38 47
257199 36 40
257311 44 34
258234 19 31
260492 31 37
261045 27 33
268218 28 29
268383 23 32
268407 32 33
269170 24 35
272083 33 40
272288 30 33
273192 34 36
273233 32 19
273444 34 46
274623 46 39
277025 26 38
277130 28 66
277214 32 36
277339 41 49
277625 25 59
277854 27 50
278880 28 48
279093 21 49
279873 27 51
280066 24 26
280109 17 40
280156 26 57
280717 24 37
282127 22 28
282237 41 51
282601 26 42
282683 16 30
283200 27 36
283359 18 33
283425 26 55
283731 37 53
284361 16 48
284588 19 41
285178 41 51
285341 35 45
285446 26 44
285485 26 46
285518 40 56
285859 21 32
285947 19 41
286019 29 42
286175 22 46
286320 20 35
286760 24 43
286799 30 42
286985 18 26
287282 21 33
287313 20 38
287576 37 54
287804 48 54
287979 33 32
288003 38 41
289092 27 50
289132 25 35
289234 37 52
289311 20 57
289686 40 53
292746 26 51
293771 15 55
293825 10 50
293937 22 68
294057 22 49
294224 23 67
294237 26 68
294499 27 54
294581 24 44
294741 22 45
295191 22 34
295319 25 48
295780 16 41
296123 20 44
296263 22 49
296590 20 42
296796 10 42
297651 13 29
297795 11 36
298869 13 56
299752 35 49
300230 27 61
302148 11 40
302236 19 77
303642 16 47
303718 18 50
303962 18 62
304028 13 53
304067 15 60
305744 12 34
306877 14 56
308055 14 48
310015 11 41
310879 21 58
312491 8 44
314221 19 51
314227 18 44
314754 16 50
315555 8 47
315815 12 42
316687 16 50
316863 11 62
317161 14 73
317908 19 48
318821 19 55
320064 12 50
320415 15 57
320448 21 61
320655 17 55
321182 16 52
321521 10 68
322786 17 44
325076 11 50
325104 7 37
325255 24 62
325510 8 65
325967 14 53
326221 18 59
326262 15 62
326327 13 59
327491 10 38
327629 17 42
331274 10 46
332745 7 62
333190 11 66
334256 9 60
334333 9 70
334359 11 66
335012 8 53
337043 8 64
337479 7 61
340828 13 55
341230 10 53
345335 8 41
345994 12 54
346188 8 43
347334 8 69
347809 12 52
348019 13 51
348735 9 58
348745 9 53
349629 11 80
350372 10 52
350390 10 45
350615 8 44
350831 9 57
353411 10 68
353513 5 42
353589 6 47
353637 9 73
354141 12 70
355122 6 50
357750 14 66
359568 7 34
362526 10 55
362955 8 49
364016 5 44
364691 4 14
365001 6 35
366599 7 63
368364 9 77
368792 12 76
371092 12 53
371805 11 78
373601 6 47
378236 8 50
378735 12 60
378752 29 73
378787 21 140
378795 113 64
378819 76 147
378837 59 147
379009 24 72
379181 11 67
379219 19 62
379254 6 53
379326 8 60
379447 46 147
379494 62 332
379530 118 153
379581 62 164
379587 50 181
379765 12 39
379781 26 47
379801 30 61
379889 38 64
381825 8 56
384321 6 38
392222 9 50
396183 8 44
397171 7 42
401303 7 53
401479 9 42
401531 6 33
403335 9 77
403826 15 51
406997 18 57
407317 7 44
407383 11 45
407419 18 51
408776 9 47
410646 12 54
412023 13 55
412687 6 40
412733 9 37
413004 7 38
413011 6 35
415162 15 55
415352 8 48
415369 11 46
415428 13 44
416259 7 38
417004 7 27
418606 12 64
418641 11 47
418726 17 44
418971 13 61
419092 13 63
420091 13 64
420512 15 85
420584 11 46
420945 13 52
420981 12 55
421209 8 37
421336 9 60
422165 16 50
422219 23 71
422249 8 41
423369 10 57
423522 9 43
426139 15 42
426709 20 57
426848 15 58
426981 10 52
427871 9 57
427962 11 72
428277 12 35
428596 13 49
428767 8 49
431173 16 77
431455 13 52
433975 8 42
434908 7 27
436760 10 65
439433 9 48
440571 11 89
440882 5 24
441470 11 67
442617 15 49
443538 8 51
445113 9 49
445657 11 62
447338 9 45
448147 7 41
448959 24 28
450709 10 68
451423 12 50
452233 7 57
454158 7 57
455931 9 44
460001 10 50
463089 13 19
465714 12 31
465729 14 32
466232 31 45
466509 24 32
467927 17 44
468050 27 50
469631 35 61
472606 25 37
475191 26 48
475990 24 28
477120 20 27
477263 32 47
477685 24 35
479603 28 43
482122 32 27
482986 19 38
483240 16 44
483520 19 43
485393 28 38
485606 13 30
488481 25 28
489693 25 41
490563 26 29
492361 23 35
497174 11 32
497509 16 24
498586 14 44
499832 26 40
500498 21 37
500787 13 37
501321 24 28
501542 21 26
501722 21 33
501938 24 35
502121 36 50
505346 36 27
505514 25 28
507587 12 46
508228 12 36
508516 20 88
509711 8 41
510091 9 65
510298 57 3
512024 10 42
512400 13 50
513419 14 30
513483 14 50
513537 13 58
514565 18 41
514938 12 44
515151 15 40
515243 19 60
516951 15 36
520720 11 23
521153 10 44
524429 14 33
524860 3 13
526933 11 41
529990 17 50
533951 10 57
534142 5 26
534691 10 56
535795 9 55
539196 8 47
540976 9 54
542082 9 50
546931 6 46
548288 10 50
548327 6 43
548537 14 62
548773 6 31
550089 11 65
550882 12 56
555451 7 37
556748 10 55
558382 10 39
559717 12 46
560508 5 43
560986 11 41
561478 14 55
561814 11 41
563132 16 37
565490 22 26
567014 15 62
567498 12 46
568819 21 28
570850 20 20
572554 27 26
573736 22 15
573746 22 15
573760 20 13
573860 24 37
574009 17 20
575401 23 44
575586 10 31
575636 15 44
575656 12 37
575775 14 38
575791 12 36
579447 37 15
580816 42 21
580829 36 17
582038 30 28
586169 37 24
587352 54 15
587414 30 11
589252 29 18
589263 29 19
589375 26 16
591919 38 21
592153 54 19
593207 37 25
594260 35 23
595378 27 18
595385 30 19
595837 33 25
596152 15 20
597040 20 5
597252 52 24
597383 28 14
602294 39 17
603795 23 17
604039 41 26
605716 27 12
610424 48 21
610799 28 11
614015 32 17
615697 48 18
617009 3 10
619095 45 21
619397 32 11
620117 28 10
620122 24 11
620758 37 14
620818 30 22
621031 46 19
621499 39 16
621723 47 17
622527 6 13
622682 46 19
622788 44 17
622797 45 18
622808 46 20
622852 43 19
623032 49 20
623066 30 15
623772 35 15
624208 40 16
624546 41 11
625045 45 8
625935 47 14
625977 50 16
626547 25 8
627013 28 14
628369 38 13
629313 45 12
629399 40 14
629853 28 5
629940 31 16
630051 38 11
630868 33 6
633733 30 17
635736 34 19
636520 40 14
636711 36 19
637194 44 20
639136 29 13
639610 28 6
640251 33 15
640406 48 19
645161 45 8
645279 28 9
646004 34 18
647178 38 18
647520 31 17
647579 29 8
647863 49 16
648135 43 17
648271 36 18
649742 24 8
650044 49 19
650084 38 18
650147 17 19
651088 37 11
655206 42 11
655465 54 11
655476 42 11
661870 44 8
662413 44 23
662557 41 15
663893 47 9
665349 34 20
666782 53 21
667409 34 14
668212 32 18
669960 47 28
671902 37 19
672075 50 15
672272 55 15
674190 52 14
674470 46 22
674965 36 27
675799 24 24
675921 19 14
679253 36 35
681457 32 26
682403 26 19
684187 34 26
684661 18 22
684947 14 30
684956 14 33
686612 26 25
687428 25 28
687975 22 32
688155 17 24
688169 16 25
690392 27 25
690408 30 25
691214 18 20
693080 21 23
693370 28 25
693850 34 30
695736 30 22
696291 34 30
696720 30 24
699529 24 26
699658 32 45
702801 20 16
703392 36 25
703531 30 30
704106 28 24
704235 26 26
706954 31 30
711748 29 26
713538 60 21
716304 35 18
716800 48 24
716827 38 24
717967 26 13
718221 30 13
720031 21 16
720236 21 12
721243 27 18
723177 32 20
726725 34 20
727008 39 17
727424 32 10
729038 346 144
729055 128 367
729074 192 301
729081 134 337
729082 169 342
729101 262 232
729119 464 52
729149 263 252
729170 111 309
729203 167 51
729215 57 134
729221 119 56
731765 18 13
734350 37 14
735509 18 26
738791 16 43
739788 19 33
741481 17 24
778687 15 49
784956 7 45
787580 13 39
787946 9 36
793420 23 53
796271 19 15
797042 21 13
803000 23 29
806429 17 59
808109 10 55
812679 33 28
813236 9 15
819980 32 29
820465 33 31
820813 28 25
821365 31 27
823138 38 23
823327 25 15
825297 37 26
826270 38 22
826874 33 22
826911 28 29
826936 20 29
827618 27 14
827920 31 15
828781 23 23
829173 33 17
829713 23 27
829914 22 31
829921 28 30
830208 28 41
830453 19 23
830823 29 19
831287 21 24
834447 15 13
835909 44 31
835972 30 25
836749 26 22
837895 34 28
838461 35 37
839812 36 27
845541 37 25
845624 35 28
845994 31 34
848022 22 21
848856 16 21
848897 27 23
854341 20 28
854827 34 21
856092 20 23
856765 40 27
859063 31 19
859831 25 28
860540 24 31
860616 30 30
860637 29 38
860656 34 35
860858 30 30
861511 40 30
861617 36 16
862409 17 18
862501 24 20
862544 37 31
862796 26 14
863202 36 18
863368 29 30
863646 34 30
863926 29 32
864396 45 36
864611 36 23
864744 29 23
865288 32 25
865400 34 37
865564 20 19
865621 20 15
865690 25 29
866284 38 20
866323 38 20
866331 32 20
866428 43 33
866836 17 21
866868 21 29
867184 35 17
867871 28 22
868593 38 20
870217 36 29
875460 41 35
876133 41 38
879174 37 25
880108 24 28
881770 16 16
883270 39 37
884959 15 18
886209 18 82
887451 6 38
896249 6 53
896558 13 55
897197 7 35
903157 7 37
905043 7 49
905870 8 50
908122 8 50
908698 8 40
908858 8 49
908876 7 46
909148 8 33
911644 16 50
912014 8 43
912094 9 66
913153 7 50
914631 8 53
918401 12 55
919532 9 56
920606 9 50
920843 9 42
922453 9 43
925624 5 39
926329 7 46
928836 8 56
935239 67 0
935819 7 36
937396 15 63
940650 10 47
945966 10 40
950509 14 43
952152 8 49
953048 15 55
953987 13 39
955651 12 44
955678 9 39
958843 8 26
958965 9 60
959722 17 52
960265 9 69
960913 8 43
961796 16 62
962214 9 48
962263 6 41
962487 5 45
962768 8 46
963187 9 43
963866 8 43
963996 13 42
964358 16 58
964569 22 75
964657 11 42
965194 6 48
966527 13 58
968253 18 48
972679 15 67
973509 15 59
974564 21 45
978150 11 50
987956 7 44
988037 22 62
988439 28 63
990091 20 44
999780 29 42
1000313 40 29
1001570 37 34
1001901 26 14
1002167 36 21
1002535 27 28
1003203 50 48
1005288 23 22
1006825 51 36
1007108 33 36
1007551 32 32
1007619 32 32
1008134 34 31
1008922 34 40
1009174 41 37
1009307 28 35
1009324 24 33
1009723 25 21
1010026 22 18
1010381 22 43
1010418 31 37
1015263 25 34
1015900 28 35
1017907 36 40
1018026 39 25
1018261 33 22
1020443 35 19
1020536 28 21
1020791 27 30
1021361 30 20
1021390 25 24
1021619 15 23
1021657 23 30
1021739 41 22
1023205 22 21
1023260 13 14
1026924 27 31
1028405 32 21
1028680 53 29
1028729 47 24
1029592 37 24
1029865 28 27
1030397 29 22
1030558 31 22
1031201 36 34
1032279 36 31
1032980 32 21
1033038 45 22
1034629 53 36
1035626 36 21
1036229 24 39
1036355 46 24
1036648 43 27
1037821 16 29
1039344 44 24
1039877 41 28
1041087 28 27
1042001 19 20
1042288 45 28
1043336 37 35
1043413 38 32
1043636 36 35
1044042 45 25
1044760 24 15
1045586 40 29
1047289 34 32
1048667 30 14
1049256 45 21
1049903 51 34
1053068 36 24
1056151 45 39
1058029 37 23
1058497 39 25
1058986 32 21
1059823 41 25
1060840 48 18
1061808 35 12
1062102 44 26
1062113 47 24
1062118 40 19
1062669 68 24
1068381 33 31
1071165 40 28
1071612 28 12
1071619 28 12
1071918 29 23
1072072 32 26
1072510 41 24
1072699 35 14
1072846 28 33
1072888 34 32
1073041 45 29
1073404 38 31
1073710 43 16
1073862 34 18
1074277 26 15
1074586 34 14
1074636 46 26
1074703 55 33
1075309 47 28
1075354 42 32
1075541 35 33
1077065 40 28
1078147 27 16
1078240 39 32
1078951 63 30
1080905 24 24
1081858 40 28
1083248 28 21
1085596 34 13
1085743 46 29
1086804 17 23
1086843 37 0
1087070 9 24
1087089 14 23
1087101 13 26
1087147 19 32
1087164 17 33
1087170 20 34
1087206 12 21
1087284 27 27
1087657 30 20
1088230 42 37
1088817 49 26
1089361 50 34
1089395 55 37
1089630 30 26
1090280 12 14
1092943 12 66
1093036 24 57
1093089 15 57
1093182 49 66
1093201 55 74
1093243 55 65
1093275 29 108
1093276 36 99
1093281 61 83
1093297 24 112
1093303 29 116
1093317 31 112
1093326 68 73
1093381 21 54
1094689 53 32
1095154 48 23
1099219 40 25
1101245 19 19
1101445 34 26
1102425 48 36
1102946 42 29
1103453 42 35
1104395 50 9
1104664 34 22
1104825 43 33
1105712 41 22
1107036 35 23
1108779 41 27
1111109 46 20
1112073 44 26
1113329 50 31
1113339 49 35
1115078 46 14
1116049 37 33
1116952 62 22
1118257 30 28
1121946 35 24
1124938 43 21
1125813 34 26
1126396 56 29
1127473 31 27
1128752 38 18
1129492 22 31
1129546 27 34
1129895 20 45
1130137 27 54
1130180 14 51
1130293 14 31
1130318 14 39
1130342 13 43
1130358 15 52
1130382 12 51
1130393 9 50
1130484 26 43
1130671 33 48
1130687 40 53
1131572 37 43
1131956 29 36
1132953 40 43
1134903 29 36
1135214 37 33
1136669 36 27
1138191 26 31
1138934 26 38
1140337 31 38
1140454 22 29
1140670 39 29
1141156 38 38
1142572 34 36
1142735 30 34
1143880 38 43
1152748 29 20
1152916 33 49
1153465 23 36
1153856 48 50
1154543 38 38
1155007 31 36
1156179 30 51
1157149 33 27
1158313 43 49
1158328 53 43
1159312 25 38
1160721 25 38
1161163 25 43
1161887 33 37
1162110 43 49
1162276 24 44
1162944 36 44
1163130 35 36
1163196 28 38
1163566 25 42
1163663 26 34
1163759 36 36
1166850 8 65
1167064 9 74
1170660 8 69
1174317 7 52
1174469 15 75
1174656 10 56
1174989 8 62
1175097 15 91
1175320 10 79
1175326 12 86
1175372 11 87
1176808 14 96
1177665 7 53
1177692 12 63
1179235 7 55
1180066 10 67
1180311 6 39
1180420 5 43
1183298 11 83
1185725 14 76
1202406 8 69
1203765 11 73
1209727 14 62
1211551 10 66
1211663 4 33
1212136 9 55
1212527 7 62
1213460 10 62
1213780 11 58
1213826 12 57
1213979 12 103
1216140 7 60
1229423 8 30
1229483 12 38
1229495 32 12
1229500 29 3
1229507 14 0
1229512 12 0
1229549 27 0
1264316 9 66
1268978 14 60
1270397 19 67
1273194 25 92
1273340 8 53
1273363 19 71
1273412 27 75
1274966 17 72
1277810 9 80
1280691 92 0
1283388 12 78
1284786 12 63
1284856 10 75
1287491 12 66
1287663 9 65
1287870 12 89
1292099 9 69
1292642 9 75
1294006 19 93
1297474 10 80
1297657 8 68
1300986 6 54
1308745 9 58
1317971 13 99
1320312 13 90
1320329 13 99
1326492 10 84
1330389 8 70
1331404 10 70
1335456 10 69
1338025 22 75
1338954 15 58
1339209 18 64
1339458 15 43
1341772 30 77
1342312 14 64
1342500 31 72
1343011 22 78
1344636 13 62
1347887 23 54
1348076 13 53
1348586 30 75
1349953 34 76
1350105 20 69
1351447 17 60
1352318 21 71
1352341 20 68
1354019 21 76
1354045 18 84
1354198 17 65
1354212 16 58
1354590 21 52
1355002 26 69
1355705 19 63
1355742 14 46
1355883 18 67
1356027 9 40
1356315 15 55
1356426 24 115
1356556 13 55
1356648 27 114
1356884 16 87
1357106 27 62
1357572 16 92
1357671 33 101
1357796 20 77
1358399 34 72
1358564 15 60
1358825 17 67
1358891 19 73
1358901 19 68
1358921 14 69
1358945 18 96
1359146 20 79
1359304 12 79
1359310 14 88
1359419 18 90
1359621 16 68
1359689 14 90
1359856 12 65
1360879 21 85
1360927 23 85
1361694 23 82
1361727 30 92
1361784 31 94
1362603 22 74
1362687 16 54
1364436 22 56
1365042 13 59
1365126 23 80
1366684 15 67
1368342 29 74
1368516 22 65
1368784 20 50
1370960 23 67
1371260 30 58
1372056 22 53
1376198 29 88
1376224 35 96
1376383 31 93
1378618 36 80
1379265 16 42
1380880 44 97
1381255 15 83
1381300 19 69
1381684 20 27
1381716 16 25
1381761 22 32
1383311 30 71
1383357 33 80
1383401 28 63
1383649 31 88
1384322 27 79
1384442 30 105
1385840 18 46
1390730 18 58
1390832 21 57
1391339 44 91
1394248 49 70
1395995 59 31
1396011 61 39
1396098 38 31
1396107 54 38
1396665 55 38
1398232 30 56
1399896 54 26
1402191 65 40
1403371 76 33
1403669 88 22
1403776 92 25
1408884 62 23
1411307 60 25
1411447 47 25
1411811 47 24
1413184 72 43
1413678 62 23
1413711 75 29
1413733 66 34
1414260 63 30
1416089 61 19
1416219 61 31
1416922 76 36
1416960 70 29
1416998 50 22
1417080 85 22
1417204 68 22
1419769 63 24
1421324 58 22
1422450 84 22
1422743 67 26
1422793 77 23
1422887 73 25
1422926 98 34
1423028 74 16
1423521 86 31
1424273 53 15
1424444 41 13
1424454 6 35
1424753 20 5
1424762 40 5
1425491 88 25
1425654 76 17
1425766 64 24
1427149 64 15
1427228 79 10
1427545 65 16
1428149 67 20
1428603 75 30
1429523 69 20
1429545 68 20
1429653 84 16
1429840 78 22
1430015 77 25
1432453 80 29
1433736 95 24
1436224 54 127
1436248 72 138
1436254 33 153
1436286 15 85
1436307 20 81
1436317 26 68
1436337 14 38
1436347 11 33
