62 138 35
94 70 154
573 50 281
592 40 238
698 36 178
735 49 120
1991 59 108
2245 47 118
2497 52 132
2505 67 131
2864 103 85
2911 52 116
3245 70 123
3304 74 139
3343 59 124
4670 71 68
4974 91 109
5256 139 36
5390 91 119
5496 110 93
5804 63 175
6428 57 140
6624 126 36
6921 49 154
7749 150 38
8539 152 58
8823 80 24
9009 9 13
9803 13 33
10348 142 58
11147 109 107
11730 103 38
11786 39 134
12358 114 142
12528 84 75
12679 151 45
12723 45 104
12906 56 18
13031 25 34
13224 13 89
13244 38 36
13385 52 57
13622 39 47
15150 51 58
16257 33 51
16593 48 54
18254 36 44
19865 55 65
20636 59 62
20933 52 66
21127 49 50
21994 45 47
22774 42 54
22780 41 49
23002 58 58
23322 37 55
23458 62 58
23472 44 56
23749 35 34
26431 58 71
26459 37 56
26561 39 40
26680 28 34
26760 39 45
27088 42 52
27239 40 66
28962 41 45
28994 45 56
29335 29 53
30029 33 40
30323 53 48
31025 49 48
32513 44 53
32768 48 63
34640 44 46
35398 29 40
35551 42 64
37016 37 60
39396 34 44
39739 18 25
40304 42 49
43487 28 30
48707 62 55
48715 58 53
48996 35 48
50310 42 73
50523 51 61
51022 25 46
51252 40 62
52574 23 35
52661 34 42
53441 39 75
53977 37 51
54296 20 34
55285 45 64
57273 38 52
57842 40 72
59249 29 34
59256 28 48
59935 32 59
60029 21 45
60034 18 45
60143 23 57
60629 20 64
61068 21 64
61630 37 50
61970 25 50
62329 14 47
63011 27 75
63483 25 45
63673 25 80
64368 25 65
65816 22 64
71619 22 63
72028 25 57
72371 21 63
72852 28 60
73261 17 44
77116 15 76
77162 21 78
77384 11 54
77608 18 53
78217 19 33
78619 18 63
79273 27 53
79301 35 55
79410 31 79
79471 20 57
79485 22 69
79493 22 62
79558 25 52
79604 20 58
79647 22 61
79662 29 65
80000 25 68
81099 18 51
81121 20 48
81139 17 76
81145 19 79
81163 33 93
81170 13 109
81189 22 118
81202 23 126
81253 21 44
81313 27 57
81355 14 101
81361 14 102
81409 66 47
81433 82 55
81475 22 106
81583 70 90
81613 23 52
82324 13 47
84053 20 53
84873 27 54
85325 19 57
87954 24 54
88032 28 62
89630 21 53
90089 28 61
90706 19 99
92189 25 45
93369 23 66
93434 24 66
93462 22 74
93560 10 46
93671 21 84
93878 20 67
94055 17 68
95082 18 58
95119 13 47
96047 17 59
96684 10 49
96792 30 88
96979 18 51
98508 27 49
98796 28 51
101017 10 46
101249 17 58
102042 30 69
102367 21 78
103090 22 51
109422 32 49
112183 30 50
113022 30 46
113046 20 50
113230 34 53
113249 36 46
116441 37 61
116464 33 60
116572 23 45
116813 19 34
117129 30 54
117297 22 49
117309 23 46
117606 38 54
117681 49 67
117831 23 38
118086 35 53
118552 26 48
118765 30 48
119217 18 47
119720 7 45
120538 31 65
121568 24 53
122192 16 51
122869 37 61
124689 30 52
126271 24 45
127127 20 41
127726 2 16
127809 10 25
127820 9 25
128141 30 38
131968 26 51
133755 24 56
134864 28 55
135703 19 65
136944 26 28
136987 21 36
137052 23 42
137159 35 59
137321 23 34
137411 27 44
137492 37 71
137576 27 54
137600 18 41
137867 26 55
137894 26 54
137913 30 48
138171 32 73
138260 26 44
138462 26 64
138812 50 62
138851 37 51
138922 14 34
139021 42 58
139110 33 55
139135 38 61
139148 36 39
139437 20 38
139800 32 53
139916 33 51
140219 18 43
140309 43 91
140397 33 72
140527 32 51
140966 24 63
141098 27 49
141296 36 72
141413 18 49
141686 37 69
141989 29 62
142184 31 43
142247 36 72
142955 18 55
143108 24 63
143313 27 52
143324 34 59
143639 30 54
143918 36 74
143960 35 49
147625 29 60
154674 31 49
158436 39 73
158441 45 66
158477 35 42
158548 11 38
158583 15 44
158744 17 40
158772 18 62
158780 18 58
158921 36 65
158944 22 59
158952 23 58
159062 28 46
161107 22 62
161985 25 40
162924 31 48
166541 30 66
167293 26 76
168211 28 52
168627 6 25
170165 23 55
170212 27 59
170394 17 33
171022 25 54
172869 5 13
173199 19 28
175298 28 35
176053 27 68
176508 28 45
176736 33 48
178365 29 55
179548 30 46
181385 30 56
187320 39 38
188073 36 35
188293 40 29
190914 30 27
190943 26 32
192697 39 25
196009 69 27
197960 40 21
198830 46 21
198862 39 17
199056 41 20
199096 42 17
199216 39 18
199327 55 36
200002 67 25
200239 44 26
200788 54 32
201872 51 15
202101 20 1
202497 47 19
203332 50 44
204578 63 30
205405 51 21
205593 51 24
205646 55 15
205766 66 30
205787 74 30
205998 53 23
206031 60 18
206149 51 20
206586 54 26
206646 44 24
206700 39 22
206751 45 21
206758 43 19
206787 69 30
206829 60 26
206871 54 29
206892 56 27
206927 32 19
207090 59 30
207111 61 32
207133 48 26
207178 44 15
207252 55 26
207264 39 25
207274 48 31
207312 45 28
207405 72 25
207995 42 23
208192 46 18
208237 55 13
208613 53 25
208786 61 19
208913 43 18
209115 61 25
209239 24 10
210968 54 26
211055 63 11
211663 25 7
211753 53 15
213796 29 9
215443 57 14
217936 40 25
218016 91 22
218784 42 22
219574 63 20
221883 57 29
221997 60 26
224710 58 23
225563 43 18
225776 42 21
228263 80 32
229441 45 22
230281 26 13
231196 69 20
231403 59 23
232014 75 34
233150 45 15
239478 37 24
240583 47 40
243455 45 28
247684 39 22
247812 48 35
251521 35 28
251729 67 37
252674 42 26
252680 48 27
254299 57 43
257168 54 31
257657 35 25
259148 53 0
260606 39 29
261752 30 22
262294 34 42
262774 32 31
263226 43 39
266010 48 32
269759 22 30
272583 40 28
273129 27 19
273474 38 35
274612 31 26
277060 26 42
278591 42 8
278986 61 18
279149 47 20
279838 67 17
280982 65 22
284586 28 53
285023 23 73
285491 31 44
285755 26 51
285975 15 45
286284 28 51
287687 27 46
288989 25 39
289010 18 42
289770 17 42
290005 27 52
290863 25 34
291441 64 0
291570 25 42
291608 34 41
291769 17 46
292140 22 0
292703 22 37
293642 28 51
294049 25 46
294173 16 57
295080 38 69
295915 22 51
296952 22 55
298308 15 56
298923 29 54
299217 23 43
299442 26 49
299473 26 43
300071 31 52
300173 24 50
300267 21 39
300422 25 51
300899 36 56
301793 16 30
302271 34 45
302335 16 45
302350 18 42
302559 24 65
302751 21 45
303238 19 61
304758 19 30
306726 18 49
307824 14 33
308010 7 42
310976 28 47
311922 32 31
316145 19 54
316205 27 56
316271 25 39
316372 24 40
317152 19 33
321396 22 31
323343 15 52
324683 43 47
328119 18 36
330081 30 43
330607 32 45
332685 26 55
333913 22 32
334691 21 27
335189 14 41
336566 17 39
338459 29 33
339222 28 49
340337 25 32
341097 14 36
341362 30 50
341554 33 43
342667 29 41
343119 21 36
344578 28 35
344838 20 44
346387 21 28
348838 25 45
349003 36 63
350171 13 27
352068 36 41
352255 30 56
352380 17 32
353595 24 29
353705 26 40
354114 22 44
354903 25 33
355854 15 43
356710 20 42
356737 25 52
357293 12 50
357397 23 41
358902 31 49
359007 14 35
359481 24 47
360473 28 33
363500 19 38
364976 16 34
365916 21 52
367449 31 40
369247 22 38
371351 23 37
371386 21 43
373106 30 54
376657 42 6
376972 56 5
377807 24 38
378260 38 43
379641 18 52
379949 19 44
380643 31 46
381226 9 49
381232 8 46
382785 82 13
382823 70 11
384230 55 9
384450 82 11
384759 57 8
384781 68 6
384811 73 9
400559 30 35
400846 25 25
401275 14 15
401479 25 22
402642 29 25
408307 30 27
414221 32 38
414260 29 43
414796 33 43
417707 22 30
419526 45 46
420630 30 42
422346 21 29
423675 22 34
424089 22 42
424665 24 32
424913 30 33
425089 27 28
425209 23 27
427211 19 46
427818 24 34
429006 24 35
433341 29 33
433958 23 36
434025 14 35
434049 4 24
434114 28 36
434241 26 33
434285 31 34
435662 35 30
435709 24 42
436070 30 33
436124 38 27
436162 40 33
436556 30 38
436619 39 36
436890 34 42
436963 21 20
437577 44 46
437698 31 32
437734 21 26
438448 32 42
438615 26 33
439273 18 28
439895 9 37
440299 23 40
441579 33 52
442956 34 42
443057 11 28
443242 36 44
444242 11 13
444454 27 39
447223 26 37
451586 22 21
451595 24 23
451795 32 19
452213 33 17
453763 37 20
454909 8 31
455174 5 31
455347 9 28
456707 12 41
457474 9 68
457622 14 47
457760 10 50
458699 7 35
458854 12 57
462275 23 42
463947 9 34
468311 21 42
470983 26 37
472168 27 49
473121 20 32
474190 22 44
475694 22 32
477273 26 34
482860 30 48
482893 23 37
486348 13 26
486550 14 33
487864 18 51
488233 20 57
488269 28 58
488284 23 56
488291 19 55
488339 12 51
488837 8 56
490508 18 38
492206 13 37
494934 22 46
495301 16 27
495393 13 46
497431 24 58
498067 18 57
498317 13 56
498368 23 60
500019 12 36
500036 15 34
501781 18 39
501829 23 37
503793 13 62
504060 16 44
504140 10 41
505841 14 38
512370 16 31
512563 19 36
516161 18 49
522403 21 42
526542 13 37
535480 20 44
537155 15 21
537522 21 45
538158 10 35
538597 15 40
538682 21 39
538855 23 40
539372 17 32
539889 58 2
540281 18 40
541735 24 54
541975 27 52
542364 15 34
542841 24 47
543179 13 19
543435 9 2
544458 21 54
545640 17 39
545691 10 33
546456 21 27
546581 17 34
546615 10 26
547798 10 15
548120 14 42
549041 18 34
554188 22 31
554652 21 50
554850 15 35
555171 16 35
555754 19 37
555800 18 39
557165 21 60
557515 23 45
559523 41 5
559800 14 30
559942 20 42
559969 19 41
560981 19 49
564191 33 48
565008 22 38
565558 25 50
565773 26 41
569362 18 25
569574 17 23
569673 24 22
570687 25 26
572315 20 32
573650 31 45
575434 30 25
577733 17 26
579044 19 16
582016 21 32
582286 13 19
586727 14 28
588956 6 51
589329 10 70
589845 13 61
590913 14 47
591639 12 44
591650 13 44
592036 12 56
593119 18 33
593257 6 44
593704 10 46
593839 17 44
594631 10 64
598547 9 45
598804 11 29
599052 6 44
601362 12 46
603304 7 41
609461 5 44
609579 11 83
609600 14 75
609821 14 61
609846 15 41
609994 13 40
610085 8 65
612267 11 39
613090 11 69
613336 6 54
613423 5 25
613450 4 32
613885 8 42
613975 10 50
614128 5 45
615090 8 45
621551 10 59
622557 5 39
623420 10 51
626316 18 37
626979 28 38
633227 47 14
637610 58 19
638075 34 16
638718 54 16
639754 42 19
639776 40 13
639794 38 16
639959 52 18
640445 55 10
645640 11 65
645667 7 57
645736 8 56
645745 11 62
645786 30 95
645795 27 92
645850 13 60
646352 47 14
656469 38 12
656805 26 12
657420 63 15
658554 46 19
660244 33 7
660987 39 11
661085 39 4
662310 9 11
662398 32 3
662431 21 4
662531 25 5
662711 33 13
664877 50 7
665137 47 10
666501 53 14
669889 44 18
670167 37 11
670180 40 14
670298 60 13
673462 58 20
673475 58 20
681553 45 12
682023 42 6
682456 51 19
682523 34 11
684473 45 16
684648 33 22
684767 30 14
684803 48 18
684857 16 18
684878 5 9
684886 4 8
684904 20 10
684925 41 12
684961 50 16
685845 32 13
685932 47 11
686113 14 50
686379 40 11
686871 41 21
688198 47 42
692635 21 20
694387 20 25
694447 11 16
697560 41 28
699612 26 18
703982 3 12
704173 35 22
705164 35 20
705287 25 19
706579 19 81
706584 17 78
706662 20 55
706686 28 57
709127 29 24
711595 37 48
712392 23 24
712657 12 17
712784 32 20
712946 26 17
713874 48 53
714589 28 47
714730 32 42
714804 10 30
714879 26 35
714928 14 32
714938 14 35
714941 6 41
715078 8 61
715155 36 46
715233 27 47
715351 34 38
715375 25 25
715508 35 37
715681 28 29
715702 29 30
717034 21 30
717328 24 35
717409 48 53
717691 39 40
718009 25 30
718800 34 26
722737 32 35
723652 19 27
724668 29 28
726303 25 34
728777 21 16
729513 29 39
733726 29 40
740564 24 27
740572 30 29
742813 33 55
742842 31 54
743671 42 0
745843 66 9
746094 48 6
748939 31 35
751931 27 36
755062 47 14
755470 99 56
755479 96 53
756065 219 77
756100 391 67
756108 362 73
756170 228 72
756177 201 64
756253 275 72
756265 240 65
756277 238 76
756323 273 50
756334 265 63
756351 266 46
756382 280 46
756404 300 52
756416 281 40
756436 325 42
756451 331 37
756818 24 4
756924 36 5
756959 19 1
756973 16 0
757051 48 6
758036 48 7
761022 15 6
761586 30 18
761755 19 9
761766 17 9
761926 9 12
761983 24 11
762338 46 8
762970 33 10
764058 40 23
767676 29 5
767811 53 6
767974 46 6
769683 49 10
769819 51 14
771637 64 15
771657 59 14
771704 50 11
777146 16 27
777351 55 11
777735 15 21
777760 18 23
777782 21 19
777799 8 15
778030 13 20
778364 20 37
780445 29 56
780556 22 42
781208 17 36
781686 24 37
782101 39 43
782540 17 20
785056 19 32
787149 27 45
788502 24 45
790851 22 29
792267 27 34
793746 14 38
794365 16 37
794652 12 43
794795 17 45
795288 31 62
795491 23 59
795996 16 30
796655 11 65
796696 7 60
796886 7 46
796914 26 51
798599 21 42
800074 21 40
803035 27 47
803444 21 33
803943 19 34
803976 25 35
805500 17 36
808071 27 27
810142 9 15
810191 25 38
810891 38 39
811544 36 28
815673 20 44
815911 21 49
816060 20 24
816066 17 21
816175 12 40
817072 16 57
817097 14 45
817298 19 54
819182 10 54
819490 11 62
819619 17 63
819751 14 78
819794 14 66
821064 12 39
826001 11 57
827146 8 69
827468 13 55
827901 7 61
830806 10 66
831902 16 36
832031 19 65
832320 19 84
832341 24 88
832551 18 62
832620 20 43
833617 25 62
834291 17 70
834555 21 57
840263 16 60
841452 37 66
841664 21 45
841747 16 76
842935 15 44
843622 19 63
843851 18 55
843964 19 63
846419 13 54
847004 15 64
848601 19 46
849296 18 53
850704 12 62
851523 4 32
851837 9 58
852924 62 18
854762 23 45
854942 17 46
855450 8 33
863287 13 38
863310 15 41
867210 19 74
868781 21 39
869374 16 48
869990 18 54
872014 12 58
872123 10 42
872156 16 50
872204 24 61
872234 21 45
872438 15 57
874051 20 46
874832 14 43
875595 22 49
877313 23 49
879868 11 32
885463 12 15
886982 40 40
887750 43 48
887998 26 30
891529 10 83
892615 7 59
894224 16 65
894542 12 63
898061 10 85
901726 11 59
911503 11 53
911510 12 56
912348 7 58
945116 30 67
949459 34 45
949694 26 44
950604 27 39
951695 23 54
951715 27 63
951894 26 60
952592 13 39
954935 21 31
954963 34 46
957764 29 30
957835 34 41
959286 15 32
960624 25 61
965798 32 45
966111 29 51
966229 37 63
966616 26 40
968263 35 57
968796 34 45
968955 27 42
968975 34 58
969301 21 45
969436 33 39
969524 36 60
969831 22 24
969924 26 33
970033 20 34
976547 74 0
977715 49 52
977982 36 38
978647 21 15
978964 74 31
980010 56 19
980157 62 20
981487 42 14
982762 50 21
983647 38 17
983708 73 24
984548 71 20
985398 29 35
985535 30 37
988259 56 21
988280 73 28
989731 49 25
993382 24 69
993507 26 58
993703 22 69
993916 45 102
994240 21 59
995225 18 56
999200 17 52
1003859 25 49
1004619 20 51
1004913 23 74
1005775 21 69
1005780 22 75
1005837 15 61
1005893 21 77
1006082 17 75
1007831 27 55
1009678 23 74
1013214 26 77
1013504 28 75
1013852 26 47
1016135 16 73
1017326 23 58
1018642 13 53
1019470 25 66
1021829 19 65
1022142 29 58
1022514 20 63
1023305 8 48
1023335 24 66
1023686 20 68
1024654 19 53
1025925 21 38
1026259 9 7
1026441 20 29
1027715 31 54
1029089 18 38
1029281 19 41
1029689 25 30
1029809 28 42
1029854 39 59
1031636 42 42
1032195 36 51
1034721 19 36
1034806 37 48
1037762 28 43
1039748 47 36
1039861 34 55
1040084 42 44
1042829 28 36
1044320 32 60
1045149 71 0
1045508 47 49
1045785 22 50
1046178 9 62
1046526 54 63
1047425 51 63
1048899 29 62
1049869 29 53
1050700 25 34
1055502 26 47
1057219 32 56
1057962 12 102
1058148 15 86
1058172 17 104
1058177 18 106
1058394 38 59
1060012 32 77
1061384 38 68
1061553 42 62
1064494 30 55
1065447 48 63
1065624 41 58
1065756 29 51
1065782 42 52
1066497 44 63
1068053 23 30
1070650 46 66
1071025 35 50
1071863 33 53
1074912 42 55
1075291 43 66
1075412 38 63
1075693 27 76
1076840 32 36
1077031 22 20
1077967 33 46
1078195 34 37
1078243 46 41
1078275 39 48
1078611 47 52
1078756 56 52
1078840 21 31
1078868 24 39
1078909 31 42
1079194 26 33
1079376 34 38
