906 100 11
2058 78 12
3277 64 8
4167 83 16
4365 97 10
6121 86 13
6327 102 21
6439 80 15
6518 97 12
6816 92 14
6846 86 16
6977 71 8
7037 68 12
9171 61 6
9478 73 10
9653 70 14
9858 86 4
9863 90 6
10197 81 7
10658 63 16
10793 82 16
10994 53 9
11105 63 6
11424 75 12
11440 67 12
12124 65 15
12752 49 22
15074 55 14
16429 54 7
16987 73 16
17153 81 25
18137 14 3
18231 61 18
19669 70 17
20677 72 21
20947 56 15
21043 85 23
21150 44 10
21487 40 16
22723 67 20
25544 68 21
28173 57 15
29154 85 25
31918 61 19
32405 46 16
36495 68 7
39494 90 0
39617 105 0
39668 119 1
42794 45 29
44496 18 83
45330 26 82
46732 11 51
47219 22 31
49123 55 35
49230 45 40
49280 45 50
50663 29 38
50698 26 41
51379 42 38
57495 48 34
57846 48 33
58095 39 35
58144 34 30
60861 77 6
62839 86 7
65835 66 5
68231 58 5
68268 46 4
71796 39 55
75148 42 49
75263 38 36
75710 38 45
76173 36 57
77871 33 48
78498 40 44
85033 48 46
86192 43 50
86234 44 60
86320 40 40
86473 47 58
86542 35 60
89217 36 40
89269 39 59
89347 49 41
89391 38 38
89396 39 34
89527 43 63
89680 34 35
92068 39 46
96539 39 45
104546 54 60
104744 26 47
105584 25 50
106718 29 54
107428 39 64
107482 45 53
108221 28 38
108346 45 64
108427 39 45
109765 23 40
111357 43 56
113424 57 13
113670 81 11
115204 73 16
116116 90 12
116488 98 0
116871 76 20
116934 43 7
117049 33 7
117165 80 19
117173 64 15
117784 56 16
120134 101 21
120661 86 10
120848 67 18
124670 48 14
125631 105 13
126555 51 9
127526 24 8
127735 74 11
128865 70 20
129623 80 14
130125 99 19
130138 81 17
131688 86 13
135332 65 16
136419 85 13
136911 83 13
137489 97 19
142329 52 52
143507 51 57
147175 46 54
147449 51 45
147599 55 44
147655 36 47
148841 49 46
149679 50 47
151014 60 35
151027 54 44
151036 51 57
151089 36 47
151256 61 49
151319 43 56
151416 21 39
151502 32 53
151541 27 59
151579 40 64
151611 40 49
151635 31 45
151664 22 43
152123 60 63
152678 6 53
152815 13 97
153428 12 71
153704 10 59
153733 11 66
153738 14 68
154033 14 80
155033 15 70
155173 17 143
155245 19 141
155288 15 116
155519 16 102
155700 25 108
155765 25 120
155819 17 137
155978 10 67
156092 11 93
157635 13 56
157730 34 95
157928 24 56
158039 29 82
158091 32 82
158162 28 97
158171 29 85
158190 33 76
158470 25 84
158620 45 82
158661 36 69
158731 17 49
158785 23 56
158857 34 84
158900 30 80
159247 22 77
159271 21 67
159466 24 69
159531 32 79
159539 32 89
159557 24 75
159630 35 54
159655 25 67
159702 13 80
159914 41 106
159957 32 97
159977 31 72
160006 33 66
160145 19 55
160150 19 74
160180 33 85
160235 28 69
160759 24 81
161218 24 94
162139 24 55
162967 15 60
162975 13 59
163026 22 58
163056 25 58
163713 19 70
164370 30 72
164858 24 91
165024 22 65
165051 20 60
165126 34 84
165465 40 73
165486 34 75
165504 37 86
165798 25 93
165924 28 49
166017 23 85
166428 30 93
166440 30 80
166465 27 78
166547 18 52
166613 21 58
166618 25 62
166680 25 51
166705 21 44
166716 21 61
166757 19 52
166762 22 56
166831 25 34
166840 26 35
166897 9 33
166903 11 37
166909 15 41
166918 21 32
166935 24 40
167025 14 40
167038 12 38
167067 10 36
167072 10 36
167115 25 57
167154 31 71
167159 33 73
167217 23 54
167326 18 49
167331 19 44
167421 26 58
167732 20 55
167754 58 21
168840 91 35
169297 53 33
169586 69 39
169725 69 34
170165 75 37
170228 63 40
170761 36 23
