290 426 87
937 41 103
1060 37 99
1075 66 130
1098 35 163
1135 18 141
1194 354 501
1202 203 795
1265 247 531
1266 283 475
1286 71 86
1292 60 73
1323 602 148
1354 26 110
1365 46 58
1461 129 92
1473 113 86
1486 15 92
1502 23 185
1509 123 99
1517 124 85
1538 37 248
1539 154 142
1553 258 105
1560 67 375
1608 319 566
1622 387 492
1634 530 121
1656 40 185
1661 43 181
1666 53 194
1683 74 182
1743 48 149
1754 25 98
1763 21 96
1770 19 104
1784 30 98
1796 62 123
1803 97 117
1810 108 129
1822 52 188
1826 108 139
1831 137 108
1851 114 102
1879 57 42
1893 66 78
1899 62 81
1912 38 128
1978 14 119
2029 60 53
2056 15 91
2059 13 91
2074 45 105
2078 27 140
2140 74 371
2145 99 305
2168 68 301
2169 69 317
2174 42 320
2218 72 378
2231 290 172
2258 215 96
2284 46 149
2287 81 113
2292 26 179
2311 132 116
2325 166 103
2349 178 132
2363 171 99
2370 81 191
2395 24 136
2409 18 160
2422 18 120
2423 108 32
2549 37 117
2598 13 117
2621 16 96
2645 51 173
2683 35 98
3065 45 28
4119 873 112
4381 56 115
6035 68 34
10778 47 55
10931 51 53
11134 76 68
15062 51 59
15406 59 58
15862 43 56
15957 60 56
16171 57 69
20267 38 62
26090 56 7
26403 42 14
31162 82 28
32535 61 26
34538 74 13
35234 79 15
35465 88 19
35627 93 23
36456 93 24
36908 58 12
37150 87 16
37310 90 17
37636 93 18
38346 80 17
38441 79 11
38624 106 22
39021 93 17
39092 110 18
39507 86 12
39613 96 24
39811 70 13
39977 63 22
40331 82 20
41821 63 16
41852 63 12
42591 82 23
45462 58 3
45989 116 8
46761 94 6
47306 90 9
52466 57 61
53059 55 54
54140 58 38
54710 63 56
54756 60 43
54921 54 39
55898 41 52
56295 49 73
57236 34 47
59385 55 51
59553 29 21
62042 56 43
62552 65 50
63755 44 37
67883 45 38
71782 39 62
76511 32 64
76625 36 52
78326 35 41
79851 31 64
81760 32 61
85193 27 65
85278 16 51
85338 27 69
85788 25 64
87743 32 62
87782 25 65
87801 27 68
89383 24 43
90298 27 72
90869 27 65
91809 28 49
92564 42 81
96826 36 72
97193 34 53
99412 47 54
100926 46 45
102943 25 61
103008 55 44
103173 7 18
103269 42 42
103553 23 49
107780 39 50
108903 48 61
110886 34 66
112333 28 53
114921 41 58
115766 42 54
118373 35 47
119404 31 50
120326 31 38
120590 42 52
120932 38 61
121072 37 54
121230 48 37
121465 26 50
121715 38 55
122174 36 42
122622 42 51
122628 43 54
124511 38 55
126383 38 52
127811 31 57
127879 30 1
129323 32 42
132724 32 45
132731 29 46
132948 33 59
133296 25 41
133490 37 55
134252 40 42
135415 28 44
139483 31 66
140004 39 51
140375 27 48
145040 34 71
148372 41 36
149775 42 46
150999 32 40
156443 28 31
157921 63 52
158040 29 14
160096 37 35
160391 44 29
160403 46 32
160910 35 23
161144 55 46
161617 58 37
162490 27 24
163010 39 35
163033 34 33
166011 45 38
166398 42 37
167198 44 38
168010 55 40
169560 49 39
171060 36 30
173692 43 37
176134 35 85
179698 37 75
182481 28 69
183476 17 35
186257 27 61
187191 18 46
187336 34 45
187361 40 63
187748 28 57
187834 33 69
187878 11 61
192745 39 62
193497 22 39
194532 26 40
196786 30 31
197192 35 47
197263 24 61
197320 29 56
197632 29 73
197674 28 65
198579 39 58
198610 29 52
199661 24 35
200913 32 54
201896 24 55
203036 14 41
203257 21 47
203592 23 48
204629 22 44
204906 22 40
205574 22 36
205607 18 40
206382 51 64
206504 21 35
207072 41 62
207549 34 47
208802 23 43
208840 30 50
209237 101 0
209634 36 44
209743 38 45
210460 24 53
210506 17 40
210546 32 43
210628 24 37
210737 25 51
211241 42 46
211332 24 49
211609 41 56
211651 35 62
211656 33 54
213644 22 52
213678 21 47
215516 23 59
216078 20 52
216330 28 44
216936 19 57
217334 24 50
217361 23 57
217511 19 44
217829 36 34
219017 25 56
219284 27 53
219896 16 60
221689 22 45
221914 17 70
221945 20 61
222672 24 57
223007 6 32
227222 24 52
227846 26 48
229951 27 55
230315 14 65
230682 19 49
230937 16 49
231186 19 48
231569 25 54
231582 28 58
231888 28 53
233475 18 28
234133 28 43
236188 28 64
238801 39 44
240324 22 61
243696 37 42
244890 20 37
245032 40 52
246081 34 49
247622 30 41
248277 34 43
249078 34 36
250421 41 41
251381 43 34
254006 23 30
254206 28 42
255809 35 39
257096 24 47
262439 20 24
265156 51 38
265207 28 38
267262 36 59
268921 10 35
269020 20 57
269254 27 28
273131 18 53
276266 16 58
277256 7 19
282738 17 46
283604 15 61
285250 18 64
286433 16 48
286540 16 42
287752 17 61
289673 24 58
289947 15 54
290122 16 52
290660 26 66
291054 14 70
291432 13 43
291521 14 72
295116 30 65
295503 20 61
296181 17 57
298048 24 59
298407 19 42
300858 14 46
301065 23 53
302673 20 47
302739 18 55
303195 23 61
303626 17 34
303879 27 45
305978 16 44
310324 15 38
311167 22 38
311465 30 40
312784 12 73
314550 11 40
314647 23 68
314771 22 48
316415 18 47
329920 20 55
330310 16 44
330449 11 37
333284 12 47
335364 9 41
336526 23 66
338307 12 72
338523 10 35
338800 9 48
340051 14 34
342058 14 62
342920 10 58
343488 4 23
345835 13 53
345951 16 78
352242 11 53
352581 8 52
352697 25 67
352752 18 64
353053 11 78
354536 9 60
354627 21 63
356188 12 81
357351 12 53
357557 16 58
358609 15 53
361776 34 31
362389 20 25
363319 45 47
363549 27 26
377113 43 29
378367 37 33
383064 47 28
383226 58 29
384170 13 53
384182 37 29
385169 37 36
388081 31 23
388911 44 34
390086 38 55
390393 44 20
393141 43 24
393742 38 20
393850 50 28
395321 33 34
395539 25 20
399171 35 24
400032 50 25
404731 34 22
407097 55 25
408590 44 27
409572 58 30
409661 54 16
410878 49 23
411506 70 26
412691 36 17
417442 29 17
417778 34 46
418141 37 16
418399 39 26
419727 39 29
419796 29 20
421182 39 21
422033 28 37
423027 55 31
423812 37 36
426007 28 21
427081 34 28
428862 36 26
429192 35 18
429429 27 20
429786 46 33
430211 55 30
430239 46 30
430884 49 22
431186 41 27
431489 30 20
431603 46 29
438026 14 49
438950 8 48
439035 18 62
439963 14 60
440316 12 40
440554 22 65
442485 8 31
443406 11 53
443837 13 54
443860 18 53
448068 8 69
449624 24 57
449687 29 28
450472 27 26
453167 20 37
453417 67 0
453675 26 23
453751 29 30
456136 24 29
456765 25 31
457115 24 32
457286 24 30
457940 27 32
457990 32 48
461247 35 40
463348 28 43
464302 32 30
467368 24 35
469204 21 31
471864 19 34
472493 17 43
478078 6 50
478945 11 78
484398 66 0
487695 4 33
490299 7 47
492297 11 66
497626 6 31
509393 27 53
510031 19 39
512681 29 49
515053 32 47
515862 19 55
516457 28 45
518723 26 41
518787 20 45
520318 17 44
525548 21 49
525697 20 38
525721 21 48
525913 36 58
526141 19 41
526638 25 38
527337 20 48
527436 17 36
527820 9 12
529087 36 53
531697 24 42
532581 28 47
533010 15 43
533591 23 44
534744 24 40
534832 23 50
535837 17 44
536015 22 38
536189 20 42
537095 11 23
537191 21 69
543667 27 53
544600 21 53
544889 20 49
545069 20 36
545152 27 61
545898 14 53
546110 8 48
546127 12 52
546415 16 52
546432 12 45
546501 7 45
546523 7 51
546557 8 44
546586 23 53
547003 29 28
547016 28 38
547078 17 46
547269 26 54
547427 15 48
547701 25 66
547938 17 47
548160 17 36
548172 19 49
548177 20 49
548239 20 42
548724 28 51
548813 23 35
549035 22 47
549291 17 43
549551 20 42
550313 27 54
551265 17 61
554376 14 40
557630 28 58
559251 25 59
559766 14 28
560033 15 20
561779 31 52
566121 13 44
567451 25 42
567563 28 41
567939 19 46
567945 22 53
568002 17 51
568014 20 42
568083 27 37
568164 26 43
568170 24 42
568665 19 37
569179 18 46
569189 16 42
569876 20 57
570636 25 53
570952 25 59
577691 20 44
580195 20 35
580288 16 44
580661 11 43
581079 32 55
583807 62 8
583930 23 47
584332 13 37
584531 20 48
584553 20 37
584565 20 38
585248 20 53
586346 23 47
586392 19 56
586813 13 45
587100 19 52
587804 18 58
588311 14 43
590080 22 47
592183 22 31
594915 11 51
596598 25 68
596978 17 51
597043 20 71
598593 22 69
599474 22 43
601752 18 39
601913 18 58
601941 23 51
602190 28 48
602290 17 47
602370 12 57
602542 14 50
602920 22 49
605424 28 31
607838 23 58
608696 24 49
608804 27 47
608886 19 53
609156 23 28
611137 27 48
611462 22 54
611573 24 56
611815 12 52
621580 21 45
622701 30 55
627176 23 33
627605 21 35
633769 24 50
635136 26 31
635549 28 60
639460 23 55
640560 18 53
640623 16 45
640694 25 59
641146 29 59
641628 16 58
641927 14 53
644229 11 64
644306 15 53
644552 20 78
646477 45 17
649925 42 9
650212 45 11
651485 49 14
652297 83 15
653048 43 13
654037 47 13
654259 37 9
655147 38 15
656941 65 20
657205 61 18
657495 53 8
659040 52 10
659303 60 14
660134 72 15
660386 56 8
660951 58 16
661100 77 15
661178 67 12
662511 51 16
662778 56 12
664318 69 16
665226 80 18
667242 65 19
667500 60 12
668731 58 20
668829 44 12
672945 68 18
673450 8 12
675506 38 13
675951 74 21
678117 47 12
678788 77 9
679880 60 14
682305 75 7
684065 54 13
684394 54 14
684492 50 13
684525 55 10
684826 49 15
685675 55 12
685790 58 14
685813 61 19
687153 62 20
687550 75 1
687917 67 1
687947 96 1
688162 65 0
690901 30 53
690907 33 51
691099 32 41
691324 90 1
692286 87 1
692308 83 2
700156 52 4
702976 72 2
703036 77 1
703297 57 3
703692 63 0
703996 70 1
704548 69 1
705208 67 1
705228 71 0
705508 64 2
705623 82 1
705909 74 2
706089 71 2
706339 68 2
706443 93 1
706494 86 0
707690 44 0
708911 75 2
710063 83 2
710116 66 4
710759 73 2
711542 74 2
711967 61 0
712509 104 3
712755 69 1
713325 81 1
713784 91 4
715521 73 1
716153 78 1
716407 95 0
716868 76 1
717098 80 1
717448 61 2
717631 60 4
717680 83 3
718334 85 1
720149 80 2
720271 64 1
720375 86 3
720461 70 2
720477 69 3
720592 58 1
721367 108 0
726037 65 9
726101 79 11
726159 72 5
729471 79 7
730413 63 4
733658 93 13
734291 49 11
734310 43 5
735155 56 11
735184 80 16
735515 42 6
736565 71 7
736967 103 5
737850 78 4
737889 82 5
738063 83 8
740448 67 11
740729 78 8
741290 70 9
742770 77 11
743149 30 5
744347 72 7
748888 71 9
749035 69 7
749109 4 19
749196 55 8
750108 93 13
752928 98 7
755358 74 11
755653 62 10
758963 30 35
759456 36 44
762449 55 60
762894 33 55
773614 28 42
775541 18 37
776708 46 49
777684 44 44
778225 26 39
778556 29 38
778579 29 43
778785 34 47
779053 58 49
780164 53 59
780249 36 49
780384 46 54
781966 25 50
782851 20 38
783170 30 45
783637 30 66
785162 29 58
787941 25 52
788936 34 72
791483 20 49
796632 19 49
799533 25 35
799676 23 93
800739 33 63
800977 30 85
803211 35 85
803907 19 65
804595 15 36
804727 11 23
804894 11 33
805021 32 50
805195 26 66
805221 30 76
805371 17 55
805381 29 94
805811 24 66
806640 23 60
813418 24 50
814333 20 51
815605 30 98
815661 29 73
818988 26 54
820899 28 54
821051 41 63
822039 34 64
822597 29 67
822977 30 61
823389 32 61
824211 26 74
824825 30 51
825077 16 41
825103 13 43
825369 8 32
825660 27 54
825857 17 75
825951 22 67
826018 17 62
826495 29 60
827554 25 48
827749 23 65
828259 25 78
830406 17 54
830819 24 52
831162 29 65
831481 34 69
834918 5 29
835346 6 44
835375 7 60
847749 8 65
848138 11 69
849108 11 65
853754 10 77
854084 12 77
854378 12 102
856429 13 84
860387 13 91
860766 11 96
861711 10 76
861885 16 84
866212 16 79
870464 23 60
871133 23 95
871441 12 37
872508 13 44
873648 19 58
874148 22 94
874612 7 53
875838 15 68
876393 19 76
877035 12 75
877065 10 83
877577 32 71
880477 35 89
881320 20 69
881628 105 97
881639 83 96
881676 65 105
881682 75 109
881688 79 95
881712 35 276
881713 81 231
881726 172 97
881734 142 119
881766 356 116
881802 138 85
881937 46 165
881945 125 50
882125 13 82
882152 15 46
882160 15 33
882348 61 163
882354 54 153
882365 41 143
882405 42 88
882421 39 84
883207 24 59
883839 45 0
884830 32 61
885952 30 69
886106 28 66
888394 31 59
890185 37 53
