267 24 31
938 27 43
4244 32 58
11603 34 57
14372 42 37
17551 34 51
18235 65 64
19176 23 47
19602 45 51
20047 31 59
20299 55 63
21573 50 80
23739 37 56
23779 29 45
25969 37 63
26674 39 51
26932 42 53
27749 39 51
28360 36 48
28753 34 40
29545 34 32
30388 44 31
31121 36 27
34466 55 57
34572 46 35
40175 48 38
40668 47 39
41655 72 41
43054 67 50
43555 46 31
43646 58 43
43845 62 44
44354 40 33
44642 49 36
45676 46 24
45973 61 39
46113 46 31
46377 66 33
50088 48 34
50652 32 35
50857 46 37
51113 42 27
51247 42 41
51853 59 43
52187 47 27
53276 65 58
53594 67 40
54574 35 24
54844 62 31
54856 63 34
59338 55 53
62973 84 5
63018 86 1
63073 85 5
63105 82 7
63204 60 3
63243 99 7
63576 79 7
64280 75 6
65432 85 12
68256 88 6
68303 82 6
68535 65 3
68723 73 5
69316 67 9
69973 44 6
70339 65 5
70389 76 5
74022 56 28
74037 58 31
74074 68 39
74239 52 27
75411 43 27
76453 102 3
76994 92 2
77526 101 3
77754 28 1
78170 75 1
79240 85 2
79246 86 2
79650 78 1
79870 71 0
80738 63 5
82823 87 1
82922 46 33
84807 94 5
85231 78 3
86799 90 2
88632 70 2
90091 84 4
91540 99 3
92232 89 4
92700 95 1
93144 91 1
93833 81 3
94734 66 0
95044 68 1
98493 75 1
99301 62 0
99494 83 0
99686 91 4
99724 72 5
99798 75 0
102783 62 1
102875 112 6
103051 54 1
103069 71 1
103151 54 3
103228 64 3
103254 69 2
103320 62 3
103368 70 5
103419 88 2
103569 102 2
103653 81 0
105266 106 3
106748 37 0
106886 63 1
108209 93 4
110734 89 3
110986 63 1
110995 61 1
111974 97 1
112076 84 0
112211 82 1
112937 61 4
113854 58 2
113977 101 0
122464 37 59
122571 28 55
122930 35 49
124181 32 42
124620 23 56
124921 28 70
125256 24 50
125289 26 63
126394 26 48
127154 45 63
128671 27 59
128843 33 52
130007 33 68
131941 32 51
133645 20 68
133782 25 61
134300 32 89
137725 12 32
137927 26 43
138079 21 50
139345 58 68
142744 37 63
144595 27 60
144831 30 71
144999 33 48
145192 37 60
151203 8 45
151219 9 54
151285 9 70
153257 26 49
153864 32 42
154470 22 50
154492 20 42
154778 16 49
154915 32 66
162373 27 46
163584 39 64
164337 45 52
164520 29 47
164620 29 57
164781 23 61
165064 25 54
166462 26 51
166598 37 53
167141 33 71
167351 38 51
167460 33 62
167477 32 58
167717 34 79
167909 20 37
169499 31 48
169687 27 47
169771 28 51
169813 28 42
169900 20 40
169943 28 62
169965 34 59
171886 22 59
172138 36 75
172167 23 62
172263 25 41
172289 24 43
172297 28 48
172357 22 59
172408 27 62
172413 24 61
172435 29 64
172464 26 57
172478 37 75
172501 33 66
172507 35 62
172595 22 47
172634 16 50
172714 30 53
172762 22 52
172792 19 51
172834 19 42
172862 19 46
172883 16 47
172889 17 42
172907 15 51
172954 14 64
172970 13 61
172988 11 55
173036 8 45
173093 14 50
173098 13 49
173477 9 71
173493 12 65
173781 28 59
173819 32 69
174047 30 66
174342 27 59
174358 28 58
176128 29 45
177619 32 53
181232 13 50
181410 34 54
181446 23 35
181527 27 40
182706 32 56
185922 32 56
186646 27 52
187208 23 63
190032 22 39
194657 23 62
196914 2 10
196966 12 11
196981 14 18
197551 31 66
200199 43 78
200692 25 49
200708 33 52
202288 40 61
202377 25 60
203912 32 42
204391 22 49
205819 26 79
206631 43 67
207388 31 46
207949 23 40
212785 17 33
213674 27 65
214127 37 47
214337 24 40
217321 24 50
217944 40 66
218092 26 39
218366 5 11
219920 34 56
220313 24 54
220401 25 45
221844 23 60
224249 31 54
224300 27 49
224972 25 44
225001 30 58
225023 31 65
225560 32 66
225640 40 48
225801 24 62
226250 42 64
226583 16 48
226696 27 58
227409 25 40
228250 15 46
228849 22 44
235392 36 56
237201 76 21
238134 63 24
238860 40 15
239719 52 11
240017 53 19
240198 29 59
240301 26 48
240809 16 42
244011 21 45
244075 23 39
244127 29 49
244372 31 64
244941 36 54
245426 36 56
246512 24 36
256243 13 83
256723 8 61
259535 11 62
261007 8 53
265296 11 98
270581 10 81
271747 13 88
285983 15 73
286966 64 0
287065 37 0
287215 27 0
287228 27 0
287236 21 0
290174 13 87
292290 14 60
292845 29 75
293671 19 69
295580 13 58
295711 21 79
295721 25 76
297669 20 71
302992 20 69
303582 21 79
305565 24 73
310072 18 55
312449 25 80
313901 32 82
314075 21 77
314579 11 43
314720 23 97
314823 22 65
315245 17 59
319524 21 56
319929 19 86
320012 21 60
320329 22 83
320638 17 49
320813 11 66
321037 18 83
321102 22 74
321718 19 66
322975 32 108
323032 19 66
323738 23 74
324223 17 72
324565 31 73
324770 26 87
325055 17 67
325415 19 76
325568 14 56
325739 22 60
326016 21 65
326479 20 82
327092 11 40
331308 60 38
331337 71 53
331492 80 42
332704 71 36
333581 53 19
337884 66 28
338268 56 43
338286 64 39
342643 47 33
345017 56 35
351427 80 18
353983 14 14
354824 7 31
355009 28 23
355317 58 32
355350 62 27
355553 76 35
355809 83 40
356057 52 35
356220 89 38
356467 64 24
356547 61 31
356628 47 25
356691 55 36
356725 50 18
356753 59 24
356884 69 49
356920 70 33
356944 72 35
356965 51 31
357036 38 18
358318 48 26
359299 78 36
359516 21 30
359528 8 28
359584 39 58
359739 5 9
360247 154 39
360288 22 85
360303 12 55
360383 14 115
360398 35 93
360425 35 31
360552 39 121
360566 32 157
360591 21 142
360606 16 105
360642 62 36
360648 66 40
360669 80 77
360678 91 85
360756 64 73
361046 57 29
362839 63 31
363738 75 32
363784 80 31
365554 55 23
365901 49 27
365941 49 23
365980 68 28
366034 86 37
366056 103 49
366104 74 43
366116 76 36
366870 39 18
366876 40 18
366998 98 38
367548 56 39
367569 46 27
367685 68 35
368514 94 31
370235 61 21
373274 49 23
375038 74 21
375555 57 28
382526 46 34
382904 67 28
383532 66 21
386118 65 40
388541 75 27
389207 58 19
389288 73 20
389772 66 37
389790 76 46
390110 73 26
390494 66 40
391264 75 40
391335 80 44
392822 86 33
393085 85 27
394660 57 58
395461 61 39
395875 51 61
396929 65 59
397474 52 46
397609 55 32
398696 56 38
398750 64 44
399879 56 75
400715 58 45
401896 50 42
401901 51 44
402644 15 9
402774 20 21
