217 18 67
230 12 53
251 11 63
541 89 9
820 97 19
865 75 31
1010 20 108
1058 5 14
1103 22 7
1124 51 8
1229 104 90
1696 61 14
1719 39 86
1728 49 93
2126 113 16
4352 82 16
4426 105 19
4474 101 20
4617 90 12
4741 70 13
4979 58 3
5246 63 5
7482 79 12
7765 60 10
8088 60 7
8273 106 13
8705 79 18
9797 61 10
10113 92 12
10227 68 7
10491 92 12
10973 101 10
13091 77 8
14464 98 7
15149 93 10
15428 92 7
16152 79 4
16954 69 8
20056 103 14
21894 81 31
22140 76 21
22643 86 25
23234 86 12
23693 80 10
25487 71 15
25916 73 19
26118 107 18
26579 72 18
26990 83 17
28184 73 17
28215 91 19
33724 41 61
33743 42 60
34741 29 38
34900 38 62
35018 47 32
36347 39 59
36993 50 79
37053 30 48
37150 50 70
38214 26 39
38347 54 54
41067 39 49
45228 47 51
47909 24 42
48030 25 53
48266 43 93
48288 44 90
48996 44 80
49113 32 59
49284 23 42
51103 35 37
53702 22 39
54021 31 70
54286 28 61
54295 27 60
55050 21 51
55204 30 72
55553 25 77
56223 25 54
56235 24 49
56590 37 59
56736 27 52
56814 23 48
56827 19 44
57075 36 54
57485 41 60
57496 39 50
57526 39 53
57593 39 71
57604 41 72
57656 24 57
57800 33 58
58167 35 54
58182 36 56
58219 30 55
58320 34 44
58654 26 49
58784 44 75
58933 33 56
59576 40 78
59686 34 60
59850 34 74
59931 26 53
60098 23 42
60119 21 34
60124 22 34
60239 32 59
60327 32 55
60633 14 47
60856 13 55
61125 23 43
61295 34 52
61347 28 63
62015 33 65
62192 22 47
62235 22 60
62315 25 58
62363 21 48
62370 19 44
62391 25 43
62397 25 47
62554 33 83
62601 28 51
62653 30 53
62873 41 81
63086 35 44
63492 32 57
63855 34 57
63910 28 63
64621 36 62
64713 30 69
64747 28 57
64772 23 57
64872 34 60
65312 34 63
65518 33 40
65674 31 64
65685 27 55
68497 37 55
68752 31 63
68930 21 30
69132 18 58
69152 26 52
69173 22 41
69241 13 77
69445 22 43
69568 28 62
69574 27 60
69646 33 62
69930 30 44
69938 27 38
70057 32 63
70158 34 52
70168 32 50
70221 36 58
70253 40 62
70268 31 64
70330 27 52
70477 43 73
70490 32 61
70648 31 44
70845 24 54
71198 28 76
71301 30 69
71660 26 52
72317 27 55
72792 17 45
73833 40 43
75150 41 45
76970 25 53
77277 27 70
77341 25 66
77465 26 69
78729 61 21
79724 69 19
81108 63 24
81846 49 62
82064 37 41
83077 41 52
83099 42 40
83813 53 50
84891 35 49
84971 29 22
86348 45 25
87631 71 26
90766 102 20
91208 69 35
93429 94 13
95368 81 8
96172 50 1
96917 90 19
96931 78 14
97180 84 18
97415 104 25
97837 94 24
97888 77 16
97948 77 19
99379 71 9
99405 64 7
100378 80 23
101021 59 8
101713 64 13
102647 71 7
102947 66 10
104061 69 15
104211 81 16
104373 104 16
104797 73 10
104916 99 18
104992 59 11
108141 75 0
109599 91 0
109783 73 3
109829 101 0
109884 76 1
110460 94 1
110833 98 4
111964 66 1
112221 83 0
112414 91 0
113425 98 5
114017 85 2
115130 96 0
115280 70 0
115291 84 0
115862 108 0
116695 67 0
117608 104 0
117722 88 0
119495 77 0
121164 84 0
123491 81 0
124385 94 0
127280 66 0
127300 78 0
127328 69 0
127603 27 0
128566 78 0
128821 13 1
128827 11 1
128857 29 1
129450 66 0
131324 18 65
131330 90 0
131396 60 0
133435 65 0
140362 63 0
140521 76 0
146753 59 0
146905 96 0
149205 101 0
150612 44 0
153544 79 0
155726 60 0
157859 70 0
157882 59 0
157903 62 0
157946 66 0
157983 84 0
158251 91 0
159745 83 0
165153 71 0
165657 82 0
165821 104 0
166211 75 0
166572 85 0
169533 80 0
169618 83 0
169975 99 0
171838 88 0
174220 89 0
177043 97 0
177740 60 0
178160 80 0
178533 63 0
178541 75 0
178626 47 0
178712 75 0
179087 57 0
180007 72 0
180392 106 0
180912 73 0
182026 64 0
182258 80 0
182914 74 0
184096 63 0
184598 87 0
185092 76 0
185311 80 0
185518 115 0
185780 102 0
185803 84 0
185926 63 0
187031 93 1
187332 86 1
188181 70 0
189542 95 0
189634 71 0
191837 91 0
192245 94 0
193852 80 0
195363 73 0
197684 57 0
199573 45 3
199878 78 2
200032 92 2
200041 94 1
200732 72 0
203187 68 0
207231 82 2
208692 81 1
209651 61 1
209743 70 1
209768 71 2
213349 76 7
213958 59 9
216843 55 9
217679 71 6
217972 55 8
218307 44 8
218624 44 7
223563 84 25
223612 76 19
224480 83 13
225517 71 8
225890 75 19
226151 57 17
226519 68 16
226553 67 16
226714 77 12
227531 74 15
228361 70 14
228407 51 9
228536 60 11
228641 47 13
228669 42 9
228677 40 11
228866 47 11
229305 40 7
230925 62 10
233425 26 32
233632 39 47
233656 41 50
234087 26 41
234984 26 38
235271 21 45
238368 34 49
239797 39 50
240498 26 48
242905 74 14
243347 50 13
243942 56 16
244094 49 8
244243 79 16
244258 65 14
244608 66 7
244801 80 13
244909 57 5
244941 42 6
245135 80 13
245160 71 8
245533 46 11
245943 80 11
245950 76 10
246128 37 6
246623 49 14
247073 57 11
247993 62 9
249841 61 41
250141 51 20
250571 59 28
252516 51 24
252762 45 27
252980 55 36
255529 56 35
256526 47 39
256962 52 29
257676 60 36
259562 51 39
259758 45 26
260076 41 30
260180 43 25
261546 40 26
262249 45 20
263073 41 29
263749 48 46
264310 37 24
264886 35 26
268452 36 31
269315 34 34
270121 44 32
270695 48 27
271235 44 22
271772 22 16
271816 15 5
271862 12 3
272058 26 25
272085 33 28
272174 41 26
272332 58 44
272354 61 45
272407 44 35
272577 38 26
272629 57 28
272634 48 26
272650 54 29
272883 50 26
273036 52 32
273043 54 29
273201 47 21
273291 49 27
273424 36 33
273692 39 31
273940 57 34
274206 35 33
274269 30 16
274754 55 36
275145 52 31
276757 35 18
276770 29 17
276818 18 18
277058 38 23
277220 57 29
277328 45 24
277335 48 29
277354 47 28
277408 53 17
277456 42 20
277462 48 21
277490 38 21
279092 45 28
279711 21 10
279868 26 13
280029 53 31
280272 40 25
280707 64 23
280712 64 24
280758 47 18
280836 29 17
280881 52 19
281200 53 23
284313 65 22
286880 58 30
286958 55 37
287807 26 6
288092 24 30
288636 55 14
288980 35 23
289142 38 15
289508 60 24
289653 47 17
289671 54 29
289768 64 29
289808 69 25
290004 48 26
291225 42 46
292177 38 34
293554 46 30
293703 48 34
293787 43 29
294909 59 33
295368 46 33
295528 49 33
295548 51 26
300823 32 19
301582 35 30
301602 42 20
302163 28 44
302191 33 50
302388 32 41
303470 41 26
303773 41 36
305049 26 24
305288 50 22
305486 45 26
305860 38 29
306070 51 26
307285 47 22
307305 42 19
309237 56 24
309494 52 46
310418 43 29
310883 37 33
312039 39 20
312088 59 44
312396 50 25
312902 50 22
312953 52 27
315031 60 29
316418 17 63
316602 10 63
317390 19 56
318690 12 70
319447 12 48
319957 12 42
320540 11 46
323260 13 62
323728 12 51
324375 18 61
324720 13 51
326689 17 69
327061 11 49
327176 17 50
327537 12 39
328057 15 69
328917 14 69
332564 20 53
332899 8 62
333540 16 52
333753 11 76
335187 7 61
335749 9 52
337394 9 77
337500 11 81
340958 9 70
341367 8 68
348630 5 40
348796 6 48
358855 12 86
359304 8 50
360576 10 52
363675 9 48
365714 7 48
367472 15 70
371328 25 30
371679 30 43
372045 55 34
372906 28 50
373250 30 42
373312 27 47
374755 35 40
378121 33 41
378516 31 43
378971 50 54
380090 48 45
382447 39 35
383386 40 43
385560 38 42
386020 33 38
386423 37 41
386712 38 43
387218 46 60
388092 40 15
388132 48 39
388200 41 42
388267 31 38
388295 35 38
395591 44 32
399291 39 21
400208 35 42
404966 37 38
405602 40 50
407996 34 49
408792 46 57
411062 19 32
413745 21 48
414835 39 42
416908 33 45
418083 31 46
420620 31 26
423995 38 31
429314 45 45
445159 29 29
448070 51 46
451471 33 26
453830 59 50
464550 35 30
472423 7 33
472733 88 47
484343 41 39
492083 47 49
492613 33 32
494700 32 28
495634 12 80
495646 15 79
495708 89 41
495834 25 48
495877 17 70
496769 30 52
497521 50 43
497860 32 48
498640 30 20
498771 22 29
498778 27 41
499191 18 31
499227 22 25
499258 35 37
499406 40 39
499486 41 46
500554 34 39
501148 36 34
502740 25 32
504452 34 54
504479 36 55
506327 39 50
508474 55 40
508802 52 45
509059 40 50
513704 55 50
515569 31 41
516944 45 35
517315 49 51
517639 45 43
518193 53 54
518608 29 37
518854 43 49
520571 26 28
520582 24 27
523423 46 50
524274 40 39
525763 42 38
526201 39 34
526941 38 37
528471 41 46
529219 50 53
529231 45 56
530406 51 54
531018 48 44
534043 53 53
535664 22 39
535993 40 36
536700 63 0
536712 71 0
536775 99 0
537091 39 38
537543 84 0
538075 47 40
538109 43 34
539553 43 38
539589 36 36
540551 34 34
543235 52 47
544332 59 42
545017 42 40
545075 42 31
545270 36 45
547677 47 53
549040 51 32
549134 57 57
549223 43 48
550975 37 42
552748 37 40
556273 54 60
557083 52 49
557897 54 59
558130 28 37
558195 35 40
559873 54 54
560502 34 37
560579 50 62
560768 48 39
561027 57 50
561540 49 62
561703 34 48
562949 32 37
565324 23 29
565532 47 59
566398 34 47
567017 34 36
569899 29 33
571650 46 47
572525 38 49
573176 38 63
574274 51 68
574643 48 60
574960 37 78
575072 31 39
575551 45 44
578045 41 48
578551 41 70
579294 13 76
580465 11 69
580824 13 86
580956 17 101
581118 16 80
581158 14 86
581349 9 81
581811 11 80
581833 12 99
582328 12 92
582919 13 70
585608 10 76
587143 15 75
589300 7 54
590224 9 57
590301 10 86
590936 10 82
596826 8 52
597135 8 71
597548 10 72
598536 10 79
600410 4 26
600722 10 64
606115 17 104
613630 11 95
613685 11 89
614546 12 104
615321 38 50
615466 53 73
615545 44 67
615701 37 45
615778 37 44
615846 47 94
615940 47 53
616014 26 41
616045 36 51
616184 44 67
616269 50 41
616291 51 51
616320 55 54
616471 59 56
616937 33 29
617146 30 29
617292 19 33
617392 38 40
617427 31 39
617854 36 35
618058 27 40
618064 21 38
618160 22 25
618184 24 32
618265 39 43
618388 38 38
618436 36 40
618511 53 53
618835 58 56
618901 43 58
619184 30 51
619192 40 62
619829 35 51
619884 44 64
619997 52 65
620317 50 84
620365 21 54
620444 53 63
620576 34 55
620639 43 47
620714 42 71
620879 40 45
620952 39 58
621008 38 67
621071 38 68
624076 23 65
624089 30 57
624290 37 65
624300 33 62
624362 22 75
624841 26 58
625309 67 25
625739 39 14
625830 57 21
625978 78 44
626409 56 30
626500 66 29
626621 52 31
626626 52 31
626802 69 21
626880 71 32
627360 59 39
627384 75 40
627480 80 29
627846 68 35
629185 50 176
629191 91 131
629224 62 193
