430 11 84
844 16 82
1323 12 101
3673 10 48
6207 8 68
9762 14 86
9790 26 106
9830 26 116
9841 18 122
9847 19 114
9922 23 122
9931 26 137
9940 30 131
9946 35 116
9952 43 112
10008 38 118
10013 61 95
10030 47 94
10042 25 88
10048 21 85
10057 17 117
10204 12 72
10210 16 75
10222 23 68
10243 57 82
10287 45 82
10335 22 73
10354 27 86
10375 28 92
10393 14 84
10399 14 95
10405 14 112
10450 12 84
10639 12 73
10645 12 72
10774 14 91
10825 16 93
10831 11 97
10843 11 98
10861 14 113
10885 14 91
10891 14 81
10903 14 78
10909 14 86
14040 12 94
15029 13 91
22818 13 96
27859 9 43
30199 5 43
35359 10 86
36585 16 107
37823 13 77
38505 11 70
39007 16 85
57765 26 47
57922 22 43
58364 43 55
58397 38 54
61250 43 46
61307 39 53
61646 31 3
61680 26 34
62811 37 37
65417 35 50
66950 40 51
67172 51 53
68147 55 69
68195 57 74
68321 35 45
68504 50 55
68739 52 53
68772 41 33
69159 52 66
69704 39 45
70923 34 44
71718 49 45
71917 63 56
72079 29 31
72191 36 51
72554 41 35
74120 44 63
74705 41 50
76735 50 41
78798 33 43
80860 47 53
81019 41 38
81375 27 20
84175 26 34
84683 32 56
85092 50 44
97945 46 40
99598 48 22
100942 72 21
101054 45 24
101077 40 19
101115 43 19
102025 67 0
102455 36 24
102807 60 35
102964 60 39
104376 46 31
104703 58 28
105054 62 36
105088 53 31
106462 51 23
106848 45 13
108529 22 22
108692 17 15
108834 32 14
109015 43 13
109197 45 12
109329 50 21
109358 47 20
109404 53 28
109428 52 28
109481 59 22
109498 50 23
109566 53 26
109642 74 34
109680 67 36
109689 70 40
112198 61 18
112527 59 28
112654 63 18
112693 53 23
113112 82 40
113743 60 17
114192 67 38
114617 90 51
115248 59 24
116232 80 28
116366 38 26
116557 51 20
116712 73 18
116789 67 31
116894 69 25
117159 60 30
117587 59 42
117820 68 38
119899 72 23
121238 65 41
122334 73 43
125971 71 38
126206 58 38
126868 71 43
127403 50 21
128024 62 34
129545 60 33
130012 45 39
130550 55 26
131066 57 44
133196 73 40
133866 39 28
133967 60 46
134156 43 36
134169 51 45
136922 55 38
137143 54 30
138919 54 53
139874 61 49
140082 9 78
141456 47 26
144280 55 31
144314 54 42
144348 42 40
144972 42 40
145597 51 39
146022 58 48
146378 67 61
146967 75 51
148320 45 22
148496 77 54
148673 54 35
148761 48 29
149021 45 25
149054 39 18
149147 28 22
151713 47 30
151886 78 60
152278 43 37
152529 52 53
152685 52 30
152762 43 34
153381 61 39
153521 64 45
153694 35 42
153753 75 36
154151 40 24
154267 58 22
154780 45 31
154862 29 39
155581 58 48
155623 32 40
155709 51 38
158786 31 29
158819 41 25
159005 20 27
159014 21 25
159380 48 20
159430 40 12
159518 55 28
160121 40 16
160386 59 36
160530 47 40
160541 51 31
160583 36 24
161718 67 41
162252 43 36
162284 48 35
162295 40 29
162374 44 27
162384 52 28
162401 56 28
162441 63 43
162837 69 32
164037 64 23
164130 66 40
164229 58 22
166547 75 38
167393 80 36
167739 57 33
167891 41 28
168253 55 40
168330 55 33
168725 60 29
169030 65 31
169130 47 16
169400 51 27
169418 48 24
170016 45 25
170145 63 33
170337 44 30
170610 88 27
170630 70 16
170642 74 19
170722 63 25
170820 61 33
171252 51 27
171841 69 45
171885 40 21
172112 39 36
172230 52 26
172340 37 22
172459 38 22
172502 24 15
172617 44 18
172643 48 18
172929 79 41
173488 55 32
173622 71 30
173811 48 20
173958 58 29
173972 50 28
174297 62 32
174724 75 31
178449 78 26
179824 64 25
180628 50 17
180735 75 27
181965 45 37
182028 53 25
200670 33 11
203856 53 40
206046 45 29
206131 42 29
207001 45 32
209556 50 45
212173 62 34
217191 49 31
217466 64 36
218427 47 33
219400 48 34
219657 62 55
219728 63 43
221808 31 24
222122 55 29
223076 65 41
223477 75 40
224880 63 26
225025 58 27
226043 97 44
227999 46 16
228815 68 9
229059 60 4
229690 92 8
229935 102 14
234855 76 14
235881 78 18
237251 97 6
237758 74 11
239347 94 11
241599 101 15
241641 68 10
243023 48 5
243508 89 8
244609 70 17
245190 97 12
245335 82 15
245665 89 14
246886 80 10
247049 70 12
247115 101 11
247153 99 9
247229 58 9
248250 72 12
252371 85 11
253513 23 93
253532 36 75
253552 41 99
253557 45 93
253563 46 102
253570 52 105
253680 13 90
253686 17 93
253718 34 51
253762 43 68
253824 33 60
