866 78 54
1232 45 30
4563 38 36
5347 74 39
18690 87 33
22877 71 28
23442 47 19
29739 94 19
30092 74 16
31666 81 21
31835 89 19
31905 79 29
32140 89 24
34545 68 23
36700 57 16
38229 85 13
38631 35 7
40054 61 12
40767 72 24
40781 88 20
40843 61 17
44494 106 22
44652 73 12
45754 65 12
45918 71 10
46919 95 13
46938 90 17
47351 78 15
47370 81 13
47462 77 14
47470 77 11
47558 78 25
49310 62 32
50985 47 31
51369 56 28
51488 54 25
52023 62 36
52407 49 28
53036 44 19
55707 77 40
58699 67 36
59136 57 42
59678 66 37
59767 81 42
60229 76 28
60962 48 28
61877 64 34
61973 63 28
62598 94 34
64614 71 18
64986 79 16
65060 47 11
65218 68 25
65808 55 14
66308 35 19
66861 71 24
67010 50 14
67027 47 11
67159 88 22
67521 85 31
68280 75 19
68320 72 16
71659 56 23
73303 54 24
73330 53 30
75857 69 33
76703 62 28
77247 60 31
78671 62 38
78805 44 19
78929 64 40
79754 65 33
79801 73 29
80346 64 31
80491 51 24
80511 51 23
80556 58 49
80595 52 41
80658 75 36
80737 57 21
82821 57 25
84558 57 29
84939 58 19
85143 64 25
85581 65 36
86090 40 39
86115 40 27
88158 46 18
90480 71 40
92779 41 22
92857 77 34
93442 55 28
93543 64 30
93599 80 42
93981 58 29
95983 71 38
96390 50 32
99617 48 21
100526 51 27
102422 78 27
102577 66 21
102692 85 31
103043 81 46
105709 82 23
108388 97 7
108473 58 34
111567 72 55
111668 78 37
112529 53 25
113892 27 17
118330 43 13
119309 10 85
121523 49 25
123583 41 27
123895 74 25
125081 50 25
125140 37 38
125435 53 37
125616 52 44
125798 48 38
130162 40 42
132754 69 51
133220 39 29
133840 104 1
133913 56 45
134097 43 31
134214 47 43
134490 86 0
134934 57 61
135121 62 41
135409 65 2
135898 40 48
135962 43 36
136516 43 43
137980 69 42
138407 63 30
138627 61 38
142040 38 37
142061 40 43
142085 40 49
142101 40 55
142137 49 45
142386 42 53
142424 35 39
142526 32 39
142646 38 48
142673 42 49
142691 46 45
142823 42 35
142853 38 38
142934 50 41
143205 29 45
143561 39 49
143630 34 32
143774 36 45
144020 32 49
144213 35 40
144284 23 33
144605 29 29
144786 46 48
144983 55 40
144998 54 41
145006 59 41
145727 50 39
146722 39 41
148418 46 46
150061 34 35
150878 43 39
151930 38 49
151962 42 54
152212 43 39
152839 48 37
153315 44 35
153918 36 42
154947 21 35
155150 43 49
156416 43 50
156856 49 40
158234 52 47
158409 35 41
159145 32 54
159283 44 62
161089 35 44
164715 47 60
169775 24 54
171947 44 69
173183 25 56
174537 23 56
174550 20 50
179124 25 58
179655 20 64
180549 27 75
180555 29 74
180849 23 71
180899 25 80
181313 43 79
182861 28 53
185497 50 63
187489 29 50
188185 51 51
188923 18 41
189087 37 59
190500 33 66
191205 32 47
192024 37 39
192363 11 11
193121 48 34
194042 51 36
194553 15 43
194880 21 58
195385 22 75
195655 14 55
195897 14 49
196650 12 51
198175 19 61
198731 27 88
199300 13 67
199456 14 66
199561 22 54
199721 11 68
200898 32 64
203211 21 76
204356 23 87
204789 24 52
205389 20 64
205989 20 67
208447 33 14
208527 25 12
210042 55 23
210518 52 39
210656 61 29
210838 47 28
212008 54 34
212071 48 29
212154 47 36
212332 70 31
213563 55 37
213575 60 36
214451 62 28
214751 68 46
215645 59 38
217003 45 32
217824 49 36
218053 49 33
218212 56 21
218567 49 30
219087 36 29
219202 60 23
221194 59 36
222180 50 45
222537 45 33
222960 42 42
223436 73 24
224437 44 24
225053 51 31
226512 68 27
229812 44 31
229940 54 30
230361 45 33
231401 41 22
232931 67 36
234934 35 32
238664 30 53
238685 34 54
239810 26 75
247572 10 86
247789 14 77
247876 16 76
250611 17 66
254424 23 72
254443 12 93
254730 2 16
255680 90 246
256374 15 89
264528 25 96
268688 13 0
271750 18 90
273479 17 73
274841 49 0
274848 51 0
274883 16 39
274910 10 45
274943 10 43
274991 44 44
275039 47 78
275069 58 72
275105 20 87
275168 22 87
276124 58 58
276307 49 55
276350 66 68
276406 73 62
276446 58 52
276490 36 36
276501 31 31
276664 59 46
276736 39 43
276790 44 55
276808 48 56
276826 63 68
276945 40 36
276994 32 37
277013 42 41
277181 43 45
277229 39 60
277244 34 46
277290 41 43
277306 41 42
277455 11 30
282293 59 50
282725 72 57
283000 58 32
285447 20 144
285490 35 162
285515 118 130
285530 61 166
285560 31 175
285579 105 98
285604 52 115
285615 81 77
285689 35 189
285907 107 77
285917 97 72
285951 176 108
285960 128 130
285973 133 123
286000 84 143
286008 31 178
286023 40 134
286030 39 125
286049 41 158
286053 37 155
286099 50 125
286109 54 128
286130 58 97
286138 52 102
286167 68 93
286206 45 90
286219 43 91
286226 26 97
286291 122 120
286297 121 99
286302 121 100
286308 114 96
286317 103 111
286346 23 136
286351 15 131
286606 21 52
286632 20 71
286639 26 60
286652 11 63
286653 23 54
286657 11 62
286660 22 55
286747 22 50
286758 17 57
286795 13 60
286803 15 53
286861 27 47
286933 52 95
287020 27 144
287038 22 142
287085 17 136
288307 41 25
