861 27 68
2397 14 77
2444 14 89
5568 17 78
5827 27 81
7114 11 78
7297 21 62
7302 20 63
7440 21 91
7751 17 83
7770 19 68
8046 11 73
8094 13 64
8498 21 83
9923 16 74
10229 16 64
12040 18 88
12139 16 77
13086 17 89
13127 21 65
13427 17 74
14165 20 90
18677 26 96
18790 12 58
19156 21 77
19491 16 81
20587 20 78
20782 14 49
25003 13 58
26482 15 64
27053 11 61
28454 10 68
28481 8 57
28825 14 67
30083 22 108
30963 23 82
31780 43 59
32119 43 43
32170 52 53
32428 35 50
33003 46 51
34192 52 65
34532 58 54
35272 41 46
35615 29 36
36420 41 41
37288 56 42
37774 52 46
38134 55 43
38470 24 38
38703 46 64
38962 49 57
39152 53 61
39438 58 56
44754 52 59
44856 33 39
45873 52 43
45942 40 48
46052 54 51
47130 34 41
48612 47 48
48650 38 40
48840 49 52
49071 49 34
50639 58 49
50664 45 51
56691 68 49
57410 91 17
57734 63 13
60051 99 17
61962 40 43
64440 42 50
69641 49 39
71823 41 52
73830 32 43
80061 31 42
80098 32 55
81185 33 35
81213 34 26
82450 52 53
82975 38 42
83166 62 72
83496 40 38
84712 42 56
103449 22 18
105222 33 20
105281 42 30
105436 44 44
105474 32 32
105579 35 30
105605 35 43
105732 61 51
105804 48 51
106605 17 8
106950 35 37
107424 43 40
107590 32 38
107895 51 49
108555 39 46
110264 36 42
112541 51 55
112554 43 57
112641 55 43
112714 45 47
112787 44 31
112851 35 32
113230 27 41
114245 67 46
115594 37 37
118502 33 33
119888 46 45
120527 41 21
125549 69 22
126377 50 19
126450 68 23
126543 73 18
127959 70 21
128234 69 32
128889 68 15
131021 74 25
131405 61 22
132118 63 20
135101 59 20
136958 63 22
138725 64 21
139538 49 22
140080 69 13
143849 66 16
144400 55 25
144471 54 17
144581 51 26
144878 66 28
146022 44 29
146116 50 17
148426 53 33
148480 43 22
148922 54 14
149049 44 27
149757 56 37
150252 63 33
150423 55 27
150983 47 31
153506 57 27
154002 56 30
155529 60 29
156228 55 21
158700 51 15
161415 36 24
162387 44 37
162444 57 21
162900 51 32
163943 48 23
164758 56 30
165075 57 27
170351 53 23
171673 53 13
174324 29 19
175450 63 31
175455 60 29
177124 62 23
178697 63 32
178936 72 38
180370 63 15
181157 64 27
181183 53 32
181313 48 24
181674 58 31
182356 41 20
185479 51 21
185621 42 11
185818 69 23
185909 42 12
186426 33 23
186622 31 25
189067 43 32
190857 38 16
190985 25 14
194144 60 9
196301 65 8
196593 47 16
197249 70 17
197381 44 17
197392 59 23
197473 54 10
197683 64 19
197928 80 12
198221 62 14
198343 54 7
198437 67 13
198502 72 11
198693 69 13
198896 109 17
198901 87 15
198926 84 15
199005 55 9
199287 59 8
199342 57 12
199405 65 15
199831 69 7
200020 56 12
200223 13 5
200321 38 10
200461 53 7
200951 82 16
201166 63 11
201460 69 15
201689 62 11
201848 65 15
202159 35 15
202222 43 5
202272 46 10
202632 36 12
202714 70 8
202755 79 12
202860 52 9
203318 55 9
203771 77 7
203819 85 9
203838 69 10
204293 76 19
204521 73 15
205232 46 19
205639 61 15
205645 48 13
205773 69 16
205882 45 8
205952 44 9
205987 40 16
206165 74 15
206170 63 13
206210 41 13
206824 65 14
206896 68 8
207054 66 15
207089 58 12
208119 82 20
208140 79 20
208560 52 10
208799 63 13
209048 52 11
209118 48 13
212043 68 9
212803 63 16
213025 57 13
214917 48 3
215717 68 8
217222 63 14
217399 62 15
217922 48 11
218058 59 15
219520 63 10
220593 85 16
224097 63 9
224409 67 8
225769 75 18
225802 54 14
226008 64 12
226144 57 16
226686 85 12
227773 79 12
228015 55 13
229124 60 14
229206 50 10
229343 63 18
230315 91 20
230425 48 5
232637 64 14
232798 44 17
233242 75 13
233447 58 22
233600 77 18
233698 50 18
233785 49 18
234019 75 20
234036 77 18
234643 57 12
234938 77 18
234956 50 14
235203 37 33
235831 86 14
236447 61 16
236906 50 13
237249 89 8
237713 64 10
237846 53 11
238459 64 17
238571 69 15
238661 62 18
239637 57 16
241113 58 13
242314 61 17
242773 82 16
244094 63 25
245334 72 20
247372 42 10
247613 55 16
248044 64 16
249102 58 12
249644 65 16
250752 79 15
252062 70 21
256364 49 11
257846 48 17
259188 45 10
261347 63 10
262931 63 18
262944 60 18
263161 68 15
263625 54 22
264491 55 13
266384 54 17
267687 75 16
267807 46 12
268295 69 6
268654 67 19
268807 55 13
269399 55 13
269524 55 12
269785 53 10
275003 49 10
275092 32 5
275949 70 17
277007 34 7
277557 60 16
278575 63 20
279599 47 6
279666 77 10
280652 66 17
280726 79 12
281472 59 12
281856 67 7
282147 63 7
282321 59 10
282931 46 9
282978 72 10
284295 32 9
285291 46 28
286579 63 18
286619 67 18
286691 54 17
288978 39 16
293407 53 20
294756 38 11
296906 61 19
298496 51 16
300224 56 31
302833 28 18
304313 22 6
305799 66 58
305867 35 69
305875 15 79
306439 58 20
306897 59 13
307222 48 44
307229 43 55
307243 17 67
310688 66 27
312429 55 17
313430 54 22
314718 40 17
314793 60 24
315163 64 28
315897 66 16
316387 58 20
316793 53 24
317179 44 17
317995 57 17
320068 64 21
320232 40 12
321007 32 15
322694 55 20
323534 40 15
324172 29 10
324604 63 19
324700 58 22
324745 64 21
327353 45 16
327422 48 23
327600 70 38
329654 48 19
330132 24 11
332380 22 40
332542 28 52
332634 29 57
333303 37 64
338166 49 17
351729 11 31
352689 21 51
356848 23 59
362072 50 24
364197 55 22
364384 50 18
364909 28 16
365143 39 18
365392 39 20
365482 25 18
365868 45 10
365993 40 22
366062 49 25
367002 52 22
367196 58 18
367249 59 17
367385 50 17
367423 55 17
367662 35 20
367773 55 17
368101 41 29
368159 38 15
368514 38 13
368575 58 25
369631 47 19
369995 44 17
370374 26 11
370961 50 24
373754 45 17
375238 25 35
376335 18 18
378183 35 33
378215 26 28
378267 14 15
378504 30 46
378519 25 38
379000 39 38
380145 41 28
383801 31 39
383873 32 36
386047 39 30
386421 29 32
386502 27 37
387194 25 25
388553 27 22
394592 29 30
396074 46 52
396878 33 28
396956 26 26
397495 24 19
398187 34 37
398244 41 21
398419 36 46
399161 30 17
399621 42 43
399695 43 59
399880 13 29
400153 13 27
400196 19 38
408709 22 25
416264 33 24
417463 34 45
418110 35 35
419790 30 31
419798 43 48
420285 46 47
420839 30 36
421534 33 26
422054 27 31
424322 37 31
425051 38 26
427772 23 23
428464 30 17
429876 46 57
430144 39 43
430725 47 39
430875 33 42
432757 36 31
433274 30 24
434858 24 32
437607 6 52
438382 6 42
438395 7 42
442466 7 53
447687 8 62
447696 8 64
449852 8 54
450770 8 71
452379 7 54
458463 9 60
461261 10 77
461787 9 45
462035 9 63
462346 7 51
464014 9 48
465134 9 58
466214 7 51
473209 14 67
474810 7 41
474921 6 43
475295 4 20
476234 8 65
477848 9 71
486024 12 69
487420 8 55
488249 7 36
488514 23 72
491476 7 44
492056 5 45
492121 15 54
492847 14 46
493110 12 45
493341 14 42
493364 10 33
498826 13 55
501113 14 35
503013 5 29
503058 16 56
503662 10 51
504127 16 54
506221 15 38
507078 11 41
509361 14 20
513368 31 62
513719 25 43
513740 25 55
514612 21 49
516983 7 44
517070 16 47
517364 10 36
518579 21 48
520274 16 33
521508 14 43
521548 21 42
521601 24 51
522752 15 25
522839 8 23
523062 15 64
523533 15 46
525131 18 48
527360 39 34
527366 36 31
527532 35 29
527899 38 25
528367 51 28
528388 46 36
529810 55 18
532512 47 31
532953 59 19
533647 40 24
534331 41 38
535608 50 33
537570 42 33
538328 40 22
543593 40 39
545015 56 26
546158 34 28
546182 30 25
546580 43 26
550031 44 20
550047 40 12
550578 45 25
550972 27 23
551134 44 16
553094 41 23
553109 36 24
553717 37 23
553936 20 11
554176 49 27
554235 38 27
554629 48 24
554920 50 26
555279 37 15
555735 52 27
556570 27 27
556825 44 29
557961 34 18
557981 36 18
558060 54 27
561051 25 55
565677 6 20
566087 20 54
566493 13 37
567773 24 67
568146 22 37
571269 27 64
572319 29 37
572958 19 35
573941 12 26
576869 23 53
576875 20 51
579064 15 43
580600 26 43
583794 17 31
585399 17 34
585538 22 59
586571 22 38
586931 9 39
587762 9 40
591780 15 45
593240 16 37
594304 19 39
600016 18 38
610225 27 41
612634 11 68
612672 16 90
613404 82 44
613518 12 83
613542 21 66
613618 105 60
613638 62 62
613678 96 64
613724 98 75
613746 39 109
613790 33 131
613946 36 45
613958 32 43
613964 26 52
613984 41 49
614000 51 63
614012 57 64
614027 39 58
614033 34 53
614073 11 23
614313 33 31
614337 18 34
614365 24 22
614485 25 49
614504 13 54
614617 15 48
614835 83 0
614989 14 56
615417 16 54
616487 14 57
616867 15 53
616878 16 56
617793 19 42
617935 15 37
618309 9 40
620565 14 48
621542 12 46
621880 10 38
622873 11 43
623378 6 34
624100 19 62
625323 17 53
627185 8 56
627316 14 34
627615 10 32
627663 18 64
627834 8 35
628804 15 63
628828 17 63
628854 16 47
628875 18 46
629029 58 0
629250 6 53
629449 23 57
629952 14 53
630033 17 58
631418 12 38
632162 18 74
632878 12 64
634044 15 47
636936 7 62
637319 18 77
638681 12 79
639046 13 41
643144 12 63
644910 11 35
648766 13 46
649173 13 69
649219 14 66
649499 14 50
651748 19 59
651941 17 41
652322 19 50
652353 11 42
653847 23 81
654293 12 58
654999 11 46
655881 18 56
655892 16 50
656459 17 40
658270 17 50
659551 19 54
661224 16 46
662377 10 52
665456 16 40
665583 19 54
666302 16 58
668900 12 63
673261 7 50
673267 7 52
675363 16 51
675376 14 48
675511 14 62
678390 8 60
683379 12 48
683500 14 66
683586 18 55
683870 8 58
684100 12 41
684778 15 45
684817 19 52
686747 16 61
687352 13 60
692116 10 44
692901 11 47
693280 8 72
693830 12 35
695288 13 70
697438 14 38
698071 15 62
698608 12 27
700635 22 33
700859 18 46
701729 30 36
707282 10 20
707312 21 35
709032 12 23
712704 27 49
712944 30 47
713327 32 55
713440 20 40
714833 27 30
715238 34 53
715822 28 24
716308 37 40
716782 25 45
717004 23 42
718978 17 26
719093 22 42
719173 14 38
721177 13 44
722510 21 49
723534 30 37
724845 19 39
724983 32 46
727496 15 42
727547 26 42
728410 15 34
729066 29 51
730807 33 34
731374 17 38
732842 31 51
733311 20 37
734790 35 38
738486 26 54
740650 29 43
742474 25 35
743815 28 47
748330 33 45
748441 36 45
749521 40 37
749808 28 26
750796 30 42
750926 39 51
751153 24 34
759212 30 44
760927 28 43
760991 23 36
762487 22 29
764006 27 45
764257 22 28
764598 10 19
765677 45 53
766770 21 30
767340 39 52
767477 34 54
768282 15 63
768371 13 45
768488 16 82
768525 19 66
769474 10 38
769704 10 67
770776 11 66
780387 18 72
782647 14 79
783877 11 45
784610 18 58
784767 14 47
785580 21 77
788911 20 85
790776 17 63
790984 18 68
792116 9 70
795383 8 51
795400 10 47
797715 15 58
798883 9 52
799096 11 63
799105 9 54
799450 16 73
805443 12 73
805793 10 56
808577 16 86
825305 40 36
825482 56 38
828230 9 69
828514 15 79
829983 10 80
830425 12 81
831747 9 70
834307 29 14
835302 43 27
846596 34 26
846920 53 44
847310 50 35
847502 44 34
847927 40 29
847944 42 28
848024 40 28
848179 39 34
850503 63 45
852446 49 33
853045 62 37
854377 49 38
855062 34 32
855840 65 28
856082 58 32
857603 53 30
858544 54 25
859637 49 37
859766 61 38
860522 40 28
861858 57 43
863525 57 39
864128 48 29
864347 44 21
864705 22 26
864948 37 31
865125 48 34
865135 34 29
865633 34 33
866164 56 31
866996 64 49
867391 38 33
867604 59 35
868224 52 49
868518 60 53
868900 48 34
869710 52 36
869899 41 22
869953 58 50
872762 42 13
873905 71 20
875171 61 10
877087 79 14
877296 46 13
879540 52 15
885237 62 8
891639 116 2
897791 80 12
898694 72 4
899282 107 7
899416 74 7
899490 78 4
900331 90 5
900347 96 4
901748 95 6
901790 89 5
901838 100 2
902105 85 3
902219 81 1
906173 84 5
906439 98 2
908556 104 4
908618 74 4
908671 49 2
909048 67 4
909964 36 5
910091 56 2
910155 55 2
910999 56 4
911021 62 4
912874 109 6
912903 100 6
912973 47 5
912994 75 5
913135 96 4
913285 96 0
913628 81 0
915983 91 52
916483 8 13
917004 92 0
918131 95 0
919018 74 0
919543 95 0
919975 77 0
925028 100 0
925328 74 0
927192 108 1
927808 86 4
929857 98 0
930161 89 0
930251 106 0
931001 97 0
932021 85 0
932276 130 0
932555 93 0
933092 102 0
936713 76 0
938977 94 0
941954 59 0
942053 42 0
943549 105 0
943602 88 0
947548 87 0
952198 92 0
952598 123 0
954933 114 0
955485 23 9
964939 30 70
965016 38 93
965442 32 70
966183 36 70
966318 35 60
969036 25 61
972753 33 51
979729 29 84
980092 31 75
982277 38 89
984191 9 74
984231 9 74
984946 15 62
984991 16 82
985034 7 40
985232 12 52
987090 11 67
987349 10 60
987412 12 87
987484 13 76
987841 16 102
988554 13 71
990189 13 88
990436 14 67
991235 12 85
991977 18 98
992033 17 101
992055 14 74
992087 16 112
992956 23 117
993446 13 71
993549 27 82
993593 17 100
993679 19 79
993858 18 104
994160 21 77
994212 17 72
994256 20 72
994453 19 86
994553 18 83
995277 18 72
996515 7 61
997856 17 86
997888 19 107
1001834 10 77
1002800 12 82
1002825 12 82
1002894 17 93
1003633 17 81
1003638 17 86
1003645 16 83
1003707 16 68
1004057 19 62
1004163 17 82
1004255 12 71
1004493 13 81
1004585 13 95
1006314 18 66
1008799 28 91
1009146 22 80
1010031 24 59
1010138 18 56
1011001 36 54
1011060 46 116
1011388 169 12
1012820 199 11
1012850 86 62
1012949 120 12
1014412 172 12
1015295 125 15
1015312 51 14
1015348 3 17
1015711 144 11
