7 5 7
118 67 147
156 163 17
218 141 96
260 73 182
272 232 50
288 272 52
325 280 67
333 272 62
408 77 161
499 59 249
531 197 99
594 20 88
602 26 83
754 20 115
776 20 105
842 32 111
857 23 114
928 34 102
937 30 108
942 25 112
992 12 84
1026 38 138
1036 32 150
1044 70 108
1223 47 103
1232 47 109
1734 56 37
3062 48 49
3214 57 35
3842 53 42
3903 49 26
15670 70 28
15902 84 24
16850 73 18
17499 66 27
17727 65 29
17774 60 24
18250 82 22
20642 73 22
22184 83 26
22431 45 22
22469 56 31
23267 89 31
23951 66 35
24590 77 29
25076 86 31
27616 39 13
29785 84 32
30838 84 18
31933 79 39
33805 56 22
35996 83 29
36011 84 27
36623 80 22
37916 46 10
38618 41 14
40296 75 17
42037 63 12
42767 47 20
43576 68 23
44511 86 17
44901 60 20
45933 80 18
47108 38 0
49404 45 14
50076 75 19
50373 72 14
53898 19 24
54135 44 44
54142 47 42
54659 46 42
55149 34 51
55532 47 51
56508 46 43
57148 56 41
57223 33 45
58221 34 36
58293 41 51
58471 56 42
59359 33 49
60449 37 46
60706 29 52
63242 50 70
63307 44 54
63552 44 57
63887 48 54
65362 47 37
65773 38 56
65941 35 46
66304 55 42
66892 45 51
66982 44 58
70038 34 34
70566 36 45
72078 30 51
73882 50 69
79175 47 38
80153 45 29
82295 52 37
82601 40 34
83832 64 56
83960 34 26
85156 54 48
85349 39 34
87084 44 43
87100 47 41
87561 19 53
87663 45 31
88423 34 37
93970 30 36
97628 40 34
97637 31 30
103925 56 17
104568 29 84
104760 38 57
109617 79 36
110094 56 26
111724 68 28
119762 67 31
128713 75 32
129285 51 12
129324 82 22
129825 74 20
133900 59 26
134092 79 26
134274 63 22
134466 70 17
134542 56 16
135208 51 22
135618 75 18
137575 77 26
142514 75 23
143445 55 18
144785 62 22
145582 57 20
147240 60 22
153158 75 23
155885 5 38
155908 14 21
155914 6 47
155919 9 42
157149 69 16
157305 62 10
159043 64 15
159337 38 12
159514 80 25
159635 45 9
159938 74 20
161957 79 17
162859 66 13
166691 74 15
167782 74 13
167845 65 13
167884 54 15
168447 66 12
169414 82 18
169474 62 11
169839 29 14
169861 34 13
169935 49 12
169944 48 12
170169 49 18
170250 54 20
170598 68 18
170837 66 22
171285 71 19
171346 72 22
173140 65 15
173479 48 19
173924 66 22
175370 76 24
175418 49 12
177171 22 54
178753 31 44
180111 27 66
180869 17 55
180950 21 51
182143 14 50
182687 15 17
182703 9 11
182759 16 39
182808 26 36
182821 34 42
182893 26 52
184623 24 60
184814 35 60
185828 32 64
185985 28 53
187824 19 59
187965 16 50
188183 21 42
188590 25 71
188692 28 54
189181 28 49
190797 22 55
193902 19 41
194183 14 56
194402 36 55
194588 19 40
196060 34 73
196859 29 57
196928 25 78
198256 28 71
198470 27 68
199350 34 42
199933 32 55
200511 27 38
201499 39 42
202603 21 33
205156 35 42
206936 22 34
208138 20 27
208454 36 50
209308 23 51
209510 31 57
210302 22 19
210496 31 45
211855 15 93
214300 11 89
214552 8 65
230002 17 76
230236 20 84
230532 12 49
232976 13 47
235430 12 59
235796 11 48
235874 19 50
239714 17 39
240140 13 48
240291 19 92
240566 17 74
242560 19 67
243372 18 50
244372 13 56
244402 16 64
244861 25 59
245879 22 38
247693 14 39
249331 17 44
254091 19 40
254232 20 55
254304 16 31
255209 16 49
255251 21 60
255638 25 59
256065 23 61
256127 18 58
256193 20 38
256245 13 48
256437 34 70
256727 14 55
257105 18 52
259929 21 69
260234 14 52
260259 17 62
260270 15 67
260473 29 70
260597 11 64
260609 13 67
260616 10 67
260657 10 67
260816 18 89
260887 14 52
260909 14 54
260968 9 69
261020 15 97
261044 16 84
261219 21 67
261243 24 63
261345 28 76
261387 17 67
261408 15 59
261441 17 69
261456 19 76
261495 18 54
261564 22 64
261582 17 64
261699 11 56
261708 9 50
261843 17 77
261863 20 69
261891 14 52
261942 13 65
261960 11 64
262107 19 70
262119 19 70
262149 10 76
262191 17 58
262230 14 70
262347 18 73
262368 18 71
262385 20 71
262463 11 61
262486 19 59
262605 9 55
262855 7 58
263151 18 46
263206 13 46
263216 12 46
263226 8 39
263325 13 51
263342 14 59
263372 19 75
263623 17 68
263632 18 71
263670 15 72
263773 14 54
263788 17 69
263819 15 86
264310 12 52
264360 15 76
264406 18 60
264434 20 65
264462 21 67
264515 15 49
264530 25 57
264583 22 56
264594 22 59
264690 16 58
264781 15 58
265446 16 59
265844 19 67
266006 10 63
266297 19 45
266510 8 53
266948 20 54
266979 20 65
267193 8 46
267269 17 65
267399 8 40
267505 8 52
267666 10 37
267802 8 35
267850 23 43
267876 19 45
267892 19 50
267918 16 57
267933 9 44
267995 5 16
268473 20 45
269326 13 50
272856 24 86
273934 16 62
279927 20 61
288714 14 46
288795 25 47
289201 22 45
289787 19 48
291270 17 38
292106 23 53
292340 21 56
292535 18 68
292770 16 33
292797 19 39
292960 22 49
292994 27 50
293236 27 50
293259 22 55
293298 21 59
293936 27 70
295763 23 62
297952 33 69
300321 21 41
303272 19 52
303390 26 45
303687 33 56
303695 31 59
305693 23 63
305756 22 51
306911 11 45
308795 15 65
310831 12 76
311007 10 68
311139 10 60
312813 11 97
322790 10 83
323996 10 83
326111 7 47
327911 13 72
342479 15 55
342953 25 58
343151 25 62
343224 21 59
344343 13 57
345179 40 44
345731 19 50
345952 32 48
347052 25 44
347151 24 42
349200 15 38
349440 26 50
349746 11 62
349782 14 53
350161 15 60
350262 19 59
350464 34 57
350638 24 48
350705 18 37
350796 20 43
350904 23 71
350995 26 79
351056 21 66
351061 18 64
351133 24 58
351179 28 78
351306 17 49
351343 16 36
351527 22 73
351589 15 53
351749 23 40
351797 15 61
351848 20 48
351941 14 56
351968 15 61
352103 27 59
352217 11 53
352277 9 42
352325 16 61
352463 38 81
352556 19 77
352658 22 54
352825 20 71
352842 21 53
353036 20 68
353098 26 87
353171 17 66
353210 25 60
353267 26 56
353272 20 60
353345 17 68
353353 19 69
353511 21 59
353667 27 74
353908 13 47
353914 15 47
353935 21 54
354032 20 90
354038 20 86
355152 28 63
356482 15 50
356505 8 53
356540 14 62
356574 23 75
356624 24 81
356629 26 78
356801 20 64
356884 25 63
357377 20 63
357881 24 46
357940 19 57
358087 30 80
358194 18 50
358244 21 54
358271 20 49
358287 20 56
358368 23 80
358374 21 63
358543 20 85
358615 25 55
358646 19 52
358721 26 77
358877 26 62
358947 23 75
358987 12 69
359400 11 55
359724 15 64
359868 19 56
359964 24 66
360118 15 55
360174 19 59
360241 14 92
360275 13 64
360290 14 78
360377 22 58
360472 13 57
360502 21 65
360607 11 67
360622 18 68
360637 14 49
360692 17 59
360725 18 56
360775 16 60
360939 15 50
361002 19 60
361166 27 63
361652 17 55
361839 12 47
362042 20 61
362128 14 35
362194 16 49
362249 17 62
362316 10 36
362335 9 23
362340 11 23
362351 8 27
362389 9 34
362490 11 43
362589 9 63
364462 24 71
366875 29 60
368398 24 67
369814 32 73
373467 2 16
373473 6 21
373583 10 34
373611 11 43
373618 11 44
373669 20 49
373675 19 50
373680 21 50
373878 11 33
374042 31 89
374176 9 30
374289 31 96
374451 19 50
374628 18 49
374703 22 54
374728 23 56
374814 26 65
374867 28 62
375021 32 47
375180 25 56
375210 29 63
375258 27 65
375381 30 75
375417 26 71
375513 40 63
375519 38 62
375547 34 62
375666 25 55
375705 14 52
375868 28 77
375901 26 68
375908 26 69
375947 26 56
375957 22 44
376026 22 48
376250 17 75
377614 44 99
377650 39 74
377669 44 91
377721 22 58
377961 28 58
378034 15 57
378057 26 61
378178 27 42
379089 32 49
381918 19 68
382703 29 54
383816 21 78
384016 28 36
384021 20 40
384332 28 51
384773 16 64
384824 21 56
384861 18 68
384993 25 65
385124 21 42
385170 11 47
385862 23 66
386059 40 68
386119 30 68
386199 22 63
386274 21 43
386311 30 48
386449 22 68
386611 32 60
386637 20 55
386660 21 49
386678 21 43
386689 20 45
389563 24 46
390286 13 68
390480 16 50
390635 27 83
394235 14 36
395495 26 53
396937 24 71
400905 29 68
405098 15 62
412783 50 23
413630 56 13
414755 37 17
415513 70 27
416335 75 17
417899 52 19
418284 68 15
419305 115 35
420030 53 19
420693 84 28
420808 87 26
421216 106 27
421321 58 25
424790 102 29
425468 106 29
426345 56 18
426904 43 12
427001 47 21
427059 77 27
427067 79 27
427120 54 23
427192 60 24
427486 96 35
427936 54 20
427995 85 36
428351 77 25
428598 85 27
429179 57 20
429380 72 18
429598 84 29
429653 81 22
429751 74 29
429810 105 29
430347 51 20
430479 96 20
432643 74 15
432775 73 23
432911 73 20
433003 74 16
433023 84 18
433037 100 22
433231 81 20
433287 69 17
433295 73 18
433513 85 30
433557 83 25
433568 73 23
435183 26 58
436584 38 81
436603 35 81
436704 17 43
436730 15 39
436764 25 61
436816 25 72
436899 30 72
436962 29 51
436969 30 47
436996 21 43
437005 18 36
437132 34 76
437353 39 79
437397 40 51
437414 44 68
437424 37 67
437562 24 57
437591 35 84
437658 27 71
437794 35 62
437894 29 56
437961 35 74
438037 30 49
438068 24 48
438106 25 44
438342 26 73
438395 27 81
438406 28 77
438433 17 44
438496 20 53
438505 24 54
438604 36 88
438664 21 63
438689 21 55
438706 18 51
438726 23 62
438734 28 63
438880 19 69
439165 22 66
439398 32 71
439416 30 57
439813 21 52
439873 24 56
440002 25 69
442050 27 95
442419 25 60
444270 6 49
444712 8 71
445513 18 109
446050 14 87
448244 15 97
448561 15 83
448591 12 71
448624 16 67
448852 15 53
448879 12 76
448902 11 70
448921 14 93
449002 9 79
449377 9 70
449389 10 71
450554 11 83
450616 14 103
450847 16 101
450968 8 67
453696 11 80
456968 8 64
457318 6 38
457509 10 85
457535 11 78
458195 14 75
458246 13 79
458414 12 101
462043 13 97
466525 8 72
468913 52 41
468935 34 30
469702 56 47
470933 55 68
471005 49 47
472811 53 67
473968 44 1
474058 94 32
474731 27 34
478570 51 44
478629 46 50
479356 45 48
480265 23 27
481109 41 41
481176 52 44
481209 49 44
482367 53 37
485039 51 46
485395 59 50
489380 66 54
491089 36 45
491651 56 48
491995 46 31
492255 42 40
492611 19 45
492679 41 55
492713 53 61
492751 9 78
492814 24 48
492821 29 42
493226 103 65
493372 3 13
494530 44 137
494762 55 101
495087 51 151
495204 61 146
495278 74 124
495737 33 78
