530 127 90
625 133 81
744 129 112
1346 193 39
1470 222 43
1795 83 54
1828 85 61
1972 39 50
1996 29 75
2089 35 14
2098 27 11
2344 16 89
2371 72 42
2734 80 101
3395 63 38
4889 58 29
7568 64 35
8571 75 60
9210 56 46
9261 51 33
10783 52 38
12663 57 60
13170 78 64
13854 57 61
14075 58 43
14440 64 50
15217 70 53
15508 85 65
15739 50 35
15937 72 45
17140 51 53
21059 50 51
21951 74 0
23806 56 43
23937 44 42
25143 50 49
25167 50 46
25642 70 66
25840 63 53
26069 38 36
26416 51 50
27370 79 47
27894 68 49
28046 60 25
28511 65 40
29040 62 35
29073 73 42
29376 79 41
30606 48 26
33386 35 26
33575 6 13
33597 15 46
33641 28 100
33688 9 57
33695 9 66
33866 34 69
33870 12 102
33911 46 71
34092 10 67
34433 63 47
36704 18 85
37128 36 75
37464 51 79
41896 40 98
42186 28 61
42367 25 54
43091 88 42
43172 81 26
54782 21 58
58604 18 71
64224 30 60
80862 85 12
81018 54 15
81125 83 22
83755 93 20
83838 69 13
85618 81 23
89905 73 21
90234 61 15
90848 21 36
91104 32 7
91357 30 8
91522 7 16
91524 7 22
92467 63 15
93682 61 24
94655 62 22
95278 84 20
95631 85 23
97121 62 21
97143 58 23
97318 73 21
98346 72 11
98666 80 20
99115 69 21
99534 53 10
99781 80 17
100217 66 10
100242 81 16
101752 86 22
108115 122 24
111700 62 10
113560 60 6
113824 71 21
113956 92 16
115156 73 12
117642 59 20
118018 76 18
119946 103 18
120043 85 22
120152 69 10
120465 70 11
122259 70 17
122952 70 13
126122 74 12
130124 57 8
130668 92 11
131861 66 11
134445 68 15
135282 22 4
136784 83 11
137878 70 22
138661 82 15
143389 104 22
146806 77 21
148384 58 10
150168 52 10
155651 68 15
157167 62 9
158707 76 11
159235 94 16
160264 88 15
160489 82 12
161775 66 17
165979 65 11
166178 76 11
168252 73 24
172419 32 17
172519 46 10
173162 83 16
173947 68 15
174127 83 19
174269 70 8
174468 95 18
174555 84 13
175542 63 8
176233 82 16
177217 87 14
179009 80 13
179062 69 11
179116 87 14
179139 83 13
179192 94 13
179655 74 15
179684 74 13
179694 79 13
179794 117 10
183075 65 10
183109 71 15
183895 72 6
184454 74 8
188106 66 7
189228 75 9
191086 115 12
198552 75 6
207439 57 17
207705 68 24
207802 56 15
207943 75 28
208120 60 27
208150 51 27
208484 39 22
208692 59 23
240521 27 69
241698 29 41
246557 9 56
249321 14 74
253802 11 60
254475 10 68
256402 10 80
257590 6 49
259080 9 71
260022 16 87
261538 10 86
263667 10 61
264390 17 72
264732 12 68
265137 12 72
266422 12 62
267310 16 76
268350 7 59
268502 15 72
270094 13 79
271835 9 60
280443 69 0
281406 10 64
281413 10 67
281455 12 64
281498 11 73
281534 13 80
284027 7 56
285789 13 60
290666 13 82
299618 12 42
308194 7 37
323548 36 42
324920 8 59
326279 12 46
326345 22 52
326596 18 79
329869 12 53
332984 9 73
334241 14 77
337908 10 63
341719 31 40
342728 36 45
343037 37 47
345005 32 50
345020 26 50
345163 17 46
345195 8 68
345236 9 33
345262 12 41
345309 47 69
345673 400 52
345730 364 193
345935 301 140
347623 66 60
350165 51 65
351374 36 42
351702 27 36
353086 23 22
356424 35 43
356618 41 52
358603 20 30
358823 41 45
358877 21 37
359049 22 37
361490 13 34
363039 26 59
363804 24 74
364272 19 56
364349 27 71
365320 26 57
367693 23 49
368173 23 43
369744 31 48
370156 30 60
371068 24 45
374485 27 59
374893 25 44
374974 26 34
378031 14 54
378404 27 54
378451 30 67
378456 31 66
378532 17 55
379441 22 56
381375 24 64
381521 18 46
381922 32 44
382163 30 53
382646 36 81
383011 30 61
383079 18 46
383489 24 55
383500 23 72
383664 29 60
383781 15 75
383846 14 51
383991 32 82
384116 16 59
384356 25 57
385772 34 65
386323 31 42
388081 28 50
390522 32 54
390676 21 70
391308 35 63
392003 22 55
392368 9 41
392918 25 32
393127 29 58
393946 33 63
394777 28 53
395632 29 58
395643 29 61
397499 27 59
399890 34 51
399909 35 57
400332 22 56
400555 26 56
406276 15 43
409078 21 57
409955 30 56
410407 32 74
411395 37 68
413239 30 52
414876 25 65
416054 36 50
416178 26 52
417017 25 48
418112 19 57
418377 21 32
418726 38 63
420228 25 48
421019 42 64
421664 37 76
422928 33 54
423671 23 44
425105 22 73
426718 27 66
428643 25 55
429109 23 63
430733 25 66
436253 10 53
438138 21 53
438447 25 53
438601 25 59
441455 23 78
441777 20 95
441935 27 65
442048 15 68
442274 21 78
442570 27 72
443536 30 72
450639 12 54
450887 23 61
451748 23 76
451818 22 56
452719 18 60
453360 20 45
453536 13 63
453697 18 66
453842 18 59
456402 9 56
459851 15 50
462010 20 56
464632 23 70
465019 27 67
465591 15 80
466003 26 68
467890 20 73
467948 16 60
469791 16 65
469951 17 68
470106 25 78
470570 19 70
470753 18 68
472632 15 71
473151 24 75
473670 20 62
474305 18 69
474549 14 67
475515 17 67
475527 17 60
475787 25 91
478322 22 92
478391 18 62
478469 12 68
478517 22 73
478523 22 70
478559 20 73
480932 15 32
482070 18 79
482090 12 63
482134 11 39
483288 11 57
483885 18 60
484109 8 48
485152 27 53
485532 27 75
486157 18 70
486226 14 71
486790 16 80
487019 20 57
488515 18 53
488759 10 54
489212 19 73
489346 17 82
489992 15 78
490805 16 63
490850 25 75
491423 16 73
491818 12 68
493594 19 66
493729 26 86
493913 41 116
494590 16 80
494752 13 79
495154 12 80
495279 15 80
495451 19 73
495459 19 71
495889 15 54
495947 10 72
498278 21 68
498699 22 69
498833 29 55
498855 21 46
499104 12 74
499321 12 83
499516 11 81
500695 16 71
500773 13 42
501201 8 33
501400 10 41
502278 23 103
502759 22 73
503347 12 68
503770 24 71
505232 21 79
507552 19 42
507680 17 51
510893 14 48
511249 21 51
512611 23 77
514141 21 55
516788 29 55
516805 35 66
516881 42 53
518568 28 58
518919 33 53
522200 30 72
522864 24 66
524055 26 58
524506 25 55
524956 30 67
528307 8 25
529767 31 78
530257 25 56
531551 50 34
531710 39 27
533008 49 31
534158 46 45
534291 73 37
534476 46 32
534551 45 33
534601 54 37
535703 43 20
535829 53 26
536784 62 37
538313 46 33
538434 58 39
538505 57 41
544880 58 30
545768 46 36
547085 62 52
547881 74 54
549701 52 38
550595 53 40
551769 60 41
551872 38 36
552006 67 37
552105 65 50
552114 69 56
552586 73 64
554827 63 46
554947 59 39
555847 43 36
557062 67 48
557461 68 38
558436 54 40
558510 53 49
560139 56 34
561740 79 53
561759 67 51
562189 57 55
565384 66 46
566499 54 45
570017 49 42
576995 54 49
579644 54 36
580464 55 35
580649 54 50
580742 68 37
581993 50 45
582902 58 43
584871 65 40
585459 55 44
586145 67 64
586526 52 59
586875 51 30
587105 56 48
591637 42 36
595952 51 54
596523 55 32
596922 48 41
597051 58 49
597479 47 49
597641 43 39
597737 57 46
598004 42 29
598807 70 43
599021 65 37
599136 43 29
599886 37 21
604646 40 75
605278 22 72
605885 43 80
609382 51 85
610278 16 31
613676 22 85
613987 37 92
615249 41 75
615390 34 87
617934 33 71
618789 36 85
620747 34 74
620820 24 61
621009 31 90
621591 36 92
621769 29 67
622075 53 78
622092 52 85
623704 19 55
625277 22 61
626483 42 59
628865 35 67
629231 31 45
629636 35 58
629886 34 45
631576 27 66
632208 39 71
634313 44 84
635210 32 74
640038 46 79
641464 33 76
641815 46 95
642070 54 83
642259 39 80
643093 42 73
644284 45 61
645312 39 89
645366 56 97
645665 39 61
646795 48 64
658481 44 92
658679 27 70
658805 43 95
659230 30 62
659418 18 63
660296 24 91
660395 7 20
661520 6 52
662202 29 80
665231 19 75
666432 41 101
668162 35 92
670785 27 97
671710 31 87
672133 82 317
672177 82 294
672195 153 139
672205 39 151
672210 37 124
672402 33 96
672955 42 90
675875 57 59
679930 57 60
680479 57 58
681158 53 60
682384 62 49
682400 71 57
683804 47 50
