267 19 30
938 13 44
4244 28 56
11603 29 46
14372 26 42
17551 41 36
18235 92 32
19176 54 35
19602 65 29
20047 72 32
20299 67 38
21573 58 39
23739 46 28
23779 36 25
25969 56 28
26674 52 27
26932 61 32
27749 51 29
28360 58 32
28753 25 26
29545 39 12
30388 47 19
31121 51 14
34466 70 22
34572 62 18
40175 74 13
40668 65 16
41655 80 25
43054 73 18
43555 68 24
43646 76 15
43845 77 21
44354 42 19
44642 41 20
45676 71 19
45973 64 18
46113 51 24
46377 50 19
50088 50 19
50652 42 11
50857 50 16
51113 39 19
51247 58 20
51853 75 23
52187 49 16
53276 74 30
53594 72 20
54574 49 18
54844 60 21
54856 70 22
59338 63 30
62973 62 9
63018 72 6
63073 74 17
63105 74 16
63204 52 7
63243 64 11
63576 59 12
64280 83 15
65432 79 10
68256 71 18
68303 75 13
68535 60 11
68723 68 13
69316 74 8
69973 42 2
70339 66 9
70389 49 10
74022 56 22
74037 60 21
74074 71 24
74239 79 25
75411 50 21
76453 68 21
76994 62 14
77526 61 20
77754 24 6
78170 64 15
79240 51 21
79246 53 23
79650 70 19
79870 49 12
80738 53 25
82823 61 18
82922 25 47
84807 78 15
85231 60 15
86799 68 15
88632 56 14
90091 57 16
91540 72 19
92232 70 22
92700 91 20
93144 68 16
93833 54 24
94734 49 11
95044 64 13
98493 46 15
99301 56 10
99494 80 22
99686 73 12
99724 53 10
99798 67 12
102783 55 13
102875 78 14
103051 57 12
103069 69 11
103151 32 5
103228 55 14
103254 64 14
103320 60 8
103368 63 11
103419 71 14
103569 70 10
103653 66 12
105266 88 20
106748 30 6
106886 42 15
108209 62 17
110734 52 9
110986 60 13
110995 57 9
111974 60 20
112076 65 16
112211 49 18
112937 45 14
113854 68 2
113977 91 6
122464 44 20
122571 50 18
122930 64 32
124181 44 19
124620 31 34
124921 46 28
125256 58 15
125289 48 25
126394 46 28
127154 67 38
128671 38 44
128843 30 36
130007 38 44
131941 34 35
133645 32 45
133782 39 37
134300 55 49
137725 11 32
137927 28 44
138079 23 41
139345 23 59
142744 29 70
144595 35 49
144831 18 68
144999 19 43
145192 23 65
151285 6 49
153257 25 41
153864 18 48
154470 20 40
154492 21 39
154778 24 38
154915 27 46
162373 22 37
163584 23 69
164337 19 62
164520 21 55
164620 19 64
164781 22 63
165064 25 41
166462 26 48
166598 28 39
167141 22 70
167351 36 43
167460 25 65
167477 25 68
167717 24 49
167909 29 47
169499 25 46
169687 19 51
169771 16 38
169813 21 19
169900 19 44
169943 40 65
169965 42 54
171886 22 64
172138 25 68
172167 15 47
172263 20 49
172289 14 45
172297 17 47
172357 13 48
172408 17 48
172413 16 45
172435 17 50
172464 20 47
172478 22 58
172501 25 46
172507 25 44
172595 23 42
172634 8 52
172714 31 41
172762 17 58
172792 10 47
172834 9 34
172862 6 40
172883 11 43
172889 11 37
172907 11 45
172954 8 61
173036 7 45
173093 7 59
173098 7 58
173781 20 44
173819 21 48
174047 16 46
174342 26 39
174358 26 45
176128 24 35
177619 28 57
181232 26 38
181410 31 60
181446 20 47
181527 24 43
182706 20 66
185922 36 46
186646 16 46
187208 19 63
190032 15 47
194657 25 55
196966 6 11
196981 10 12
197551 26 66
200199 22 67
200692 25 43
200708 28 47
202288 33 35
202377 27 43
203912 40 49
204391 21 50
205819 34 60
206631 34 65
207388 24 44
207949 19 46
212785 18 35
213674 23 67
214127 25 46
214337 13 26
217321 22 48
217944 36 52
218092 16 41
218366 14 16
219920 30 64
220313 21 47
220401 27 32
221844 34 47
224249 25 52
224300 29 49
224972 16 43
225001 23 56
225023 25 63
225560 27 57
225640 21 52
225801 26 60
226250 24 42
226583 23 25
226696 19 41
227409 27 55
228250 23 42
228849 29 39
235392 23 51
237201 57 33
238134 47 30
238860 41 8
239719 43 32
240017 34 19
240198 26 49
240301 27 44
240809 19 26
244011 20 40
244075 19 41
244127 25 37
244372 33 57
244941 31 38
245426 28 59
246512 20 32
247308 20 65
248196 30 64
249907 12 56
250646 14 43
256243 21 63
256723 21 52
259535 23 48
261007 13 39
263786 23 65
263815 25 66
263837 23 64
263851 23 56
263982 23 60
264849 22 36
265045 30 76
265296 33 61
265356 12 48
266469 26 67
268081 23 61
268137 21 30
269228 6 53
269242 6 47
270581 34 63
270965 32 58
271747 23 52
272229 25 61
272909 24 61
275630 32 56
279830 23 58
279883 34 45
285983 13 63
286084 12 38
286126 9 79
286966 68 0
287065 34 0
287215 23 0
287228 27 0
287236 22 0
287407 7 57
287643 9 73
288323 14 59
289235 25 50
289850 15 63
290174 9 69
292290 14 56
292845 15 73
293671 11 78
295580 9 67
295711 17 72
295721 15 69
297669 10 72
302992 21 74
303582 14 93
305565 16 57
310072 18 70
312449 16 73
313901 17 90
314075 10 62
314720 22 81
314823 10 76
315245 8 66
319524 10 47
319929 20 89
320012 11 57
320329 9 57
320638 14 58
320813 12 59
321037 13 72
321102 18 70
321718 18 50
322975 14 90
323032 23 68
323738 14 71
324223 17 62
324565 12 79
324770 18 80
325055 11 71
325415 18 88
325568 20 58
325739 17 80
326016 13 72
326479 18 71
327092 6 35
331308 47 29
331337 42 44
331492 49 48
332704 48 54
333581 35 43
337884 39 36
338268 28 45
338286 35 47
342643 37 35
345017 33 26
351427 37 51
353983 13 16
355009 15 35
355317 15 41
355350 17 43
355553 30 53
355809 31 49
356057 36 45
356220 52 68
356467 49 50
356547 27 53
356628 22 60
356691 27 55
356725 36 41
356753 36 55
356884 47 75
356920 39 67
356944 38 66
356965 18 38
357036 16 37
358318 22 39
359299 22 60
359516 14 50
359528 15 50
359584 10 79
359739 9 8
360247 87 64
360288 13 82
360383 28 110
360398 34 108
360425 38 51
360552 33 87
360566 31 119
360618 10 61
360642 56 40
360648 69 42
360669 86 76
360678 87 75
360756 43 59
361046 41 36
362839 33 50
363738 41 61
363784 29 55
365554 25 38
365901 26 35
365941 23 40
365980 35 65
366034 43 77
366056 62 104
366104 46 83
366116 46 73
366870 22 33
366876 22 33
366998 49 65
367548 36 59
367569 27 48
367685 34 48
368514 45 68
370235 33 38
373274 38 63
375038 41 55
375555 33 60
382526 39 40
382904 39 51
383532 37 56
386118 42 72
388541 41 42
389207 32 42
389288 37 40
389772 42 65
389790 47 76
390110 41 48
390494 41 61
391264 32 59
391335 38 57
392822 51 58
393085 51 71
394660 46 61
395461 35 55
395875 41 52
396929 46 55
397474 64 53
397609 38 36
398696 49 57
398750 41 51
399879 51 74
400715 37 49
401896 54 43
401901 53 41
402644 14 6
402774 13 17
