2618 66 33
2651 52 19
4138 57 64
4187 164 302
4207 129 344
4222 379 159
4228 206 326
4239 217 295
4286 73 338
4289 256 167
4313 224 210
4352 290 71
4400 162 166
4418 196 116
4436 157 76
4442 80 158
4445 55 182
4562 80 333
4589 252 60
4595 241 63
4621 225 44
4660 396 53
4747 177 143
4762 37 217
4771 68 163
4772 71 154
4781 34 111
4786 26 101
4842 45 73
4866 65 100
4929 34 100
5023 82 111
5056 61 76
5081 65 33
5086 13 104
5091 16 113
5100 85 37
5120 33 87
5129 33 72
5135 44 73
5140 46 74
5146 53 94
5207 14 77
6147 63 19
7972 62 28
7996 12 79
8062 42 97
8221 45 114
8238 84 81
8273 61 131
8284 52 110
8298 54 120
8307 59 122
8325 60 118
8348 66 118
8456 38 15
8470 17 49
8515 19 75
8627 19 103
8638 29 47
8788 7 10
8809 17 0
9079 30 0
9136 34 1
9151 33 1
9999 66 29
10485 73 34
10848 65 22
11099 48 21
12788 39 28
14663 69 30
16828 17 28
18627 59 61
18999 52 34
20103 62 33
22281 47 29
24110 65 25
26144 60 40
26402 30 34
27376 57 34
28207 52 15
28454 49 15
30080 67 17
30546 78 19
31037 65 14
31055 56 15
31370 76 14
33721 55 8
40225 60 7
40489 78 4
40697 86 6
40932 62 3
42526 78 3
43046 78 1
43185 99 6
43473 97 7
45722 70 2
45787 63 3
46897 56 4
47544 64 2
47976 107 5
51467 58 6
51551 66 8
51730 74 1
55113 87 5
56517 81 4
56960 75 5
57575 85 3
58396 76 12
58443 68 6
58516 69 8
58532 82 13
58552 79 11
58561 63 12
58590 77 14
58620 78 9
58637 77 10
58760 76 7
58781 76 8
59914 46 6
60086 71 6
60656 76 3
60965 74 3
61055 108 3
63695 95 0
64235 92 0
65170 79 0
65212 92 0
66436 92 0
70896 54 12
73498 73 13
73957 66 9
74039 51 6
74167 78 11
74522 55 14
74540 53 10
74623 57 3
74715 70 10
77465 72 0
77683 87 0
78446 74 0
79419 86 0
79462 74 0
79809 75 0
79899 96 0
80019 71 0
80559 81 0
82563 45 0
83589 76 0
83679 66 0
83878 88 0
83978 105 0
84003 106 0
85001 63 11
85125 47 5
85721 49 9
86501 61 13
88746 62 14
89960 55 8
91892 47 11
92170 42 8
92603 55 7
92634 47 6
92646 38 6
92738 18 10
92743 14 8
104642 45 34
105316 35 36
105377 52 38
105850 25 25
109880 46 35
110930 35 10
111314 37 19
111319 36 18
114954 29 26
116329 37 26
116986 52 34
125956 54 23
125998 48 23
128272 26 40
129049 17 37
130216 25 29
131377 37 58
131405 35 56
131545 29 53
134065 26 43
134165 31 53
134283 29 61
136698 26 42
137578 29 35
139116 34 57
139321 30 28
140698 17 24
140836 12 32
141390 29 38
141922 25 42
143128 26 48
143721 32 47
149656 23 44
157760 17 42
163311 24 34
175332 19 24
175676 30 24
178413 24 40
178434 22 46
179998 11 24
180943 34 44
181789 32 38
183109 29 43
183365 29 44
184537 12 37
185885 9 37
186616 25 29
186775 9 37
186781 5 34
187028 10 19
187280 26 33
187313 36 38
195579 32 45
199208 35 55
201066 30 23
202077 25 47
203333 32 48
204823 26 33
205544 19 44
206073 15 15
208944 30 41
212684 29 54
214205 38 46
214435 23 42
221472 17 23
222422 17 43
222621 24 48
223014 19 48
223187 22 55
228309 17 24
230361 31 39
235251 26 28
241091 43 0
241100 39 0
243064 48 21
243390 42 32
243938 34 54
246015 20 40
246791 30 28
247587 20 41
247777 40 39
252345 22 31
256108 31 43
256941 29 32
258822 17 28
259889 18 20
260006 38 42
260319 30 43
260670 26 48
263573 34 36
263999 20 36
264545 23 45
265375 18 22
271070 59 26
271142 51 26
271152 53 27
272860 43 23
272922 25 12
273185 44 20
273321 41 22
275774 46 14
276172 30 18
276343 40 17
276351 44 20
278194 29 14
279093 26 37
280385 24 33
280524 30 39
280578 22 27
280791 33 36
281040 31 34
281230 40 48
282207 33 44
282295 21 24
282778 24 41
283677 27 35
284073 13 35
285027 31 29
285216 27 39
285243 33 51
285258 30 48
285363 20 36
285717 17 31
286315 25 31
286649 29 30
286784 24 30
286890 22 27
287047 41 51
287071 28 46
287097 25 45
287184 32 30
288975 23 25
289306 23 23
289360 30 39
292332 20 20
292703 20 23
299194 25 43
299374 28 34
300441 15 21
300882 22 31
301382 17 34
305264 24 41
305861 14 25
306251 25 41
306835 40 52
308307 26 25
308399 19 43
308521 34 33
308882 32 30
308996 32 30
310713 24 29
310755 25 22
311322 12 33
312291 26 26
312799 30 27
313592 20 29
313918 33 39
320052 36 27
320770 43 40
325900 25 24
330193 15 37
332352 25 36
332391 19 39
332435 16 64
332969 17 32
332983 20 45
333094 24 39
333391 19 49
333405 19 52
343611 17 38
344030 18 33
344265 12 38
346064 9 29
346339 16 25
346417 22 41
346636 26 24
346808 32 38
348556 19 51
349258 27 25
349513 35 22
349841 37 36
353863 40 22
354340 42 24
354569 38 33
356854 23 31
361175 26 42
361746 18 42
361981 25 30
362007 23 43
362568 35 40
364534 23 38
364839 23 35
364852 22 43
364946 13 28
366774 37 45
368389 24 49
369611 18 35
370546 15 33
370692 17 40
371585 18 37
373910 16 25
376459 19 45
376685 16 43
378544 11 40
386735 18 47
386954 11 41
387593 13 62
388424 13 45
391244 14 77
392114 17 38
393206 11 55
394046 20 51
398135 15 50
402456 7 49
402475 6 49
402511 8 46
402603 5 12
403737 13 45
405984 14 46
408979 9 34
411034 14 58
411292 8 46
411338 10 46
413268 9 33
415510 21 34
415675 19 52
415985 17 38
416117 51 0
417049 6 14
419808 23 37
421219 29 44
423808 20 29
423877 28 33
424549 29 35
425453 24 45
425965 36 35
426752 20 29
427669 25 49
427700 23 36
428316 22 33
428659 20 33
429209 32 34
430912 14 42
431026 16 43
431097 14 48
433191 5 40
434367 10 77
435887 7 57
438250 6 38
439203 7 49
440001 7 47
440938 7 47
441357 6 37
457998 36 37
458329 31 28
461249 25 20
461467 25 52
461608 27 29
462070 16 29
464863 24 29
465632 26 42
466709 29 37
468851 12 21
469358 30 26
471118 19 39
471455 11 43
472802 15 36
473065 28 31
474134 23 39
474389 22 27
474983 21 51
475043 15 44
475373 20 28
475802 15 37
477895 15 34
478585 16 36
478613 18 38
478788 20 43
479666 30 30
479801 50 44
479921 28 20
480080 41 33
480391 31 37
481300 31 30
482969 28 34
483093 31 28
483496 31 37
483608 28 31
484154 20 26
486024 53 20
488805 42 9
491937 34 19
497608 35 18
497625 40 21
498529 53 15
498757 51 16
499051 44 10
499119 61 30
499153 67 22
500695 42 18
505315 55 15
505690 49 16
507073 61 19
510472 43 16
510622 44 19
511084 40 17
511995 43 13
514537 55 14
514633 43 15
514650 42 14
514822 50 18
520096 47 12
523065 60 19
524093 72 9
525731 53 13
526539 64 13
527183 56 10
527420 28 8
528752 41 6
529066 69 10
529368 30 9
530148 34 13
530350 64 10
534022 47 12
534337 59 9
534610 40 13
536105 80 12
537664 27 27
537869 17 16
539282 30 34
539845 47 23
540045 25 14
541367 35 33
541452 34 31
541840 24 31
541984 33 29
542388 46 31
542406 40 33
542428 36 31
542442 48 27
542842 36 24
542964 45 18
543307 36 23
544056 36 19
544171 42 34
544287 57 37
544320 46 28
544348 38 22
544428 50 36
544478 50 25
544525 46 25
544601 30 28
544653 35 28
544935 25 29
544948 23 25
545069 23 38
545151 28 27
545294 44 38
545332 48 40
545514 36 30
545591 30 21
545688 36 33
545787 30 19
545795 36 21
545800 34 19
545832 48 29
545854 50 30
545875 37 23
545880 36 19
546007 47 34
546043 43 30
546095 47 33
546156 31 26
546167 30 20
546508 35 32
547057 41 28
547184 32 21
547266 23 15
547326 27 25
547367 6 5
547885 31 21
549318 31 23
549747 41 26
549872 24 14
549915 40 25
549957 51 33
550269 44 29
550336 37 34
550378 34 22
550395 38 24
550609 45 41
551183 27 36
551260 35 25
552346 32 31
552576 38 27
552808 41 30
553035 30 18
554067 30 18
554123 38 32
554161 47 37
554291 36 31
554408 46 39
554437 47 40
554609 36 43
554825 32 31
555255 30 33
555707 33 29
555869 37 26
556258 31 27
556300 30 22
557330 43 30
557622 44 40
558658 45 32
558669 43 29
558750 44 33
558870 42 41
559512 49 42
559704 34 20
559776 40 24
559837 43 36
561135 26 31
561181 30 32
561315 31 31
561697 35 28
562314 40 33
562477 43 22
563337 32 21
564513 39 39
566212 45 36
566368 34 39
568277 41 36
570979 37 28
578546 41 32
578634 27 18
579144 44 35
580134 35 32
580885 41 27
581830 25 21
581963 36 36
582538 35 27
584761 39 33
585919 53 27
586134 37 34
586454 44 41
586779 42 41
588788 49 25
590794 26 22
595539 40 22
595999 18 14
598063 48 64
599366 18 18
599424 17 39
599525 55 47
599775 40 27
600668 32 25
600801 46 37
604458 39 31
604715 49 42
607158 29 38
607331 40 40
607745 30 32
607925 35 25
608311 26 23
609454 42 31
610523 16 20
612590 27 35
612751 40 44
612794 35 49
613040 37 51
614035 37 42
614638 28 36
615140 33 47
615250 32 48
615399 22 25
615442 33 35
616888 39 50
617426 32 29
618910 28 36
619658 33 35
619682 34 39
621349 22 27
622610 20 21
623023 29 35
624276 28 34
625102 28 41
628150 38 33
628499 33 40
629230 22 38
629709 31 37
629725 31 31
630371 28 35
630816 16 18
632188 16 24
632615 29 38
634401 34 43
634508 38 41
634773 36 24
634795 32 18
635789 48 28
636186 37 42
636564 56 32
637354 31 25
637805 47 55
639793 46 33
640797 28 33
641062 39 38
644087 30 26
644813 35 18
646863 57 45
648681 26 32
648802 41 49
649251 32 31
651132 29 39
656894 32 47
657769 29 41
658383 34 36
658738 39 38
658816 34 46
659659 31 42
660727 27 51
661782 34 33
661860 30 43
663582 16 28
663617 22 28
663756 29 40
664405 34 37
668038 19 32
668474 28 28
668834 33 27
668999 36 40
670048 51 41
670066 45 37
670381 48 36
670487 38 35
670696 41 31
670702 38 29
670781 37 34
670942 39 36
671282 38 21
671385 29 22
671414 23 23
671460 33 27
671916 40 44
672067 41 35
672114 31 45
672126 31 42
672231 38 33
672270 26 29
672350 44 35
672591 20 6
672625 15 16
672650 35 15
672666 25 17
672675 30 21
672735 66 40
672776 12 13
672782 11 8
673054 9 14
673086 10 21
673102 10 30
673110 8 26
673376 26 26
673668 43 32
673841 43 34
674094 64 43
676319 15 41
690283 14 82
690324 12 49
691691 15 77
691977 19 70
693706 25 59
699965 29 60
700922 20 55
701240 27 71
702414 22 57
702546 23 41
702834 27 54
706703 27 40
708468 26 41
709791 34 54
709830 29 33
712322 29 71
714656 36 78
714855 32 60
726570 9 81
726986 13 92
728254 22 65
728340 15 53
729071 11 40
729229 18 79
729686 17 70
731370 20 81
731645 22 55
731871 17 68
732041 30 69
732356 28 89
732604 13 64
733126 13 58
733954 22 44
734941 20 79
735622 18 67
736549 31 56
740025 9 23
740875 10 50
740917 116 75
740965 65 191
741019 86 140
741094 233 72
741103 230 64
741163 272 74
741190 201 77
741196 213 77
741239 221 56
741280 91 219
741314 242 68
741343 171 65
741409 262 74
741436 275 53
741442 268 58
741478 212 52
741559 243 62
741584 247 64
741604 224 63
741622 250 72
741667 224 75
741685 252 64
741718 92 327
741737 302 80
741745 262 85
741813 74 207
741832 226 83
741844 134 141
741901 298 59
741908 235 51
741946 152 55
741964 46 53
741970 32 57
742111 102 40
742134 131 42
742165 122 36
742170 49 120
742240 48 90
