14 15 0
844 11 71
1323 11 81
4021 8 72
9762 13 68
9790 23 58
9830 22 66
9841 16 76
9847 18 75
9922 20 103
9931 26 116
9940 30 121
9946 38 116
9952 43 112
10008 45 100
10013 63 80
10030 51 61
10042 31 68
10048 22 65
10057 15 88
10204 11 78
10210 18 83
10222 29 77
10243 57 97
10287 40 90
10335 15 92
10354 20 87
10375 19 83
10450 13 66
10462 13 79
10639 21 58
10645 21 60
10774 39 74
10825 21 73
10831 18 72
10843 15 75
10861 17 105
10869 17 92
10885 14 87
10891 15 86
10903 16 89
10909 15 100
14040 13 82
14915 14 82
15029 20 86
16258 12 38
16285 13 56
16893 22 85
17034 10 45
17645 18 64
19044 12 51
19826 26 72
22672 9 81
22721 13 72
22746 16 61
22763 16 58
22768 16 55
22818 14 55
22876 14 62
23021 13 62
23057 14 56
23215 12 60
23355 9 56
25216 22 78
27859 15 29
28310 16 37
28704 8 59
28729 8 48
28852 15 62
28938 9 42
29321 16 75
30199 7 36
32400 13 91
35359 17 65
36021 16 67
36585 28 72
37823 16 60
38505 10 54
38753 19 70
39007 9 70
39041 15 75
43216 12 37
43948 16 48
46659 9 54
48014 8 44
48527 12 36
48882 8 40
51538 9 64
51574 6 41
51632 12 52
53754 13 37
53769 11 38
53924 9 47
56128 16 66
56163 17 67
56359 11 63
57765 26 34
57922 27 34
58364 38 51
58397 37 51
61250 34 25
61307 27 36
61646 31 3
61680 23 19
62811 22 32
65417 28 18
66950 40 32
67172 45 43
68147 46 53
68195 38 44
68321 20 36
68504 32 41
68739 35 32
68772 30 26
69159 46 49
69704 32 41
70923 29 19
71718 31 27
71917 41 42
72079 21 14
72191 22 18
72554 21 19
74120 36 50
74705 29 32
76735 29 39
78798 45 24
80860 24 27
81019 29 34
81375 17 21
84175 12 39
84683 27 32
85092 26 37
90567 11 62
90580 7 56
97945 30 34
99598 29 20
100942 34 36
101054 20 25
101077 24 21
101115 26 21
102025 42 0
102455 35 17
102807 40 24
102964 41 26
104376 33 18
104703 46 24
105054 47 21
105088 37 15
106462 27 24
106848 40 12
108529 27 8
108692 21 3
108834 34 4
109015 33 6
109197 27 8
109329 33 8
109358 38 10
109404 45 16
109428 47 13
109481 50 14
109498 47 11
109566 36 23
109642 52 16
109680 53 17
109689 62 19
112198 36 12
112527 56 9
112654 39 16
112693 47 22
113112 57 25
113743 62 13
114192 54 23
114617 51 17
115248 51 15
116232 64 16
116366 47 10
116557 41 8
116712 59 9
116789 41 11
116894 55 13
117159 66 19
117587 56 18
117820 51 20
119899 63 7
121238 64 12
122334 73 12
125971 68 6
126206 60 11
126868 68 19
127403 35 9
128024 49 8
129545 56 8
130012 64 12
130550 58 11
131066 54 11
133196 61 6
133866 37 5
133967 52 20
134156 47 7
134169 55 8
136922 56 11
137143 41 15
138919 63 10
139874 54 18
140123 9 49
140386 7 62
141456 49 16
144280 43 20
144314 48 23
144348 36 16
144972 44 9
145597 47 17
146022 62 9
146378 74 18
146967 83 16
148320 37 6
148496 53 19
148673 56 14
148761 44 11
149021 40 7
149054 36 13
149147 28 6
151713 56 14
151886 62 23
152278 47 7
152529 45 27
152685 60 16
152762 51 13
153381 52 17
153521 59 14
153694 46 20
153753 53 17
154151 41 14
154267 41 12
154780 37 13
154862 47 12
155581 59 20
155623 42 15
155709 56 18
158786 30 14
158819 39 10
159005 15 11
159014 15 9
159380 34 7
159430 34 12
159518 51 12
160121 33 19
160386 55 24
160530 41 13
160541 39 12
160583 35 7
161718 61 11
162252 44 18
162284 35 21
162295 32 17
162374 45 17
162384 45 18
162401 45 21
162441 59 21
162837 49 10
164037 50 18
164130 30 23
164229 44 17
166547 67 19
167393 69 27
167739 40 25
167891 29 12
168253 44 20
168330 39 18
168725 43 21
169030 48 32
169130 37 15
169400 41 12
169418 40 15
170016 31 21
170145 59 17
170337 36 21
170610 58 20
170630 50 18
170642 51 18
170722 44 14
170820 44 17
171252 48 9
171841 52 16
171885 35 9
172112 57 10
172230 39 15
172340 36 21
172459 26 10
172502 17 9
172617 38 18
172643 33 13
172929 65 21
173488 36 20
173622 50 25
173811 32 24
173958 53 24
173972 38 21
174297 41 21
174724 63 20
178449 55 28
179824 37 23
180628 35 13
180735 34 29
181965 25 14
182028 35 26
200670 23 14
203856 40 20
206046 24 25
206131 39 21
207001 43 23
209556 38 20
212173 38 32
217191 41 27
217466 44 19
218427 32 20
219400 37 8
219657 46 20
219728 46 22
219792 5 41
221808 33 11
222122 49 20
223076 69 7
223477 63 17
224880 58 24
225025 44 14
226043 86 20
227999 46 12
228815 57 2
229059 44 5
229690 75 6
229935 83 14
234855 45 13
235881 48 5
237251 52 27
237758 48 25
239347 45 33
241599 48 30
241641 45 28
243023 33 13
243508 49 21
244609 39 22
245190 56 32
245335 58 27
245665 56 40
246886 48 27
247049 41 23
247115 61 36
247153 58 39
247229 31 18
248250 24 29
252371 42 22
253513 14 68
253532 35 54
253552 43 63
253557 48 55
253563 54 64
253570 53 63
253641 8 72
253680 16 71
253686 18 76
253718 26 50
253762 33 29
253824 24 39
