530 104 60
625 108 78
744 130 87
1346 181 31
1470 194 25
1795 68 27
1828 80 37
1972 29 38
1996 23 55
2089 22 14
2098 17 4
2344 12 91
2371 68 37
2734 70 79
3395 58 29
4889 54 20
7568 51 45
8571 51 46
9210 44 34
9261 50 22
10783 27 42
12663 26 86
13170 33 66
13854 27 60
14075 32 53
14440 39 66
15217 41 58
15508 52 74
15739 33 45
15937 31 71
17140 34 56
21059 38 47
21951 71 0
23806 22 49
23937 26 45
25143 51 48
25167 44 46
25642 52 59
25840 51 68
26069 37 33
26416 46 57
27370 31 39
27894 43 50
28046 29 55
28511 31 52
29040 42 40
29073 48 43
29376 46 46
30606 33 23
33386 25 31
33575 6 15
33597 11 47
33641 34 80
33688 8 56
33866 24 65
33870 20 71
33911 43 52
34433 61 58
36704 27 71
37128 47 53
37464 43 65
41896 50 77
42186 42 43
42367 37 51
43091 68 35
43172 48 43
54782 52 26
58604 69 20
64224 74 22
80862 64 22
81018 59 20
81125 59 21
83755 79 24
83838 49 12
85618 68 25
89905 49 13
90234 45 10
90848 13 36
91104 30 10
91357 20 9
91522 10 13
91524 3 24
92467 51 16
93682 48 17
94655 58 24
95278 57 15
95631 57 16
97121 48 29
97143 43 22
97318 67 29
98346 49 16
98666 64 15
99115 52 12
99534 53 9
99781 71 18
100217 55 15
100242 66 19
101752 65 17
108115 103 28
111700 64 18
113560 50 13
113824 61 27
113956 50 14
115156 57 20
117642 71 21
118018 57 30
119946 92 27
120043 65 26
120152 49 13
120465 51 12
122259 67 25
122952 49 20
126122 75 24
130124 38 15
130668 57 23
131861 52 15
134445 59 19
135282 20 10
136784 61 13
137878 55 23
138661 69 22
143389 76 21
146806 67 18
148384 54 7
150168 53 10
155651 78 9
157167 75 5
158707 74 13
159235 71 8
160264 72 15
160489 57 6
161775 59 6
165979 71 11
166178 81 7
168252 70 11
172419 39 6
172519 28 8
173162 71 9
173947 65 9
174127 76 7
174269 49 10
174468 76 3
174555 68 6
175542 47 6
176233 69 5
177217 83 1
179009 72 1
179062 56 4
179116 67 6
179139 59 4
179192 67 6
179655 75 5
179684 72 7
179694 68 6
179794 87 4
183075 77 1
183109 74 0
183895 57 4
184454 66 4
188106 51 2
189228 70 2
191086 106 5
198552 83 3
207439 49 26
207705 51 24
207802 42 19
207943 52 23
208120 37 21
208150 42 19
208484 30 19
208692 51 17
225142 15 76
240521 38 22
241698 37 16
246557 26 32
248962 26 39
249321 23 42
253446 33 36
253802 21 33
254475 23 43
254640 28 52
256402 21 37
257590 18 29
258041 16 24
258626 30 45
259080 30 33
260022 28 45
260570 33 49
261262 8 18
261538 14 53
261964 15 37
263667 21 38
264390 15 63
264732 15 36
265137 11 46
266048 21 47
266422 20 45
267310 27 62
268350 15 34
268502 25 43
270094 28 53
271835 19 40
280443 67 0
281406 14 54
281413 15 57
281455 21 48
281498 17 47
281534 19 60
284027 9 36
285789 16 40
290666 16 33
299618 13 34
302699 12 41
313446 14 47
313568 9 66
315217 11 55
315321 20 83
315466 15 72
316902 8 49
317178 11 48
317867 7 41
319197 8 64
320090 6 49
320209 9 69
320227 10 60
320497 15 76
323548 34 45
324359 16 53
324920 17 39
326279 17 31
326345 24 53
326596 23 68
328632 18 41
329869 29 49
332984 25 55
334241 16 52
337908 27 36
337974 20 38
341719 31 20
342728 41 20
343037 43 25
345005 43 28
345020 35 23
345163 29 28
345195 15 40
345236 11 15
345262 9 20
345309 45 33
345673 352 53
345730 303 155
345935 266 102
347623 62 23
350165 49 39
351374 23 33
351702 22 27
353086 22 23
356424 28 21
356618 48 26
358603 26 19
358823 37 33
358877 30 36
359049 37 26
361490 27 24
363039 29 55
363804 22 73
364272 25 45
364349 26 92
365320 28 62
367693 15 32
368173 18 42
369744 13 36
370156 21 60
371068 8 43
374485 23 30
374893 40 39
374974 20 26
378031 16 47
378404 26 39
378451 41 49
378456 43 51
378532 31 28
379441 30 33
381375 27 34
381521 29 32
381922 12 28
382163 21 38
382646 26 50
383011 22 63
383079 12 29
383489 22 53
383500 21 57
383664 25 46
383781 18 50
383846 7 38
383991 26 64
384116 17 32
384356 31 54
385772 19 66
386323 27 50
388081 26 57
390522 23 54
390676 27 58
391308 38 54
392003 17 46
392368 5 30
392918 21 62
393127 26 57
393946 24 65
394777 23 56
395632 19 40
395643 20 60
397499 40 59
399890 19 52
399909 23 59
400332 24 46
400555 21 42
406276 10 31
409078 15 28
409955 20 39
410407 24 55
411395 28 65
413239 26 56
414876 17 57
416054 20 54
416178 19 41
417017 17 40
418112 22 48
418377 11 37
418726 29 74
420228 22 50
421019 26 61
421664 40 76
422928 23 43
423671 32 55
425105 22 52
426718 26 44
428643 30 56
429109 24 51
430733 18 65
436253 20 25
438138 28 36
438447 28 41
438601 29 47
441455 43 50
441777 35 60
441935 38 38
442048 24 28
442274 32 44
442570 43 41
443536 41 33
450639 26 45
450887 28 41
451748 47 54
451818 28 43
452719 31 42
453360 31 42
453536 37 44
453697 32 44
453842 28 30
456402 27 35
459851 38 34
462010 28 41
464632 25 50
465019 27 46
465591 38 48
466003 32 28
467890 29 40
467948 24 29
469791 34 37
469951 25 45
470106 39 45
470570 34 42
470753 38 36
472632 37 43
473151 35 59
473670 31 34
474305 28 38
474549 29 49
475515 24 59
475527 23 47
475787 36 74
478322 44 63
478391 14 61
478469 22 53
478517 23 52
478523 19 51
478559 24 59
480932 7 24
482070 25 39
482090 20 32
482134 14 28
483288 22 36
483885 24 53
484109 15 32
485152 20 50
485532 27 63
486157 23 29
486226 8 46
486790 30 51
487019 18 56
488515 13 44
488759 15 49
489212 21 60
489346 24 71
489992 26 63
490805 19 38
490850 29 56
491423 27 40
491818 35 40
493594 23 41
493729 24 60
493913 26 90
494590 33 70
494752 32 67
495154 33 71
495279 25 53
495451 22 49
495459 24 50
495889 16 53
495947 15 46
495965 9 25
498278 28 72
498699 27 73
498833 19 41
498855 17 33
499104 21 65
499133 17 45
499321 12 42
499516 24 59
500695 23 62
500773 11 25
501201 11 22
501400 18 38
502278 28 69
502759 15 52
503347 21 49
503770 18 49
505232 19 56
507552 25 36
507680 19 44
510893 26 40
511249 27 37
512611 37 48
514141 15 34
516788 21 35
516805 24 34
516881 34 42
518568 33 38
518919 40 46
522200 30 49
522864 29 42
524055 24 32
524506 28 53
524956 40 51
528307 5 13
529767 39 58
530257 26 50
531551 67 7
531710 44 4
533008 72 7
534158 78 9
534291 84 7
534476 66 6
534551 61 5
534601 88 4
535703 42 8
535829 69 11
536784 80 12
538313 52 3
538434 81 9
538505 67 7
544880 62 14
545768 63 15
547085 98 9
547881 70 7
549701 65 9
550595 90 2
551769 81 7
551872 47 7
552006 80 7
552105 75 10
552114 77 9
552586 98 15
554827 93 6
554947 69 8
555847 74 14
557062 80 7
557461 77 12
558436 56 8
558510 80 17
560139 73 9
561740 85 11
561759 87 11
562189 93 7
565384 75 11
566499 71 12
570017 86 13
576995 68 16
579644 78 9
580464 64 7
580649 75 13
580742 82 12
581993 70 8
582902 62 15
584871 78 9
585459 69 16
586145 73 4
586526 74 9
586875 67 4
587105 79 9
591637 56 5
595952 80 8
596523 71 6
596922 62 7
597051 75 9
597479 52 16
597641 67 19
597737 66 16
598004 45 14
598807 56 19
599021 65 19
599136 48 13
599886 37 14
604646 14 84
605278 8 53
605885 27 76
609382 25 56
610278 10 35
613676 28 70
613987 28 74
615249 36 61
615390 43 70
617934 36 64
618789 12 78
620747 11 72
620820 10 61
621009 12 64
621591 20 83
621769 12 64
622075 20 90
622092 20 98
623704 17 45
625277 19 71
626483 22 46
628865 16 57
629231 17 43
629636 19 61
629886 24 48
631576 20 72
632208 13 78
634313 21 66
635210 30 69
640038 20 69
641464 20 76
641815 28 92
642070 34 86
642259 28 81
643093 19 70
644284 24 72
645312 21 69
645366 37 103
645665 29 64
646795 21 85
658481 23 93
658679 23 70
658805 27 92
659230 23 50
659418 16 46
660296 26 62
660395 9 17
661520 7 57
662202 23 75
665231 14 57
666432 16 86
668162 13 73
670785 42 97
671710 25 71
672133 78 239
672177 67 276
672195 138 123
672205 46 144
672210 34 120
672402 17 83
672955 16 77
675875 66 42
679930 43 42
680479 48 41
681158 46 41
682384 60 48
682400 73 65
683804 48 45
