118 63 166
156 195 16
185 260 1
218 208 57
260 98 217
272 286 17
288 309 17
325 289 23
333 284 21
408 90 166
499 54 297
531 204 106
594 21 111
602 26 92
754 20 124
776 17 120
842 24 115
857 16 117
928 29 107
937 23 124
942 21 122
1026 55 144
1036 28 163
1044 75 101
1223 36 86
1232 34 95
1734 43 29
3062 68 47
3214 59 36
3842 74 53
3903 43 42
15670 54 42
15902 60 46
16850 51 43
17499 44 37
17727 61 40
17774 50 43
18250 65 47
20642 47 33
22184 67 51
22431 43 26
22469 56 41
23267 59 42
23951 77 66
24590 67 39
25076 48 36
27616 22 23
29785 74 40
30838 69 27
31933 62 43
33805 39 32
35996 54 42
36011 61 44
36623 54 34
37916 38 29
38618 30 33
40296 34 54
42037 30 50
42767 27 33
43576 38 71
44511 59 49
44901 52 34
45933 49 67
47108 29 0
49404 21 35
50076 50 49
50373 43 40
53898 21 39
54135 41 52
54142 40 57
54659 31 54
55149 40 49
55532 55 77
56508 43 43
57148 43 52
57223 32 48
58221 28 41
58293 36 71
58471 54 60
59359 40 42
60449 44 41
60706 45 54
63242 34 51
63307 41 64
63552 41 55
63887 41 49
65362 47 54
65773 36 47
65941 29 44
66304 35 44
66892 40 44
66982 38 59
70038 38 38
70566 36 45
72078 38 49
73882 46 70
79175 39 42
80153 32 26
82295 35 56
82601 28 34
83832 49 54
83960 38 43
85156 41 56
85349 33 38
87084 40 51
87100 37 50
87561 28 67
87663 33 55
88423 40 37
93970 22 51
97628 18 43
97637 17 42
103925 24 48
104568 21 94
104760 19 51
109617 69 39
110094 63 38
111724 52 25
119762 37 39
128713 72 31
129285 55 22
129324 70 23
129825 66 26
133900 60 24
134092 54 20
134274 52 23
134466 47 26
134542 62 20
135208 56 18
135618 68 29
137575 73 26
142514 66 37
143445 48 33
144785 65 15
145582 61 26
147240 60 27
153158 68 33
155885 4 35
155908 13 26
155914 7 35
155919 6 29
157149 62 22
157305 55 21
159043 56 18
159337 34 13
159514 67 25
159635 41 17
159938 55 13
161957 46 17
162859 68 28
166691 56 33
167782 77 7
167845 56 5
167884 53 8
168447 69 7
169414 72 4
169474 71 6
169839 46 8
169861 53 7
169935 55 7
169944 52 7
170169 51 11
170250 63 14
170598 87 16
170837 78 13
171285 61 8
171346 67 6
173140 76 2
173479 63 4
173924 86 6
175370 106 11
175418 43 13
177171 33 21
178753 52 18
180111 59 27
180869 47 23
180950 39 21
182143 55 23
182687 47 8
182703 35 3
182759 63 13
182808 65 14
182821 70 17
182893 59 13
184623 51 21
184814 63 24
185828 59 30
185985 54 23
187824 50 23
187965 54 25
188183 46 27
188590 58 28
188692 75 23
189181 64 33
190797 46 22
193902 33 28
194183 23 49
194402 40 47
194588 45 24
196060 55 49
196859 41 28
196928 51 36
198256 41 25
198470 57 43
199350 54 28
199933 45 25
200511 47 30
201499 67 26
202603 34 27
205156 54 9
206936 40 7
208138 69 27
208454 53 22
209308 54 15
209510 58 21
210302 31 11
210496 43 22
211695 43 38
211855 48 51
212192 42 34
214300 35 41
214552 40 24
219012 41 24
223843 56 52
226080 35 28
230002 61 33
230236 38 36
230532 41 18
232976 49 24
235430 35 27
235796 44 15
235874 43 42
239714 31 24
240140 46 18
240291 50 44
240566 55 36
242560 44 31
243372 47 39
244372 43 20
244402 62 31
244861 56 25
245879 33 21
247693 21 15
249331 40 35
254091 33 32
254232 51 40
254304 38 25
255209 58 33
255251 67 43
255638 55 40
256065 46 24
256127 42 22
256193 30 23
256245 36 23
256437 68 45
256727 38 31
257105 40 30
259929 52 20
260234 39 36
260259 43 39
260270 48 33
260473 64 33
260597 50 35
260609 48 27
260616 43 27
260657 39 25
260816 59 40
260887 40 28
260909 46 26
260968 47 33
261020 54 42
261044 44 31
261219 42 34
261243 45 29
261345 43 30
261387 42 28
261408 42 27
261441 51 28
261456 54 33
261495 57 26
261564 60 26
261582 52 24
261699 51 26
261708 46 24
261843 45 37
261863 47 31
261891 44 27
261942 42 28
261960 30 24
262107 57 30
262119 58 30
262149 56 24
262191 52 29
262230 50 35
262347 45 31
262368 44 35
262385 45 29
262463 42 27
262486 38 38
262605 37 26
262623 26 21
262791 41 24
262832 52 24
262855 37 24
263151 40 23
263206 35 23
263216 39 25
263226 42 25
263325 31 22
263342 33 25
263372 43 38
263623 41 26
263632 46 26
263670 50 27
263773 41 26
263788 51 30
263819 43 31
264310 41 31
264360 63 41
264406 49 32
264434 53 30
264462 65 35
264515 55 30
264530 80 37
264583 69 48
264594 68 41
264690 57 35
264781 50 31
265446 53 29
265844 60 34
266006 43 19
266297 33 30
266510 44 30
266948 47 22
266979 40 25
267193 42 24
267269 54 32
267399 33 19
267505 40 26
267666 29 19
267802 22 23
267850 38 27
267876 38 22
267892 37 22
267918 47 28
267933 36 21
267995 7 12
268473 51 34
269326 49 23
272856 58 22
273934 38 25
274387 35 30
279927 44 31
288714 38 17
288795 59 36
289201 39 16
289787 68 16
291270 34 17
292106 54 28
292340 58 37
292535 50 34
292770 49 25
292797 42 30
292960 57 26
292994 65 31
293236 47 26
293259 61 25
293298 67 24
293936 46 19
295763 57 26
297952 67 26
300321 44 19
303272 41 23
303390 46 26
303687 53 28
303695 52 32
305693 58 32
305756 55 18
306911 38 12
308795 24 41
310831 21 31
311007 35 60
311139 32 34
312813 30 75
313175 36 60
315640 21 57
315669 27 49
316943 22 58
317410 23 62
320406 21 55
322790 24 66
323382 18 66
323996 18 61
325228 27 75
326111 29 55
327368 19 49
327416 20 60
327911 12 65
328375 30 54
333428 18 61
335764 25 71
338375 23 50
338401 27 69
338641 15 43
339525 23 74
340122 28 69
341611 23 62
342479 29 37
342953 23 41
343151 27 39
343224 24 42
344343 34 41
345179 48 41
345731 30 36
345952 29 34
347052 57 19
347151 32 31
349200 38 24
349440 50 29
349746 38 19
349782 62 30
350161 43 19
350262 78 25
350464 47 21
350638 64 30
350705 40 24
350796 42 19
350904 52 26
350995 59 28
351056 40 27
351061 40 23
351133 49 22
351179 50 26
351306 52 17
351343 39 14
351527 69 30
351589 45 20
351749 49 24
351797 52 27
351848 55 20
351941 42 22
351968 48 25
352103 42 22
352217 57 24
352277 36 12
352325 36 18
352463 64 46
352556 56 24
352658 43 27
352825 43 22
352842 40 16
353036 48 23
353098 64 28
353171 54 31
353210 53 23
353267 55 23
353272 44 22
353345 44 26
353353 50 22
353511 48 26
353667 57 28
353908 41 17
353914 48 20
353935 45 23
354032 75 33
354038 76 32
355152 63 33
356482 38 20
356505 16 25
356540 52 21
356574 63 29
356624 58 30
356629 55 29
356801 53 22
356884 57 26
357377 48 23
357881 50 26
357940 53 16
358087 60 28
358194 53 26
358244 56 24
358271 53 26
358287 52 26
358368 39 27
358374 37 23
358543 50 31
358615 50 32
358646 47 36
358721 59 39
358877 52 41
358947 85 28
358987 59 17
359400 45 32
359724 43 33
359868 49 23
359964 55 28
360118 45 27
360174 49 26
360241 58 38
360275 34 18
360290 40 22
360377 62 29
360472 44 18
360502 54 37
360607 62 23
360622 63 23
360637 40 18
360692 57 27
360725 51 34
360775 43 36
360939 47 31
361002 45 27
361166 58 26
361652 42 26
361839 63 35
362042 48 30
362128 48 21
362194 43 26
362249 41 26
362316 32 19
362335 27 16
362340 28 14
362351 26 20
362389 30 20
362490 29 35
362589 26 20
362658 22 26
362684 15 23
362689 14 22
362720 3 25
362727 3 26
364462 84 26
366875 45 34
368398 45 17
369814 70 29
373467 17 12
373473 29 14
373583 28 14
373611 30 15
373618 31 13
373669 55 25
373675 55 25
373680 52 26
373878 37 14
374042 68 29
374176 34 12
374289 80 31
374451 57 17
374628 44 23
374703 57 24
374728 76 22
374814 69 33
374867 51 24
375021 60 30
375180 55 22
375210 51 27
375258 56 30
375381 64 33
375417 49 22
375513 72 23
375519 63 21
375547 58 25
375666 45 28
375705 48 21
375868 94 37
375901 58 41
375908 61 40
375947 55 34
375957 59 30
376026 37 20
376250 66 26
377614 97 24
377650 64 20
377669 83 33
377721 59 27
377961 65 21
378034 68 24
378057 72 23
378178 60 24
379089 79 24
381918 62 31
382703 62 23
383816 59 25
384016 50 25
384021 44 24
384332 59 28
384773 45 18
384824 63 33
384861 55 35
384993 66 31
385124 61 24
385170 60 24
385862 63 36
386059 72 42
386119 55 28
386199 60 36
386274 49 29
386311 43 30
386449 56 17
386611 65 42
386637 65 25
386660 55 25
386678 49 24
386689 38 20
389563 55 17
390286 65 41
390480 58 29
390635 66 40
394235 40 13
395495 65 22
396937 53 23
400905 61 22
405098 40 31
412783 66 13
413630 71 9
414755 61 7
415513 69 17
416335 80 9
417899 54 9
418284 64 14
419305 102 19
420030 66 10
420693 104 14
420808 78 8
421216 95 14
421321 80 9
424790 82 23
425468 87 26
426345 61 9
426904 44 20
427001 60 23
427059 64 22
427067 68 23
427120 44 16
427192 60 24
427486 94 42
427936 57 13
427995 77 30
428351 88 27
428598 61 23
429179 53 12
429380 87 10
429598 73 17
429653 82 15
429751 91 10
429810 104 13
430347 48 6
430479 102 20
432643 75 33
432775 72 23
432911 56 36
433003 62 22
433023 73 23
433037 69 30
433231 72 20
433287 64 18
433295 77 21
433513 73 27
433557 87 26
433568 74 23
435183 37 40
436584 66 59
436603 61 62
436704 38 43
436730 32 33
436764 32 39
436816 43 56
436899 58 46
436962 55 39
436969 52 37
436996 46 34
437005 42 30
437132 73 49
437353 99 26
437397 82 25
437414 96 30
437424 83 29
437562 51 26
437591 77 38
437658 66 28
437794 58 37
437894 62 17
437961 57 25
438037 62 15
438068 60 18
438106 52 22
438342 50 31
438395 59 29
438406 57 25
438433 56 14
438496 68 19
438505 71 29
438604 72 29
438664 64 14
438689 62 19
438706 52 19
438726 58 27
438734 66 27
438880 58 30
439165 68 23
439398 81 17
439416 79 13
439813 35 18
439873 52 14
440002 53 23
442050 90 41
442419 61 30
444151 51 27
444270 29 21
444524 17 15
444712 42 44
445513 49 41
446050 63 51
447253 86 58
448244 68 61
448561 59 43
448591 51 32
448624 45 26
448852 39 26
448879 37 33
448902 44 35
448921 45 45
449002 54 40
449377 61 23
449389 55 28
449479 66 41
449602 58 33
450240 45 38
450554 37 27
450582 54 23
450616 60 37
450674 47 47
450847 67 42
450968 66 37
451124 56 44
451151 64 50
452724 52 52
453335 47 53
453457 62 59
453464 60 57
453521 43 47
453696 56 45
453754 58 59
453771 49 59
456968 41 20
457191 60 50
457202 55 48
457211 55 43
457237 36 26
457243 35 29
457318 25 29
457402 47 31
457416 43 39
457466 50 35
457509 58 41
457535 45 45
457583 48 41
457736 52 33
457801 42 26
458195 60 52
458246 52 41
458414 64 57
458660 52 45
462043 46 40
466525 36 52
467379 45 48
468913 61 22
468935 61 23
469702 78 22
470933 93 37
471005 77 22
472811 85 22
473968 42 0
474058 100 22
474731 57 14
478570 80 18
478629 67 28
479356 68 24
480265 38 28
481109 50 47
481176 55 33
481209 68 26
482367 50 40
485039 40 46
485395 70 53
489380 71 39
491089 56 44
491651 56 44
491995 32 24
492255 53 38
492611 28 44
492679 58 38
492713 78 39
492751 12 61
492795 5 36
492814 26 33
492821 34 29
493226 102 70
493372 8 19
494530 43 100
494762 51 88
495087 46 113
495204 59 140
495278 63 123
495737 30 88
