866 71 65
1232 41 42
4563 34 35
5347 79 34
18690 61 29
22877 66 17
23442 35 16
29739 82 32
30092 56 15
31666 65 31
31835 69 38
31905 65 36
32140 73 30
34545 55 23
36700 54 20
38229 50 30
38631 30 14
40054 47 30
40767 69 35
40781 78 27
40843 53 19
44494 71 14
44652 50 19
45754 68 16
45918 53 14
46919 73 20
46938 73 21
47351 75 19
47370 73 16
47462 86 22
47470 86 16
47558 83 22
49310 33 40
50985 42 40
51369 48 43
51488 44 45
52023 40 38
52407 49 34
53036 28 27
55707 44 49
58699 66 32
59136 59 24
59678 49 47
59767 64 46
60229 60 13
60962 59 22
61877 62 18
61973 56 24
62598 96 8
64614 78 9
64986 84 5
65060 69 6
65218 72 7
65808 45 5
66308 61 3
66861 70 2
67010 56 6
67027 56 5
67159 70 7
67521 100 9
68280 82 4
68320 86 5
71659 68 10
73303 74 15
73330 90 15
75857 60 22
76703 77 11
77247 80 18
78671 77 15
78805 63 9
78929 75 13
79754 82 17
79801 84 14
80346 81 12
80491 46 14
80511 46 14
80556 60 17
80595 58 13
80658 69 25
80737 70 9
82821 82 22
84558 64 12
84939 67 22
85143 65 11
85581 86 20
86090 53 23
86115 49 15
88158 62 13
90480 74 18
92779 49 14
92857 65 21
93442 63 10
93543 50 13
93599 73 20
93981 73 22
95983 77 20
96390 54 10
99617 64 15
100526 55 19
102422 55 25
102577 54 16
102692 50 19
103043 91 35
105709 68 15
108388 82 5
108473 70 32
111567 69 37
111668 69 31
112529 65 24
113892 21 9
118330 46 23
119309 12 77
121523 42 14
123583 30 32
123895 38 32
125081 46 33
125140 54 26
125435 65 44
125616 43 48
125798 38 32
130162 56 42
132754 74 33
133220 53 31
133840 73 3
133913 70 33
134097 54 27
134214 50 31
134490 73 0
134934 69 22
135121 70 48
135409 70 3
135898 33 34
135962 49 24
136516 43 20
137980 78 36
138407 62 22
138627 53 27
142040 48 32
142061 56 31
142085 60 31
142101 74 31
142137 63 33
142386 70 32
142424 57 25
142526 45 16
142646 48 32
142673 50 32
142691 51 24
142823 57 28
142853 45 30
142934 52 24
143205 49 18
143561 40 29
143630 34 21
143774 57 28
144020 43 25
144213 44 9
144284 31 17
144605 33 15
144786 65 26
144983 52 31
144998 52 35
145006 56 30
145727 56 32
146722 50 22
148418 58 20
150061 47 15
150878 61 6
151930 53 15
151962 59 15
152212 67 16
152839 58 23
153315 53 17
153918 46 18
154947 36 13
155150 60 30
156416 57 24
156856 51 23
158234 54 20
158409 49 15
159145 50 27
159283 75 22
161089 46 23
164715 47 37
169775 45 36
171947 45 34
173183 34 26
174537 39 42
174550 36 38
179124 38 28
179655 46 42
180549 46 47
180555 45 46
180849 32 45
180899 48 48
181313 64 45
182861 40 39
185497 47 53
187489 31 36
188185 49 33
188923 33 24
189087 45 39
190500 62 45
191205 30 44
192024 53 39
193121 39 24
194042 40 20
198731 12 51
199456 17 60
199561 15 83
199721 12 65
200898 19 90
203211 16 82
204356 18 71
204789 18 55
205389 17 63
205989 14 83
208447 13 38
208527 9 28
210042 18 50
210518 23 50
210656 29 65
210838 22 58
212008 22 60
212071 31 52
212154 21 65
212332 31 77
213563 17 47
213575 22 45
214451 30 63
214751 36 82
215645 24 57
217003 25 39
217824 30 66
218053 32 78
218212 33 53
218567 29 64
219087 16 46
219202 28 65
221194 35 56
222180 30 53
222537 26 36
222960 18 63
223436 26 66
224437 33 57
225053 29 35
226512 28 70
229812 23 43
229940 24 62
230361 15 51
231401 23 62
232931 31 63
234934 11 60
238664 38 52
238685 33 57
239810 26 59
247572 29 55
247789 24 71
247876 26 48
249832 23 60
250107 27 57
250611 25 40
254424 18 48
254443 15 61
255680 100 187
256374 43 74
264528 31 63
271750 35 78
273479 31 57
274841 34 0
274848 31 0
274883 17 23
274910 16 28
274943 7 50
274991 45 37
275039 48 65
275069 44 81
275105 23 83
275168 16 95
276124 47 45
276307 37 47
276350 54 56
276406 49 56
276446 46 46
276490 27 28
276501 25 27
276664 60 43
276736 35 37
276790 50 38
276808 54 36
276826 55 45
276945 41 33
276994 43 33
277013 52 38
277181 41 50
277229 38 58
277244 23 38
277290 23 44
277306 19 30
277455 6 30
282293 55 48
282725 72 58
283000 43 38
285490 33 142
285515 90 112
285530 44 145
285560 25 150
285579 78 79
285604 46 84
285615 71 60
285777 24 176
285781 21 187
285907 90 96
285917 72 97
285951 145 126
285960 95 146
285973 97 139
286000 66 127
286008 27 159
286023 35 116
286030 39 113
286049 49 140
286053 28 151
286099 39 137
286109 40 132
286130 41 102
286138 36 101
286167 67 89
286206 50 91
286219 51 97
286226 33 99
286291 106 116
286297 102 86
286302 101 87
286308 97 90
286317 92 109
286346 27 129
286606 36 49
286632 32 66
286639 21 67
286652 15 48
286653 16 47
286657 15 49
286660 16 50
286747 27 51
286758 18 62
286795 10 71
286803 10 58
286861 31 35
286933 48 98
287020 29 122
287038 17 133
288307 29 22
