31 9 54
861 59 44
2397 57 23
2444 72 36
5568 44 36
5827 60 45
7114 34 27
7297 36 35
7302 39 34
7440 65 44
7751 50 29
7770 47 30
8046 44 36
8094 46 38
8498 53 39
9923 48 33
10229 43 39
12040 68 47
12139 43 44
13086 76 30
13127 53 29
13427 57 35
14165 70 41
18677 68 47
18790 49 40
19156 36 28
19491 35 30
20587 69 35
20782 32 28
25003 38 43
26482 41 32
27053 40 35
28454 31 37
28481 25 25
28825 35 46
30083 76 71
30963 57 35
31780 62 36
32119 48 28
32170 61 40
32428 46 21
33003 83 37
34192 72 48
34532 65 46
35272 45 32
35615 62 17
36420 45 19
37288 55 31
37774 52 34
38134 58 24
38470 55 24
38703 69 41
38962 85 41
39152 68 27
39438 61 28
44754 61 31
44856 36 28
45873 62 27
45942 50 19
46052 74 26
47130 42 26
48612 83 33
48650 61 22
48840 54 21
49071 48 38
50639 61 18
50664 57 19
56691 56 37
57410 72 16
57734 53 13
60051 74 13
61962 61 25
64440 58 31
69641 53 27
71823 73 37
73830 37 21
80061 39 36
80098 48 30
81185 35 28
81213 24 20
82450 72 27
82975 32 31
83166 70 45
83496 48 26
84712 56 26
103449 48 8
105222 55 20
105281 55 25
105436 80 19
105474 71 17
105579 46 14
105605 56 15
105732 71 25
105804 65 17
106605 21 1
106950 59 16
107424 48 7
107590 52 21
107895 46 14
108555 72 18
110264 66 15
112541 88 17
112554 93 16
112641 82 26
112714 66 25
112787 56 18
112851 52 15
113230 45 14
114245 66 14
115594 69 19
118502 62 8
119888 65 13
120527 47 11
125549 60 18
126377 48 23
126450 51 20
126543 69 17
127959 60 26
128234 63 23
128889 51 18
131021 78 15
131405 63 11
132118 57 20
135101 52 26
136958 45 20
138725 53 19
139538 54 20
140080 61 10
143849 45 13
144400 51 23
144471 40 11
144581 57 17
144878 50 27
146022 54 20
146116 43 20
148426 51 12
148480 47 8
148922 48 22
149049 55 21
149757 67 23
150252 61 18
150423 56 14
150983 66 21
153506 46 20
154002 70 19
155529 69 27
156228 61 9
158700 37 23
161415 45 22
162387 37 34
162444 40 23
162900 26 27
163943 37 26
164758 63 36
165075 43 30
170351 42 35
171673 41 18
174324 38 18
175450 40 26
175455 42 26
177124 42 39
178697 40 26
178936 34 31
180370 53 32
181157 43 24
181183 40 26
181313 42 36
181674 40 31
182356 34 25
185479 40 23
185621 41 22
185818 38 23
185909 49 14
186426 26 23
186622 37 31
189067 25 25
190857 46 15
190985 37 11
194144 53 29
196301 55 19
196593 44 23
197249 58 23
197381 38 20
197392 51 23
197473 59 24
197683 52 21
197928 67 32
198221 59 24
198343 54 35
198437 36 19
198502 70 27
198693 51 23
198896 67 33
198901 59 28
198926 54 24
199005 41 15
199287 57 11
199342 58 17
199405 64 22
199831 52 27
200020 48 22
200223 16 11
200321 18 10
200461 45 21
200951 60 23
201166 46 23
201460 59 23
201689 29 23
201848 45 25
202159 36 19
202222 38 17
202272 31 17
202632 32 14
202714 45 26
202755 60 31
202860 40 21
203318 44 22
203771 51 29
203819 60 24
203838 59 25
204293 61 25
204521 63 19
205232 45 26
205639 64 22
205645 53 22
205773 66 24
205882 33 17
205952 54 12
205987 53 22
206165 63 16
206170 59 18
206210 54 18
206824 47 13
206896 55 23
207054 45 22
207089 42 23
208119 59 24
208140 59 20
208560 37 22
208799 62 22
209048 49 25
209118 44 21
212043 52 18
212803 55 22
213025 45 19
214917 36 16
215717 46 21
217222 65 35
217399 52 29
217922 33 20
218058 63 27
219520 47 18
220593 67 20
224097 45 12
224409 50 18
225769 46 24
225802 53 26
226008 50 21
226144 43 20
226686 51 26
227773 59 29
228015 44 20
229124 47 20
229206 36 16
229343 47 19
230315 64 23
230425 39 17
232637 41 20
232798 34 23
233242 53 28
233447 39 22
233600 46 36
233698 43 24
233785 44 31
234019 61 29
234036 51 22
234643 59 27
234938 63 31
234956 45 17
235203 41 26
235831 54 34
236447 61 18
236906 35 19
237249 61 25
237713 46 27
237846 48 21
238459 47 27
238571 34 17
238661 40 24
239637 34 30
241113 42 29
242314 52 29
242773 65 27
244094 44 24
245334 55 31
247372 29 21
247613 50 28
248044 35 26
249102 53 26
249644 56 31
250752 59 18
252062 58 23
256364 50 11
257846 54 10
259188 60 9
261347 53 11
262931 65 13
262944 68 13
263161 54 20
263625 45 10
264491 56 9
266384 56 8
267687 67 7
267807 52 4
268295 68 4
268654 75 6
268807 54 4
269399 68 4
269524 58 7
269785 61 3
275003 40 9
275092 41 4
275949 67 5
277007 37 3
277557 54 3
278575 74 4
279599 47 5
279666 70 5
280652 43 7
280726 56 8
281472 50 2
281856 72 1
282147 68 8
282321 61 9
282931 73 7
282978 80 6
284295 27 8
285291 66 20
286579 55 16
286619 49 19
286691 52 25
288978 46 11
293407 46 8
294756 47 11
296906 77 23
298496 53 14
300224 62 27
302833 38 12
304313 12 7
305799 78 54
305867 24 79
305875 13 81
306439 37 15
306897 54 25
307222 39 48
307229 34 57
307243 20 71
310688 62 22
312429 64 11
313430 71 16
314718 51 24
314793 53 19
315163 64 11
315897 73 12
316387 54 11
316793 59 13
317179 45 14
317995 55 10
320068 70 10
320232 31 7
321007 32 14
322694 52 26
323534 28 10
324172 33 6
324604 66 20
324700 49 11
324745 53 18
327353 32 8
327422 55 13
327600 75 14
329654 73 14
330132 36 3
332380 39 31
332542 57 31
332634 29 39
333303 60 38
338166 39 23
351729 30 20
352689 32 37
356848 22 29
362072 41 20
364197 43 29
364384 29 17
364909 35 20
365143 31 19
365392 33 16
365482 33 18
365868 21 29
365993 38 25
366062 49 24
367002 39 18
367196 47 24
367249 45 23
367385 36 17
367423 39 13
367662 36 24
367773 46 21
368101 19 22
368159 27 13
368514 32 12
368575 33 20
369631 48 26
369995 42 20
370374 18 6
370961 29 31
373754 37 26
375238 26 30
376335 20 27
378183 24 31
378215 17 15
378267 14 12
378504 29 32
378519 27 34
379000 26 36
380145 33 33
383801 29 32
383873 25 28
386047 24 35
386421 27 23
386502 26 34
387194 19 30
388553 14 26
394592 26 31
396074 33 44
396878 36 35
396956 19 10
397495 30 34
398187 32 36
398244 26 35
398419 29 25
399161 34 36
399621 35 33
399695 50 44
399880 27 22
400153 17 17
400196 21 21
408709 28 18
416264 42 28
417463 29 18
418110 33 16
419790 40 21
419798 48 33
420285 34 39
420839 31 23
421534 38 22
422054 35 28
424322 38 35
425051 41 23
427772 31 21
428464 32 17
429876 49 34
430144 35 32
430725 34 36
430875 28 21
432757 35 26
433274 32 23
434858 30 25
437302 6 53
437607 10 61
438382 12 40
438395 13 42
438834 15 43
442466 19 48
442786 10 47
443794 13 36
447687 12 51
447696 13 51
449852 13 39
450770 15 38
452379 19 41
458463 9 51
460974 11 49
461261 21 50
461787 11 42
462035 15 34
462346 13 34
462773 14 49
463174 28 46
464014 15 35
464521 19 53
465134 15 49
466214 14 30
466801 12 47
473209 17 50
473405 10 64
475295 3 21
475821 13 57
476234 13 45
477064 9 59
477848 16 59
478127 10 56
486024 13 56
487420 14 38
488249 9 27
488514 15 52
491476 8 51
492056 6 45
492847 8 54
493110 5 32
493341 9 54
493364 9 51
501113 5 42
502783 6 46
503058 6 54
503662 13 55
504127 10 45
506221 11 43
507078 12 52
509361 19 26
513368 33 46
513719 27 44
513740 24 36
514612 25 49
516983 25 29
517070 21 29
517364 19 12
518579 26 24
520274 13 18
521508 35 33
521548 35 41
521601 37 39
522752 16 23
522839 22 30
523062 22 24
523533 30 41
525131 20 34
527360 40 18
527366 39 18
527532 33 25
527899 29 30
528367 41 27
528388 39 27
529810 41 35
532512 52 24
532953 43 19
533647 32 25
534331 26 16
535608 44 37
537570 42 17
538328 29 39
543593 35 23
545015 35 30
546158 33 13
546182 29 15
546580 38 22
550031 36 26
550047 33 24
550578 29 33
550972 33 21
551134 34 15
553094 34 22
553109 40 25
553717 29 19
553936 20 15
554176 41 17
554235 25 15
554629 37 17
554920 37 30
555279 30 22
555735 27 15
556570 39 21
556825 33 16
557961 24 20
557981 35 25
558060 52 24
561051 31 36
565677 14 13
566087 23 38
566493 14 26
567773 36 61
568146 14 29
571269 28 38
572319 32 54
572958 18 29
573941 18 29
576869 36 35
576875 37 35
579064 15 29
580600 27 43
583794 22 29
585399 30 32
585538 34 48
586571 24 28
586931 15 32
587762 27 35
591780 29 43
593240 15 21
594304 33 25
600016 42 22
610225 31 24
612634 24 35
612672 32 50
613404 51 52
613518 12 78
613542 26 76
613618 108 66
613638 54 59
613678 110 54
613724 130 60
613746 55 112
613790 51 101
613946 43 41
613958 43 41
613964 38 48
613984 54 36
614000 71 44
614012 70 43
614027 44 40
614033 36 37
614073 14 20
614097 45 10
614313 29 24
614337 23 26
614365 23 19
614485 25 45
614504 14 52
614617 23 21
614835 62 0
614989 42 30
615417 30 17
616487 36 23
616867 33 16
616878 31 18
617548 32 18
617793 32 17
617935 34 18
618309 41 21
619116 24 21
620565 33 24
621542 32 19
621880 37 23
622873 29 24
623378 23 17
624100 43 19
625323 43 18
627185 35 23
627316 27 24
627615 19 13
627663 34 25
627834 23 11
628804 36 31
628828 39 32
628854 39 27
628875 42 24
629029 59 0
629250 34 21
629449 34 28
629952 38 23
630033 48 25
631418 33 24
632162 44 29
632878 42 23
634044 36 21
636936 25 20
637319 41 41
638681 57 29
639046 38 22
643144 38 21
644910 38 18
648766 23 21
649173 30 42
649219 40 35
649499 32 26
651748 49 42
651941 31 21
652322 33 21
652353 34 22
653847 38 37
654293 52 32
654999 50 19
655881 39 24
655892 36 20
656459 28 13
658270 35 22
659551 44 24
661224 42 28
662377 33 29
665456 20 34
665583 39 40
666302 27 32
668900 32 41
673261 31 38
673267 34 36
675363 29 23
675376 27 28
675511 40 48
677057 16 33
678390 25 30
683379 18 38
683500 16 45
683586 26 45
683870 12 44
684100 21 49
684778 22 29
684817 25 50
686747 21 46
687352 15 40
692116 29 30
692901 24 22
693280 47 31
693830 38 30
695288 30 39
697438 20 22
698071 34 36
698608 19 15
700635 15 32
700859 20 48
701729 30 35
707282 12 18
707312 17 29
709032 11 18
712704 25 51
712944 29 53
713327 17 33
713440 27 43
714833 17 40
715238 28 67
715822 18 37
716308 33 52
716782 22 51
717004 23 39
718978 8 23
719093 17 36
719173 7 36
721177 21 48
722510 32 44
723534 20 48
724845 10 37
724983 29 52
727496 14 37
727547 16 51
728410 14 26
729066 21 48
730807 15 47
731374 17 48
732842 21 35
733311 12 38
734790 30 37
738486 40 36
740650 26 41
742474 24 41
743815 28 43
748330 28 54
748441 23 36
749521 25 32
749808 15 35
750796 25 36
750926 26 51
751153 32 30
759212 32 27
760927 29 39
760991 23 32
762487 24 27
764006 36 49
764257 32 32
764598 10 19
765677 38 46
766770 18 35
767340 26 41
767477 28 39
768282 21 47
768371 14 43
768488 24 52
768525 13 57
769474 21 36
769704 18 51
770776 18 50
780387 18 57
782647 27 53
783877 23 47
784610 23 49
784767 20 43
785580 24 51
788911 30 50
790776 19 34
790984 29 63
792116 19 57
795383 14 41
795400 12 34
797715 21 57
799097 11 59
805443 12 73
805793 11 64
825305 41 42
825482 22 53
828230 11 69
828514 17 73
829004 11 73
830130 11 69
830425 13 75
834307 11 28
835302 28 57
846596 25 38
846920 28 65
847310 31 49
847502 25 49
847927 33 31
847944 29 30
848024 21 40
848179 30 54
850503 37 49
852446 21 34
853045 39 55
854377 39 39
855062 29 34
855840 42 34
856082 39 32
857603 33 25
858544 35 28
859637 53 25
859766 58 39
860522 36 29
861858 38 31
863525 49 44
864128 28 31
864347 38 35
864705 18 16
864948 41 24
865125 32 33
865135 34 22
865633 49 32
866164 35 30
866996 42 45
867391 43 24
867604 50 34
868224 55 36
868518 55 47
868900 47 31
869710 47 36
869899 34 26
869953 49 39
872762 60 17
873905 57 17
875171 48 19
877087 67 21
877296 43 18
879540 53 18
885237 52 35
891639 85 13
897791 78 7
898694 59 4
899282 87 12
899416 51 8
899490 57 12
900331 76 15
900347 84 14
901748 67 12
901790 59 7
901838 74 11
902105 80 10
902219 66 11
906173 62 11
906439 64 18
908556 100 22
908618 65 13
908671 43 9
909048 46 18
909964 29 7
910091 48 12
910155 42 7
910999 35 8
911021 54 11
912874 90 22
912903 92 18
912973 37 10
912994 56 13
913135 79 15
913285 87 19
913628 71 11
915983 133 76
917004 77 16
918131 65 15
919018 59 9
919543 68 10
919975 62 8
925028 78 15
925328 79 9
927192 51 11
927808 67 8
929857 74 15
930161 59 13
930251 73 10
931001 90 9
932021 55 16
932276 91 13
932555 68 11
933092 82 7
936713 74 11
938977 60 8
941954 39 6
942053 33 2
943549 76 13
943602 55 14
947548 73 13
952198 87 4
952598 103 9
954933 79 7
955485 16 11
964939 51 29
965016 84 46
965442 62 44
966183 45 36
966318 58 30
969036 57 42
972753 58 28
979729 57 47
980092 71 36
982277 47 46
984125 44 38
984191 35 34
984231 42 33
984946 42 37
984991 41 28
985034 24 11
985232 46 25
987090 37 29
987349 39 26
987412 58 48
987484 46 41
987841 65 38
988554 44 34
990189 40 48
990436 46 43
991235 37 40
991977 56 51
992033 55 36
992055 38 37
992087 61 55
992956 55 60
993446 39 33
993549 43 37
993593 79 67
993679 37 30
993858 53 47
994160 51 45
994212 53 35
994256 37 42
994453 49 37
994553 47 48
995277 46 44
996515 42 22
997856 35 56
997888 59 59
1001834 38 47
1002800 39 38
1002825 34 36
1002894 37 73
1003072 30 43
1003633 30 52
1003638 33 54
1003645 30 54
1003707 25 50
1004057 40 31
1004163 42 46
1004255 27 35
1004493 26 43
1004585 42 52
1006314 25 55
1008799 52 64
1009146 49 57
1010031 35 50
1010138 34 49
1011001 42 54
1011060 38 90
1011388 180 0
1012820 187 0
1012850 92 45
1012949 106 0
1014412 149 0
1015295 109 0
1015312 52 0
1015711 131 0
