1161 52 47
8180 47 41
8340 45 40
9006 37 63
9687 48 47
10761 69 53
11926 41 46
12619 35 34
15909 40 62
16026 36 35
16080 21 34
16161 34 79
16461 28 52
17250 30 41
17472 41 66
17502 39 66
18084 35 59
18847 34 72
20795 31 55
24212 21 44
24288 47 77
28852 14 29
28917 36 73
37621 48 59
55226 34 81
56249 35 53
58437 19 47
63444 39 36
64922 73 41
67015 61 36
67331 50 36
67535 42 23
67562 55 26
71041 60 45
71188 36 27
73507 36 27
76727 65 24
77336 72 18
77866 61 14
78664 72 19
78748 58 24
78921 97 25
79339 69 18
79555 41 14
80776 70 26
80810 74 21
82390 48 19
83544 51 10
84023 68 11
85134 98 26
85603 63 20
88022 86 27
88243 61 21
88415 70 19
88899 64 19
89040 47 13
89068 44 12
89585 45 16
89816 45 13
90314 37 20
90449 69 29
92605 61 32
92730 36 17
93103 42 26
93874 61 35
94132 53 32
94386 41 24
94401 40 28
97084 37 53
97890 44 43
98333 22 31
109148 24 37
109863 29 33
117194 19 43
120470 60 55
123042 14 38
124893 26 44
124943 28 35
126276 18 28
126480 37 52
126549 33 40
126960 37 50
127376 36 44
127463 21 42
127468 19 37
127515 29 43
129640 28 40
130099 57 41
131213 56 46
132923 36 48
133572 40 42
136906 37 48
137190 43 34
138230 43 37
138881 33 50
139613 36 47
140393 48 47
140888 39 42
141554 49 56
146417 37 35
148714 67 34
151213 44 35
151850 28 21
152038 39 20
153769 46 24
156368 51 12
156560 62 11
156569 71 14
158060 62 14
158774 42 11
159017 49 7
159347 61 10
159527 54 15
162101 48 9
162698 59 14
163174 53 10
163226 81 13
163469 68 20
165040 29 16
165065 18 10
170026 51 9
177232 33 30
177672 30 26
179292 27 44
179708 37 31
180055 31 42
180553 37 33
180609 25 34
181169 53 1
181298 66 5
181677 32 16
181906 45 35
182764 44 44
184443 34 43
186569 32 41
188961 26 33
189146 40 30
189308 40 37
190601 9 13
191259 49 35
192763 53 49
193126 38 46
194686 37 40
195028 43 30
195166 32 35
195536 37 32
197092 20 15
199336 43 23
199405 40 22
200792 51 36
202355 32 24
203761 41 33
204135 42 49
205224 45 29
205552 24 32
205631 35 38
205665 41 34
206550 39 31
206670 32 44
206976 18 34
208324 52 39
210019 40 26
211327 27 39
213271 28 33
213993 38 43
214033 24 25
215475 24 29
216686 41 48
216698 24 34
216911 29 40
217080 21 21
217102 18 11
217269 18 26
217425 35 34
217512 43 39
217796 39 40
218043 33 30
218060 34 34
218099 26 27
218410 29 19
218537 40 34
218702 26 39
218867 39 42
218873 36 40
219151 38 50
219356 21 36
219398 33 45
219931 32 24
220723 33 41
220932 38 29
222809 31 37
226012 24 20
227092 12 23
228509 27 33
228682 32 35
228803 44 28
229100 19 29
229222 42 30
229993 40 36
230734 31 34
231864 42 28
232230 34 41
236470 63 7
236482 59 7
238927 27 30
239282 26 32
239743 38 30
239999 20 39
241183 16 16
242525 31 56
243135 28 31
244061 30 31
244511 28 43
246407 29 39
246475 22 60
246632 19 51
247295 43 38
247422 20 36
247464 35 56
247642 49 60
247674 37 54
247724 40 54
247736 42 56
247790 17 37
247845 28 51
247866 31 48
248039 14 33
248075 26 34
248142 37 56
248189 39 64
248231 35 40
248345 27 44
248352 30 49
248384 31 47
248390 33 43
248830 24 47
248880 29 47
248914 29 52
250325 19 23
250389 24 33
253434 34 39
255062 29 46
257608 30 42
257637 27 42
257653 29 44
257878 21 30
257915 31 25
258026 25 40
258059 29 27
258194 39 44
258287 14 14
258326 19 17
258346 18 14
258431 23 39
258510 31 41
258529 23 38
258707 28 45
258743 17 35
258852 20 47
258865 26 58
258888 25 51
258941 32 47
258996 24 45
259122 18 25
259256 23 36
259586 15 37
260018 27 47
260127 21 47
260286 28 45
260427 27 42
260529 24 39
260583 25 42
260748 19 43
260787 17 37
260889 24 40
260919 18 38
260973 27 43
261156 27 34
261782 25 53
261787 27 53
262067 19 56
262075 18 56
262260 24 32
262273 25 44
262337 32 60
262418 20 40
262432 19 43
262441 16 40
262473 14 31
262653 28 39
262662 32 41
262733 24 50
262791 25 43
263048 29 51
263188 38 49
263560 30 45
263695 19 39
263859 26 47
264322 24 47
264343 22 52
264349 26 56
264530 26 42
265949 15 53
265982 19 67
266024 15 44
266410 25 49
267058 21 34
271072 35 38
271586 42 45
271637 38 29
272290 39 25
272388 31 31
272823 24 43
273945 29 59
274825 34 47
274996 24 53
275188 37 30
275197 37 32
275611 19 63
277985 24 13
278043 42 31
279351 31 21
281176 48 36
281532 51 33
282429 32 27
283413 56 25
284064 28 13
284340 42 16
284460 30 12
285669 68 21
295944 49 32
296126 41 31
296834 73 10
299626 46 25
305612 37 18
314258 40 25
315307 35 13
316181 32 16
316664 46 31
317731 45 25
318602 23 16
318619 39 18
318791 28 17
319536 51 26
322103 9 22
323736 39 47
325840 39 29
328898 33 33
329014 37 27
329952 47 34
330478 36 17
330885 28 18
330932 32 26
331934 55 0
332963 27 24
332974 30 27
333145 27 23
334784 44 36
340637 12 50
340761 7 37
340835 13 54
341238 22 46
342091 10 41
342216 11 49
345038 18 66
345125 14 49
345905 15 40
347221 16 28
347293 16 48
347338 21 62
347362 23 58
347513 17 37
348597 17 59
349001 21 53
349280 14 41
349356 16 35
349488 11 17
349568 14 32
349643 15 38
350441 25 56
351240 12 52
354575 8 34
357500 14 38
357981 11 50
359544 19 39
363248 16 46
363440 18 57
366081 17 65
366464 22 48
366749 16 66
366827 16 53
367172 25 57
367382 13 33
367418 13 31
367526 15 39
367625 13 45
368703 13 58
368791 18 49
368808 16 49
368850 27 63
368872 28 51
368980 11 42
369001 13 49
369170 18 41
369206 18 58
369229 22 55
369404 18 87
369445 17 74
369587 16 47
370100 9 70
370244 12 44
371073 19 30
371092 20 27
373379 20 44
374150 15 42
374209 15 30
374272 15 34
374985 21 40
378348 12 27
378633 3 9
378977 12 45
379061 18 47
379066 19 54
382339 75 0
383368 17 12
383827 23 37
384692 35 46
385750 35 28
387375 41 21
388152 44 37
388430 45 26
388919 33 18
390043 59 23
391175 26 16
392565 38 26
392658 31 16
394217 41 25
396519 12 64
396540 13 47
396657 32 60
396829 9 69
396945 5 42
396957 13 49
397187 30 19
397333 41 28
397802 72 0
398459 15 62
398541 19 84
398558 20 67
398565 18 70
398651 32 75
398657 36 76
398670 37 68
398693 35 91
398702 35 74
398771 30 42
398786 23 53
398798 38 52
398849 37 23
398927 35 79
398939 35 74
399038 37 66
399044 34 62
399062 31 52
399082 15 48
399089 6 46
399179 37 22
399257 42 26
401650 40 25
404581 40 10
411125 37 12
412974 28 17
416085 66 26
416588 46 16
417641 43 16
417793 41 22
417826 41 23
418883 60 20
419060 49 18
419747 31 23
420026 45 17
420064 34 19
421691 29 15
421945 25 18
425980 27 10
426143 40 26
428289 50 27
428450 33 16
429263 40 25
429269 32 25
431325 39 17
431880 45 20
433577 66 16
433814 43 33
434655 33 6
438942 32 28
439516 39 11
440253 50 32
441957 56 27
442380 55 29
443807 46 21
445493 39 29
445754 51 22
447049 33 20
448423 57 28
448893 12 55
450015 50 13
450404 34 13
451039 38 11
451770 52 18
452248 47 20
452415 47 7
452930 43 9
454134 38 8
458068 55 9
460785 33 9
468495 59 24
469407 57 11
472859 17 52
474608 52 20
480591 31 12
480835 44 19
486411 41 19
488487 44 16
489115 50 21
491499 52 35
493537 46 16
493606 54 19
495623 59 21
498521 60 28
499279 36 18
499967 30 12
500399 43 26
500405 46 26
500661 16 8
501186 52 18
502480 49 19
504456 55 18
505747 40 18
509991 45 14
511200 36 17
511286 48 16
511320 53 26
512219 45 14
512273 50 20
513721 49 19
514596 66 33
515177 31 16
515191 30 17
516665 63 28
516729 58 28
516794 74 18
517871 35 12
517926 48 23
517932 47 25
518237 47 22
518747 41 11
518774 46 18
519292 61 22
519772 48 23
523050 64 12
523453 46 19
524717 22 35
524941 30 37
525057 39 42
525803 47 33
525810 54 39
525903 26 29
525953 25 18
526619 31 40
528371 33 45
528493 24 25
528610 13 16
529280 42 29
529607 40 41
531293 33 28
533431 45 30
534046 41 33
534087 34 30
535139 62 33
535669 39 25
535740 45 43
536147 47 27
537499 34 37
540784 30 23
541100 39 32
541127 50 40
542700 44 27
544506 46 17
545358 41 15
545718 42 15
546748 55 15
547798 48 17
549672 46 32
549748 37 19
552779 36 24
554160 36 17
554574 30 12
554867 58 27
554922 70 27
555351 49 23
555609 58 21
556349 48 25
556784 41 23
557180 45 22
558284 58 30
559200 55 0
560816 49 28
562770 46 23
563190 39 10
563365 47 10
567125 61 20
567413 50 29
568018 59 28
569227 55 24
572067 56 24
573328 63 25
573892 51 22
577424 47 16
581572 33 15
581907 48 25
583987 38 17
585142 46 27
587828 29 35
588852 36 48
593008 44 34
593102 43 49
593196 32 26
595238 34 51
595724 23 41
602633 34 36
604293 16 46
604772 16 42
605518 31 61
605606 18 60
605837 10 43
608922 28 73
609920 17 54
610833 24 55
610903 24 57
610963 34 64
611696 25 77
613915 11 62
616739 16 88
616778 17 89
617969 10 46
618789 2 15
619451 10 47
620150 11 67
620383 12 54
621969 11 86
622681 12 52
623179 16 62
624339 14 58
624886 11 71
626032 16 76
630042 19 50
630273 21 55
630864 15 61
630897 11 55
630963 10 34
633735 34 33
633742 33 31
633852 25 27
633882 29 34
633889 27 28
633902 29 25
634026 31 41
634044 34 37
634068 23 23
635593 25 29
636072 42 47
636393 46 39
637016 20 25
637032 18 24
637085 29 29
637119 34 31
637153 50 45
637200 34 31
638713 27 27
639463 28 48
640777 17 22
640947 26 33
643539 31 63
645208 48 53
645893 50 63
647474 23 38
647630 32 39
647666 34 35
648246 42 35
648977 17 12
649585 29 32
649697 36 30
649893 33 36
650705 26 19
651226 33 34
651821 44 45
654131 43 64
654939 28 43
655410 27 41
655661 28 53
656170 34 66
656643 46 50
660757 33 50
661272 22 24
663732 47 38
664292 29 49
664964 47 35
664991 64 53
666475 23 20
666708 52 36
667250 63 40
669536 40 18
670055 49 31
671176 52 30
674095 52 30
676028 59 33
678815 46 24
679624 49 21
680414 53 28
683083 26 14
683104 33 22
683578 32 32
683736 41 51
685280 34 30
686811 43 51
687415 42 43
687687 34 26
687785 45 32
687985 52 41
691944 45 32
692251 47 36
694671 40 36
696166 42 34
696974 54 29
697583 49 35
699215 57 37
699391 35 25
701826 54 37
704090 70 34
704195 43 43
704507 52 41
704731 45 44
705228 26 56
709471 21 68
709906 19 43
710089 23 72
710094 24 78
710561 17 51
710567 17 50
711115 20 66
712250 18 49
712294 26 51
712423 21 62
712736 25 61
712906 18 74
712965 14 59
713159 30 71
713267 17 63
713319 24 61
713363 33 55
713506 16 56
713606 23 44
713644 19 55
713691 16 31
713791 21 73
714319 18 59
714691 10 63
714896 24 49
715522 29 53
715760 27 63
715916 33 69
716790 38 99
717160 21 87
717684 20 77
718202 20 72
718396 15 52
718683 17 67
718809 25 73
718884 24 76
718922 28 63
719337 37 90
720021 23 80
720144 21 64
720190 23 66
720292 16 58
720663 19 55
720907 15 55
721105 24 53
721114 29 62
721488 17 71
721577 14 53
721697 17 61
722047 14 72
722084 19 72
722400 27 73
722698 28 52
722703 31 53
722711 31 47
723632 20 69
723680 15 43
723830 36 79
723844 36 77
724274 15 43
724318 15 50
724476 30 70
724641 19 49
724847 26 67
724935 15 51
724959 13 47
725127 16 44
727380 11 62
728336 31 70
728480 17 50
730154 16 68
731295 14 59
731916 28 62
732243 26 71
733682 17 52
735019 14 60
735835 15 47
735955 18 53
736359 31 94
737378 23 69
740134 14 74
741122 23 92
745069 22 78
745403 23 66
745478 22 81
745872 18 62
746913 25 85
747045 24 66
747471 16 60
748374 27 79
750197 23 74
751162 23 55
754817 71 40
755002 48 33
755034 48 36
755094 40 44
755141 41 39
755190 54 36
755960 48 39
756024 64 42
756096 56 45
756136 49 36
756275 54 38
757061 64 32
757811 48 13
757835 54 15
757955 58 24
758185 72 25
758771 71 30
759225 60 49
759312 52 38
759366 48 26
759676 54 37
759687 56 37
760092 50 33
760110 56 33
760149 38 27
760377 79 47
760386 88 49
760641 49 36
760695 58 40
760731 65 43
760779 65 56
760812 59 52
760827 51 52
760922 50 42
761100 30 32
761193 44 28
761230 47 42
761358 39 33
761480 44 38
761532 40 41
761572 34 40
761577 35 35
761591 61 33
761618 61 34
761636 71 43
761667 53 42
761677 49 39
761694 50 41
761719 52 49
761725 40 44
761888 70 35
761934 65 31
762063 46 29
762069 42 25
762078 49 27
762166 55 23
762204 54 29
762255 37 59
762271 52 53
762279 51 51
762299 51 46
762335 40 21
762346 46 21
762352 47 19
762360 51 19
762382 48 21
762390 48 19
762400 46 20
762418 53 30
762429 55 34
762460 52 40
762519 66 39
762531 67 40
762807 48 40
762857 54 33
762932 51 19
762975 51 29
763005 66 34
763036 64 34
763085 67 48
763107 59 37
763114 60 41
763136 36 22
763355 69 36
763414 74 36
763423 69 33
763455 57 29
763479 43 21
763537 31 28
763603 70 42
763675 71 38
763692 51 39
764238 51 34
764257 56 35
764274 54 32
764461 70 31
764488 50 31
764568 90 47
764598 55 34
764952 55 43
765145 63 39
765183 62 33
765249 51 33
765318 53 43
765344 54 38
765453 50 29
765510 62 25
765651 53 26
766040 59 39
766179 54 35
766348 33 28
766567 50 31
766714 61 36
766834 67 32
766864 53 37
766894 44 34
767266 58 35
767500 45 25
767539 53 34
767560 48 32
767794 56 29
768490 76 42
769762 31 52
769796 22 48
769824 18 63
769838 24 76
769845 26 79
770308 22 56
770536 25 65
770657 28 55
770866 38 70
770962 20 53
771112 24 52
771238 27 47
771597 13 87
771796 13 75
771971 11 82
772114 10 73
772300 10 60
772310 9 57
772355 12 68
772394 7 37
