906 100 2
2058 72 2
3277 57 8
4167 86 7
4365 93 5
6121 100 5
6327 102 9
6439 77 1
6518 97 10
6816 95 9
6846 90 9
6977 60 2
7037 110 4
9171 49 3
9478 70 5
9653 79 7
9858 75 5
9863 78 7
10197 73 7
10658 90 1
10793 83 3
10994 54 2
11105 65 2
11424 86 3
11440 80 4
12124 71 4
12752 59 15
15074 65 18
16429 46 18
16987 58 21
17153 73 28
18137 17 3
18231 70 16
19669 49 17
20677 56 14
20947 52 17
21043 75 22
21150 43 11
21487 52 22
22723 85 25
25544 56 18
28173 50 21
29154 87 23
31918 75 17
32405 44 18
36495 76 6
39494 66 10
39617 72 12
39668 91 13
42794 45 25
44496 18 47
45330 28 81
46732 25 41
47219 28 32
49123 42 45
49230 37 43
49280 38 32
50663 28 36
50698 29 38
51379 24 62
57495 23 58
57846 24 31
58095 20 60
58144 13 43
60861 44 34
62839 55 35
65835 39 30
68231 36 28
68268 29 28
71796 30 64
75148 29 66
75263 21 56
75710 21 47
76173 24 57
77871 46 59
78498 37 42
85033 36 46
86192 30 57
86234 28 55
86320 25 47
86473 31 71
86542 23 55
89217 20 44
89269 24 50
89347 23 61
89391 28 41
89396 26 35
89527 34 74
89680 27 52
92068 22 60
96539 22 50
104546 34 54
104744 28 43
105584 45 25
106718 22 40
107428 54 51
107482 57 37
108221 32 33
108346 50 51
108427 44 28
109765 37 25
111357 50 17
113424 92 10
113670 68 9
115204 82 9
116116 82 12
116488 97 0
116871 88 8
116934 26 1
117049 34 2
117165 64 3
117173 54 2
117784 58 11
120134 72 15
120661 63 19
120848 61 8
124670 47 5
125631 79 7
126555 62 8
127526 18 4
127735 60 13
128865 72 15
129623 84 17
130125 88 14
130138 69 12
131688 67 13
135332 70 11
136419 51 10
136911 89 17
137489 63 5
142329 53 32
143507 58 33
147175 67 28
147449 52 25
147599 57 22
147655 51 21
148841 54 34
149679 67 25
151014 46 19
151027 47 25
151036 52 29
151089 44 41
151256 62 51
151319 62 34
151416 22 36
151502 37 53
151541 54 57
151579 64 51
151611 47 37
151635 40 47
151664 33 44
152123 61 54
152678 27 38
152815 47 51
153428 46 29
153694 18 39
153704 42 37
153733 47 31
153738 55 33
154033 56 44
155033 39 57
155037 25 63
155090 26 94
155106 40 92
155149 28 97
155173 51 127
155245 47 126
155288 43 110
155299 46 104
155519 45 62
155545 36 129
155609 13 84
155635 20 65
155653 33 53
155700 75 54
155738 31 103
155765 66 62
155819 63 68
155958 41 39
155978 41 41
156092 46 37
157492 16 116
157547 22 88
157635 20 36
157730 40 58
157928 37 32
158039 44 53
158091 45 73
158112 20 91
158128 15 109
158144 14 118
158162 59 70
158171 63 52
158190 67 46
158223 17 77
158236 13 65
158271 9 55
158470 45 44
158620 70 55
158661 55 48
158731 40 27
158785 53 48
158857 64 43
158900 63 41
159247 23 35
159271 24 40
159466 32 47
159531 45 46
159539 55 47
159557 42 30
159630 49 38
159655 36 40
159702 33 40
159914 60 55
159957 69 54
159977 63 42
160006 53 44
160145 46 33
160150 48 40
160180 56 47
160235 53 49
160759 51 53
161218 52 46
162139 34 33
162967 31 48
162975 24 45
163026 28 39
163056 35 42
163713 44 39
164370 41 60
164858 46 56
165024 51 40
165051 43 49
165126 53 60
165465 52 64
165486 49 50
165504 59 51
165798 59 71
165924 47 42
166017 46 27
166428 52 51
166440 46 45
166465 52 49
166547 45 38
166613 46 37
166618 50 40
166680 37 38
166705 33 30
166716 33 43
166757 27 33
166762 30 33
166831 52 32
166840 54 32
166897 13 19
166903 14 23
166909 22 21
166918 33 18
166935 35 23
167025 34 16
167038 30 12
167067 23 15
167072 25 14
167115 58 37
167154 64 53
167159 67 56
167217 35 34
167326 40 29
167331 33 25
167421 41 48
167732 40 36
167754 64 21
168840 74 36
169297 55 22
169586 53 20
169725 68 29
170165 75 29
170228 72 24
170761 36 28
