53 7 20
119 14 36
164 54 10
355 8 34
735 43 56
1491 30 43
1726 37 79
2252 38 56
2817 31 64
2833 31 68
2990 31 72
3322 18 56
3641 52 29
3833 29 33
4906 26 31
5072 18 10
5077 19 10
5095 11 2
5361 62 0
5716 95 0
5909 108 0
6542 96 0
6965 98 0
7667 73 0
8092 69 0
8304 93 0
8565 114 0
8807 98 0
8936 82 0
8972 108 0
9021 104 0
9346 77 0
9376 98 0
11339 81 0
15468 86 0
16868 105 0
17062 85 0
17128 88 0
17230 88 0
17244 99 0
17251 104 0
17297 85 0
19081 109 0
19921 77 0
23239 66 45
23319 38 28
25960 51 38
26959 43 44
29748 65 43
30084 72 63
30199 52 64
32461 56 55
33997 46 47
34422 26 39
37207 34 50
38412 44 51
38617 38 48
40967 28 32
43062 39 38
43697 27 38
44048 49 44
44825 44 52
48912 64 19
50446 71 20
52502 64 12
53278 63 15
53810 73 15
54016 70 17
55502 66 17
55673 75 27
56810 75 19
57008 84 11
57158 60 11
61132 49 9
62047 64 13
62155 80 14
64104 74 11
65987 93 10
66781 82 15
66787 86 13
68238 91 18
69816 67 11
71256 86 0
71703 75 10
72205 82 14
72299 57 11
72964 77 4
73189 57 8
73279 122 8
73807 88 19
75334 68 11
76840 87 8
77572 82 18
78476 94 15
79153 43 6
82013 21 7
82117 75 9
83336 74 15
83672 82 7
84176 73 8
84614 79 13
86036 75 8
86330 79 15
86792 103 16
87311 79 15
87630 64 12
88043 89 19
89450 44 6
90191 62 17
90545 61 11
90636 84 13
90684 66 6
90733 44 6
90771 38 11
90847 65 14
90924 84 10
91077 67 14
91342 64 9
91363 58 10
92813 89 9
93176 75 15
94714 57 9
94829 63 13
95076 100 13
95824 71 9
96010 89 13
96953 81 22
99620 71 19
99929 76 14
102739 86 14
102875 71 5
103089 62 14
105198 53 31
105848 61 17
105864 33 10
108305 45 44
108725 51 30
109151 16 11
109597 30 40
109889 28 35
116906 43 26
117437 45 32
120325 60 31
120977 45 26
121044 44 23
124475 55 27
124937 43 16
125380 74 24
125676 76 23
126849 72 32
128195 71 19
129625 61 19
129921 75 17
130933 63 24
131070 47 17
133909 76 23
137464 73 17
137839 52 17
142723 66 19
147168 60 16
151103 74 14
151638 42 10
153296 51 7
154591 65 17
157376 43 28
157445 60 22
157643 52 31
157971 74 36
158739 61 31
160578 42 28
162162 20 14
162229 35 28
162791 39 10
162823 47 13
164548 20 11
166708 80 33
168205 52 23
168354 55 24
172346 39 27
172642 59 18
174545 61 26
176065 28 19
178227 61 21
179869 60 21
182995 56 27
183456 12 86
183463 13 86
190543 55 16
190635 83 36
193219 43 12
194933 55 24
194990 57 23
195563 49 14
195584 59 21
195800 38 12
198296 43 15
202423 33 12
202639 68 18
203821 50 25
207364 61 24
207644 54 21
208222 48 18
209563 53 24
211917 49 45
212862 27 32
214964 77 28
215485 52 23
215753 39 25
215766 42 24
215896 59 31
216588 64 15
217319 61 23
217500 70 13
217665 61 14
217702 73 18
217729 81 20
221639 49 22
224257 43 16
224532 53 23
224840 56 14
224993 38 14
225559 42 15
228063 36 11
229197 36 25
229991 33 23
230149 38 30
230534 43 44
231266 30 29
232872 50 34
232970 34 16
233812 34 35
235540 36 32
236644 50 28
239291 41 44
239742 43 50
241072 41 51
244515 54 21
247616 32 24
248541 35 24
248729 38 41
251496 33 36
251581 48 41
251928 33 40
251994 35 35
252165 27 42
254427 37 23
256238 30 29
258265 30 26
258597 46 51
262323 22 20
262910 38 22
263344 39 41
263576 21 30
264450 19 28
265571 26 29
268161 23 24
269614 33 63
269670 25 53
269775 16 24
270956 20 27
271940 22 32
272337 37 36
272342 35 42
272459 29 37
272564 15 28
272766 30 42
272996 36 41
273274 24 47
273532 21 27
273546 21 28
273863 16 19
274073 16 27
274261 32 28
274440 33 41
274447 34 44
275197 29 28
278725 22 30
279513 24 33
280160 24 34
280786 32 36
280824 23 23
281288 27 25
281622 43 42
281669 39 41
281680 37 43
281703 36 47
282263 28 33
282869 22 28
283211 28 41
283227 34 37
283562 31 26
283731 38 46
283940 32 33
283994 43 38
284202 29 31
284915 21 25
285415 24 45
285485 34 48
286776 26 33
289989 40 42
290411 45 39
290435 38 39
290459 32 34
290541 28 44
290623 34 34
290633 23 23
290745 37 32
290766 37 47
290853 35 39
292777 33 31
293479 41 39
293569 31 37
294146 44 35
295708 38 33
295891 33 26
296154 33 50
299141 29 60
299542 13 54
300506 20 22
302769 26 37
303673 22 50
306917 40 55
307388 29 28
308870 22 41
309619 26 40
310543 20 35
310589 23 41
310628 22 38
310760 29 46
311618 28 48
312278 29 43
314179 23 50
315182 23 41
320454 20 30
320929 14 23
321396 13 42
322551 18 55
323777 15 32
323943 14 30
323951 15 28
323987 17 30
324011 22 51
325992 23 32
326773 35 39
328687 30 38
331047 20 51
331221 37 14
332840 30 14
333977 55 27
339610 39 13
339895 39 16
340180 41 21
347939 51 24
351328 55 18
353272 38 17
354647 60 17
357361 46 20
357418 49 20
360018 36 4
360573 53 25
360668 40 19
362018 61 26
364292 42 23
365116 39 8
365843 46 24
369322 54 18
371428 43 22
372030 22 26
376020 40 14
376035 37 9
376153 14 14
376236 43 12
376372 25 13
376578 25 16
377277 40 27
377605 35 10
377784 68 30
378240 37 15
380595 36 28
381066 30 33
387125 51 38
387552 31 33
389381 32 31
389509 38 26
389623 28 34
389825 28 28
391006 25 48
392263 40 23
392417 26 31
392707 38 28
392755 49 31
393619 23 31
393680 21 37
393961 25 43
394520 25 39
395173 29 23
397412 39 33
397655 39 24
397885 22 38
399552 34 40
399603 23 44
399624 19 33
400531 19 33
401086 23 30
401257 24 33
401308 24 37
401328 21 27
402903 43 33
403532 29 24
405779 16 21
405957 17 14
407641 34 25
407671 42 42
407676 39 45
407999 42 34
414849 38 40
415848 46 23
416038 38 28
417165 42 30
418528 39 30
418850 47 24
419282 26 23
419473 29 16
421190 40 28
421369 53 28
422019 37 24
424370 41 19
426167 31 15
426926 36 22
427204 39 25
427367 29 22
428230 44 7
430150 45 8
433620 78 17
435474 55 18
436929 42 17
437529 40 8
437949 67 16
440006 32 6
441735 69 11
442564 54 12
442579 60 13
442801 32 3
442943 44 17
444232 48 15
444255 53 15
444575 50 6
444641 79 15
445014 38 11
445050 50 10
445335 39 10
445439 27 6
445695 56 11
445745 48 12
447551 46 8
447714 39 16
448011 35 15
449104 42 21
451111 43 21
453528 50 14
453793 26 9
454364 62 13
460437 25 8
460462 31 10
460683 40 15
465023 38 10
466217 39 10
466871 43 9
468098 21 12
471411 32 14
473155 42 14
475265 35 12
475754 43 18
476551 34 13
478480 33 12
478545 49 18
478605 36 17
478989 53 9
479102 50 15
479996 64 14
480008 64 15
481375 52 21
481966 35 19
482348 44 15
482536 38 9
483848 33 13
484508 37 15
484595 31 14
484839 36 15
485011 55 15
486347 32 15
487907 60 6
489287 46 9
489608 53 9
489945 53 5
489963 54 8
490153 41 8
490662 52 11
491618 59 6
492398 51 12
492807 47 7
494265 48 6
497743 49 13
499027 54 7
500398 46 8
501601 21 34
502382 50 4
502546 50 8
504210 66 10
508826 54 11
510115 57 15
510750 48 6
511923 60 6
512199 50 4
516086 37 6
521271 82 5
531106 38 18
533349 42 14
536530 26 15
541002 49 17
541811 44 24
542577 57 29
542622 39 15
543177 37 20
543393 33 14
545205 24 17
545608 14 3
545613 15 3
545628 19 5
545751 20 7
545829 32 10
546108 53 20
546648 49 23
546844 36 22
547181 38 11
548253 44 19
548679 53 16
549368 52 24
550587 32 13
551537 25 10
551960 40 21
552224 43 26
552816 46 22
553342 43 13
553381 48 18
555478 16 9
555701 33 19
555742 31 13
557259 62 20
580562 52 21
586323 39 13
586452 44 11
586634 54 11
586686 57 16
586725 63 19
586840 50 7
586889 43 18
588291 42 20
590184 65 16
590577 53 15
591920 30 15
592046 60 20
592422 63 14
594415 50 11
595048 51 13
595363 32 15
595865 35 16
596340 53 14
597078 52 12
597188 48 9
601584 57 12
602831 43 0
605645 40 23
606049 30 16
606817 28 16
610079 36 9
614681 58 17
616211 54 25
620861 36 11
632378 39 12
632475 47 18
632536 55 22
632900 57 9
633209 49 24
633466 28 19
633599 58 12
633641 56 14
633790 43 17
634682 56 22
634802 50 14
634842 56 23
635006 43 23
635072 73 31
635493 45 20
635672 48 19
635792 39 13
635857 39 16
635864 39 17
635876 59 20
635903 74 26
636267 56 18
637072 30 24
637108 26 13
637170 42 29
637215 57 28
637283 56 16
637350 41 26
637566 64 24
637600 50 19
637651 54 15
637674 49 13
637728 54 16
637744 59 16
637800 44 17
637902 57 21
637911 61 23
638383 44 23
638559 45 23
638741 45 21
638912 41 20
639095 40 12
639104 44 13
639146 49 17
642497 61 14
642634 44 10
642720 32 5
643855 47 17
644505 67 8
646414 59 5
647194 61 6
647445 57 9
647452 74 8
647530 80 18
648453 68 6
648696 74 9
649346 72 8
652992 78 12
653882 78 16
657904 55 8
658546 49 4
658720 56 4
658852 63 5
658861 45 3
660064 47 10
660273 50 8
660310 44 4
660320 37 4
660987 64 5
661097 51 4
661131 39 4
661173 55 7
661487 64 9
661884 81 9
661920 69 3
662322 75 5
664752 58 0
676534 71 0
677402 84 0
678196 85 0
679004 70 0
680576 57 2
682577 60 9
682664 85 12
682684 73 13
682775 70 9
682792 73 9
683522 40 53
685951 64 26
686399 47 10
686616 52 19
687716 59 24
688817 66 13
690180 35 16
691745 55 15
691940 47 17
692240 50 22
692965 30 7
693100 35 13
693139 55 13
693168 56 12
693218 56 13
693233 59 16
693256 47 13
693286 54 16
693298 48 14
693308 49 13
693418 68 14
693575 55 14
695372 51 13
699018 54 23
700050 43 12
701029 45 9
707884 69 4
708661 18 1
708791 55 12
708889 18 14
708911 28 11
709435 55 16
709806 63 3
709902 66 6
710193 61 4
711158 84 6
711251 56 6
711873 66 4
712376 46 5
712773 53 3
714735 56 7
715059 82 6
715227 83 6
715822 69 8
722425 58 9
728755 36 11
732031 64 13
733960 64 13
735061 45 7
735067 50 9
735365 69 8
736333 58 13
736915 39 7
737960 113 13
738258 64 11
738582 56 8
738840 85 18
739364 61 9
739872 65 10
740719 15 7
741654 64 14
743667 74 14
743871 67 19
745776 43 28
745822 90 11
747086 66 13
747383 60 10
747535 81 24
747554 80 25
748238 81 18
749111 65 17
749383 79 21
750419 44 13
751424 42 8
753102 81 21
754417 55 19
754481 58 15
755326 48 14
756778 45 14
756871 75 17
757167 85 22
759297 57 17
759432 46 11
759858 77 12
760674 47 9
761410 79 21
763979 49 17
764012 32 12
764221 60 12
765000 63 12
770643 84 9
771432 73 9
771553 74 8
773143 16 13
773524 51 5
773574 50 9
779493 65 12
779914 87 13
780502 74 20
782247 70 17
782704 69 14
785676 55 10
786184 62 12
792053 68 18
792122 85 0
792497 49 0
792869 48 13
793136 60 14
793849 58 13
793930 61 12
793985 81 14
794400 18 1
794405 14 1
794410 13 1
794552 65 19
796310 74 12
796388 56 10
797805 79 18
798558 74 14
798637 79 13
798871 34 34
798886 42 45
798942 36 43
800312 57 14
800690 57 10
802220 51 12
802302 104 17
802672 56 19
803234 89 11
803850 65 18
809139 79 16
809217 64 10
810846 58 14
815164 93 17
815288 69 16
815473 68 17
815548 66 6
815808 67 11
815902 56 16
816805 83 12
818003 70 13
818936 63 39
819997 39 22
820809 85 12
823023 19 7
823175 37 17
823397 62 16
823549 59 12
823719 68 9
824247 94 13
824423 70 12
824434 71 14
825359 75 15
825491 102 18
825592 51 10
825892 53 5
826821 61 15
827716 64 17
827730 59 17
828150 80 13
828448 68 14
829005 39 15
829801 79 10
830633 68 12
830681 54 11
833271 46 17
833673 104 36
833748 51 18
834498 92 31
834576 75 15
835394 63 15
836222 51 12
837663 71 27
838296 75 15
838305 69 13
839114 50 11
839424 60 14
840078 50 13
845625 99 5
846908 66 6
847624 59 4
851138 104 8
852778 80 33
855024 54 4
857425 74 3
858754 97 4
859312 92 3
860147 83 6
860999 39 25
861602 55 31
862261 58 20
862340 60 20
863543 64 32
863852 39 16
863859 29 15
864949 38 15
866090 77 30
867306 95 23
868048 57 22
868068 59 25
868385 59 33
868933 89 25
869026 59 9
870059 62 23
870210 80 28
870226 81 29
870946 60 17
871306 70 21
872386 55 9
875085 75 27
875300 90 11
876415 87 26
876486 65 19
876717 90 16
877550 100 29
877775 64 25
877902 90 15
877986 49 18
878609 25 43
878620 59 17
878635 45 16
878811 31 40
878826 50 47
878858 14 67
878883 12 62
878904 37 18
878962 7 49
878974 37 28
878996 44 44
879295 50 41
879443 69 38
879852 64 34
880107 74 40
881339 70 48
881925 46 33
882720 58 51
882789 10 84
882815 11 71
882916 37 39
882950 19 53
882966 21 77
882974 21 76
882981 24 73
883032 39 28
883079 22 49
883098 19 48
