1411 56 30
2258 113 5
5464 43 4
6515 10 85
6524 86 0
6551 12 71
6592 17 81
6632 11 67
6880 25 137
7247 21 98
7307 33 86
7347 30 73
7355 22 79
7607 47 71
7618 59 64
7623 11 73
8085 82 21
9413 33 87
9422 36 86
9434 40 87
9446 74 109
9455 75 97
9485 163 113
9497 171 100
9542 139 70
9587 117 64
9625 59 87
9665 20 81
9671 31 87
9737 97 96
9746 82 102
9858 15 77
9863 16 73
9881 54 85
9929 79 80
9998 53 83
10042 96 73
10061 78 94
10144 79 95
10161 68 86
10166 68 85
10271 20 66
10282 37 66
10577 13 70
10582 20 76
10604 34 105
10610 33 113
10650 83 22
10673 52 124
10679 61 109
10745 66 55
10754 22 80
10958 60 15
11289 82 25
11431 38 11
11912 60 22
13146 71 30
13185 73 29
13229 14 104
13239 12 90
13296 65 12
13329 64 56
13345 30 79
13467 70 25
13519 27 102
13821 61 23
13984 80 17
14363 77 19
14529 23 9
14651 47 17
14679 15 16
14684 14 15
14696 7 19
14941 10 20
15043 6 17
15148 2 17
15172 7 15
15211 7 9
15616 17 0
15727 24 13
16019 70 14
16075 51 12
17096 57 31
17484 45 28
17701 61 35
17811 43 33
17862 41 35
17885 48 27
18000 59 30
18153 62 42
18266 54 24
18282 63 30
18626 259 95
18641 355 92
18696 270 201
18703 372 99
18823 66 33
18885 65 13
18897 58 12
20110 67 16
21310 58 22
21781 76 23
22984 75 15
23508 63 13
24007 83 28
24559 61 20
24606 60 22
25348 54 19
26252 40 18
27451 58 19
27499 61 26
33363 52 18
33598 57 18
34156 45 18
35293 50 8
35420 101 26
36933 56 15
37119 50 20
37176 61 17
38301 52 19
38820 68 14
39434 80 27
39780 63 21
40271 60 24
40641 73 28
42206 52 14
42734 58 14
45601 73 17
45645 84 25
45671 88 28
46448 51 16
46981 62 34
47806 78 23
48217 59 23
48820 102 31
48903 50 11
49359 51 20
50028 78 19
50405 77 13
51471 65 18
51944 74 16
54220 73 21
55524 83 32
55689 50 13
55752 67 27
55792 77 35
56089 63 32
56247 61 38
56302 55 31
56386 71 37
56508 64 33
56568 53 23
56961 49 21
57127 38 23
57605 71 21
58364 52 23
59354 55 19
59601 57 31
59906 45 19
62165 45 24
68138 59 22
69086 65 29
72056 23 21
72092 34 31
73066 16 22
74712 50 51
75650 33 38
77039 62 48
77522 38 44
77695 36 51
79304 38 36
79631 36 56
79700 38 43
79715 36 40
79816 43 40
80010 36 40
80177 45 50
80590 28 40
80747 63 57
80892 39 41
82020 53 46
84225 23 42
84550 15 59
85504 34 44
87023 32 26
87800 36 51
88965 41 42
89078 40 42
89638 48 49
89670 54 51
89719 50 49
89739 44 33
89804 23 29
90658 69 47
91011 18 11
91799 40 42
91814 28 42
91902 58 44
92072 38 44
92512 29 26
94797 35 37
95322 43 39
95656 32 33
96170 58 46
96237 27 28
96554 44 32
96806 62 40
96872 31 38
98068 45 33
98999 43 38
100166 55 45
100912 3 11
101579 51 38
101802 37 49
124899 36 25
126273 64 36
126368 57 40
126614 49 28
126629 52 22
128170 37 29
128243 44 42
129160 30 25
129978 28 0
129998 33 0
130004 33 0
130109 32 0
130241 11 0
130268 12 0
130631 37 29
133676 13 21
133706 13 14
133831 69 48
135059 48 27
135173 56 28
135247 57 33
135367 19 19
135477 51 28
135841 40 33
139308 52 38
139458 40 27
140980 30 26
141044 29 36
141259 53 40
141682 52 40
141733 45 33
141740 48 35
143561 45 31
145816 33 29
146813 42 38
147620 46 27
149762 31 34
152822 30 22
152866 38 37
153836 9 2
156513 38 42
157892 35 39
159625 43 17
160569 56 16
160753 70 33
161844 55 24
165886 8 47
170251 9 59
174754 9 69
183460 7 56
189301 6 48
189432 10 88
199160 53 35
206627 42 17
209792 44 20
212788 52 15
216081 54 0
216698 61 16
216726 53 13
217873 55 13
219098 41 15
219774 61 12
220063 70 26
221422 76 16
221661 48 17
223156 61 24
226825 48 17
227858 55 10
227911 49 13
228220 47 11
228464 41 17
229907 67 19
230032 58 26
230051 51 19
230161 53 11
230613 32 8
230754 62 13
232994 55 18
233906 44 24
234944 43 12
235643 61 18
243096 58 23
243804 50 17
250934 48 12
252805 49 25
252868 56 23
255327 55 19
255698 39 8
256336 47 16
256993 61 17
257199 58 16
257311 54 20
258234 33 15
260492 39 12
261045 45 20
268218 40 10
268383 44 12
268407 47 14
269170 49 15
272083 35 21
272288 36 25
273192 45 16
273233 39 19
273444 43 16
274623 48 14
277025 37 12
277130 44 23
277214 44 22
277339 50 14
277625 51 13
277854 53 21
278880 55 24
279093 60 14
279873 52 20
280066 33 8
280109 41 10
280156 45 16
280717 23 22
282127 40 15
282237 55 21
282601 39 17
282683 45 15
283200 64 16
283359 47 21
283425 32 24
283731 59 21
284361 51 19
284588 51 20
285178 49 16
285341 41 17
285446 49 14
285485 40 12
285518 44 20
285859 34 13
285947 29 10
286019 40 18
286175 49 9
286320 41 15
286760 31 15
286799 42 13
286985 39 12
287282 34 17
287313 36 22
287576 49 14
287804 62 24
287979 46 20
288003 51 20
289092 38 18
289132 41 6
289234 60 28
289311 45 15
289686 72 23
292746 18 37
293771 23 41
293825 22 41
293937 23 47
294057 25 41
294224 18 50
294237 19 54
294499 25 56
294581 24 37
294741 19 45
295191 12 29
295319 22 40
295780 12 47
296123 16 42
296263 18 35
296590 17 36
296796 15 20
297651 11 28
297795 15 34
298869 18 40
299752 18 40
300230 19 45
302148 6 38
302236 14 55
303642 22 38
303718 17 58
303962 18 45
304028 19 42
304067 20 49
305744 18 44
306877 26 40
308055 14 44
310015 10 32
310879 17 38
312491 19 34
314221 26 43
314227 23 37
314754 20 29
315555 26 25
315815 11 32
316687 28 36
316863 15 37
317161 28 59
317908 19 38
318821 26 26
320064 20 39
320415 17 29
320448 23 35
320655 25 34
321182 34 28
321521 25 38
322786 19 23
325076 28 42
325104 18 46
325255 39 57
325510 21 53
325967 20 39
326221 22 35
326262 21 34
326327 22 36
327491 15 25
327629 25 43
331274 19 42
332745 22 27
333190 19 29
333719 34 51
333741 33 52
334256 25 43
334333 27 40
334359 34 53
335012 28 41
336222 22 34
337043 20 39
337479 20 44
337715 15 25
340828 15 18
341230 34 30
342217 19 42
343906 17 33
345092 13 24
345335 13 24
345615 27 29
345994 33 28
346188 18 28
347334 18 40
347809 24 39
348019 29 36
348297 31 49
348408 22 32
348735 21 26
348745 22 31
349629 28 37
350372 30 38
350390 26 39
350615 18 29
350831 23 34
353374 28 42
353411 26 46
353513 14 34
353589 13 25
353637 26 49
354141 14 50
355122 29 41
357750 28 47
359568 17 32
361040 14 73
361804 18 35
362526 14 46
362955 15 29
364016 9 39
364068 11 38
364691 2 16
365001 7 30
366599 16 50
367130 9 43
367790 18 44
368364 15 45
368792 17 53
371092 16 50
371805 21 50
372174 16 42
373601 23 39
375682 20 37
376263 18 35
378236 17 47
378735 15 59
378752 46 58
378795 102 63
378819 75 129
378837 54 128
379009 23 60
379181 18 46
379219 17 69
379254 17 54
379326 19 34
379447 36 112
379494 60 314
379515 38 340
379530 129 151
379569 27 243
379581 60 149
379587 50 162
379765 19 39
379781 31 51
379801 37 59
379889 29 61
380222 21 64
381825 18 38
384321 9 41
388994 13 31
389624 11 37
389964 9 45
392222 16 46
395153 16 44
396043 15 45
396183 9 33
397171 10 23
401303 14 30
401479 10 48
401531 15 33
403335 14 47
403826 16 52
406997 10 45
407317 13 47
407383 18 45
407419 18 54
408776 10 38
410646 16 46
412023 17 46
412687 10 42
412733 9 41
413004 11 39
413011 11 40
415162 19 38
415352 7 35
415369 7 38
415428 10 45
416259 8 44
417004 9 26
418606 12 43
418641 13 50
418726 9 41
418971 8 55
419092 9 56
420091 12 48
420512 15 67
420584 8 41
420945 13 38
420981 11 31
421209 9 28
421336 12 42
422165 13 51
422219 14 74
423369 8 51
423522 9 40
426139 5 32
426709 10 34
426848 20 54
426981 12 40
427871 7 35
427962 9 49
428596 11 41
428767 13 34
431173 13 61
431455 10 43
433975 22 51
434908 9 26
436760 11 48
439433 9 27
440571 11 53
440882 7 21
441470 14 43
442617 17 38
443538 14 32
444262 5 31
445113 7 50
445657 13 30
446718 10 51
447338 11 39
448147 6 37
448959 28 20
450709 9 47
451423 14 53
452233 20 51
454158 14 50
455931 8 42
456533 4 28
460001 15 45
463089 10 26
465714 8 34
465729 12 39
466232 20 48
466509 14 32
467927 9 47
468050 18 55
469631 16 53
472606 13 29
475191 13 46
475990 14 38
477120 8 27
477685 7 41
479603 14 56
482122 18 46
482986 15 37
483240 11 32
483520 16 65
485393 16 51
485606 6 23
488481 25 48
489693 17 42
490563 15 33
492361 7 43
497174 10 34
497509 20 23
498586 14 33
499832 12 47
500498 19 52
500787 18 34
501321 17 29
501542 17 25
501722 17 30
501938 19 29
502121 22 39
505346 23 34
505514 20 24
507587 19 28
508228 18 30
508516 38 53
509711 18 34
510074 5 42
510091 17 54
510298 51 10
512024 19 24
512400 30 29
513419 25 29
513483 21 35
513537 18 33
514565 21 30
514938 30 31
515151 21 24
515243 21 48
515755 21 39
516951 33 25
520720 21 10
521153 30 12
524429 28 13
524860 5 17
526933 32 23
529990 34 24
533041 30 17
533951 45 17
534142 17 12
534691 39 19
535795 32 12
539196 38 15
540976 31 19
542082 37 19
545110 37 18
546931 32 18
548288 35 16
548327 34 15
548537 41 17
548773 30 10
549464 36 22
550089 45 19
550882 44 26
555451 17 11
556748 45 25
557938 35 14
558382 30 15
559717 42 20
560508 24 24
560986 21 18
561478 47 21
561814 28 18
563132 22 21
565490 19 23
567014 29 32
567498 25 33
568819 23 20
570850 24 17
572554 13 30
573736 15 28
573746 15 33
573760 12 20
573860 10 39
574009 20 30
575401 5 40
575586 4 35
575636 7 42
575656 7 38
575775 4 23
575791 5 29
579447 28 35
580816 29 32
580829 33 31
582038 25 26
586169 27 17
587352 43 30
587414 20 22
589252 26 22
589263 25 23
589375 21 18
591919 28 26
592153 33 33
593207 28 27
594260 18 15
595378 26 18
595385 26 18
595837 31 26
596152 17 20
597040 9 20
597252 24 53
597383 13 38
602294 29 25
603795 12 21
604039 23 38
605716 8 17
610424 14 46
610799 9 31
614015 23 40
615697 22 47
617009 2 16
619095 23 36
619397 16 21
620117 19 22
620122 19 22
620758 15 25
620818 16 39
621031 14 35
621499 11 31
621723 25 37
622527 5 20
622682 22 31
622788 30 32
622797 31 29
622808 37 34
622852 22 35
623032 11 41
623066 14 38
623772 16 37
624208 15 48
624546 14 37
625045 17 23
625935 23 35
625977 22 35
626547 5 21
627013 15 34
628369 21 37
629313 15 31
629399 16 37
629853 18 22
629940 22 24
630051 18 29
630868 32 26
633733 23 30
635736 22 40
636520 11 26
636711 14 39
637194 18 26
639136 11 25
639610 15 23
640251 22 29
640406 14 31
645161 19 22
645279 19 12
646004 21 22
647178 27 23
647520 27 29
647579 24 21
647863 28 29
648135 36 16
648271 25 23
649742 18 24
650044 37 25
650084 33 19
650147 26 10
651088 22 16
655206 27 37
655465 29 43
655476 27 32
661870 27 33
662413 19 40
662557 18 25
663893 22 22
665349 11 21
666782 17 40
667409 11 24
668212 15 19
669960 28 32
671902 19 25
672075 13 31
672272 20 34
674190 22 20
674470 34 34
674965 27 25
675799 15 20
675921 19 20
679253 20 31
681457 20 35
682403 27 27
684187 26 37
684661 15 18
684947 29 17
684956 28 19
686612 21 26
687428 23 30
687975 18 24
688155 14 15
688169 17 14
690392 17 25
690408 23 24
691214 27 22
693080 15 22
693370 25 19
693850 13 25
695736 30 11
696291 34 20
696720 31 13
699529 31 16
699658 42 21
702801 28 16
703392 27 16
703531 32 10
704106 33 10
704235 36 17
706954 25 22
711748 29 13
713538 36 11
716304 36 18
716800 46 19
716827 40 19
717967 27 11
718221 12 10
720031 42 7
720236 26 4
721243 37 9
723177 41 3
726725 37 11
727008 33 12
727424 36 12
729038 274 146
729055 115 344
729074 177 256
729081 102 304
729082 161 278
729101 261 177
729119 409 50
729149 246 201
729170 98 251
729203 144 41
729215 52 120
729221 114 48
731765 24 6
734350 46 12
735509 17 28
738791 13 31
739788 15 49
741481 4 29
743288 7 31
747120 6 50
754144 5 42
754368 7 23
755236 5 38
759116 3 25
759447 6 38
767554 5 40
773382 5 39
773967 6 38
774505 5 40
775198 4 21
778687 7 59
783812 8 34
784956 5 34
793420 9 58
796271 15 22
797042 20 23
803000 22 19
806429 17 45
808109 21 28
812679 34 7
813236 21 5
819980 38 8
820465 43 10
820813 34 12
821365 30 7
823138 54 8
823327 26 5
825297 47 11
826270 35 9
826874 38 8
826911 38 7
826936 31 4
827618 34 9
827920 32 5
828781 42 7
829173 40 11
829713 39 9
829914 33 12
829921 35 14
830208 46 10
830453 39 3
830823 52 5
831287 42 6
834447 31 13
835909 59 14
835972 33 13
836749 42 20
837895 45 24
838461 41 19
839812 45 13
845541 35 15
845624 45 12
845994 45 15
848022 26 7
848856 23 7
848897 32 11
854341 39 8
854827 29 23
856092 35 8
856765 45 12
859063 39 13
859831 39 17
860540 41 9
860616 47 6
860637 50 9
860656 54 10
860858 51 12
861511 50 15
861617 30 7
862409 28 9
862501 35 14
862544 43 19
862796 33 12
863202 44 12
863368 40 11
863646 38 16
863926 35 18
864396 46 16
864611 49 18
864744 39 15
865288 31 14
865400 57 14
865564 29 14
865621 36 13
865690 38 14
866284 33 13
866323 40 11
866331 38 8
866428 48 17
866836 35 11
866868 38 13
867184 27 7
867871 56 11
868593 38 9
870217 47 7
875460 27 16
876133 49 14
879174 38 16
880108 42 19
881770 21 12
883270 47 15
884959 9 11
886209 16 38
887451 18 33
887700 13 33
887730 12 45
889067 9 64
889092 8 41
889312 7 51
889377 10 42
890153 8 40
890328 15 19
896249 13 41
896558 18 45
897197 6 28
903157 9 25
905043 20 40
905870 17 45
908053 13 26
908122 10 44
908698 17 48
908858 14 46
908876 13 44
909148 16 28
911644 18 54
912014 10 38
912094 13 52
913153 16 33
914631 17 29
918401 20 35
919532 17 42
920606 19 31
920843 24 51
922453 17 39
925624 14 46
926141 13 33
926329 12 44
928490 14 36
928836 17 40
932183 15 41
935239 30 0
935819 17 30
937396 12 46
940650 20 29
945966 11 35
950509 12 51
952152 11 60
953048 14 57
953987 15 44
955651 5 44
955678 8 34
958843 6 26
958965 10 38
959103 8 34
959210 10 50
959722 12 43
960265 13 41
960913 19 61
961796 18 44
962214 10 37
962263 13 40
962487 12 36
962553 11 26
962659 16 49
962768 11 32
963187 11 40
963866 11 32
963996 9 36
964358 11 46
964569 23 75
964657 8 39
965194 13 35
966527 11 57
968253 18 37
972679 17 58
973509 17 53
974564 17 33
978150 9 32
987956 18 39
988037 21 62
988439 30 47
990091 16 36
999780 45 15
1000313 30 7
1001570 45 13
1001901 35 4
1002167 34 9
1002535 45 11
1003203 47 16
1005288 31 14
1006825 56 25
1007108 37 9
1007551 33 21
1007619 47 18
1008134 52 14
1008922 52 21
1009174 48 16
1009307 44 15
1009324 30 13
1009723 31 6
1010026 29 6
1010381 37 11
1010418 49 8
1015263 41 7
1015900 36 11
1017907 56 15
1018026 41 12
1018261 42 6
1020443 49 11
1020536 28 6
1020791 30 13
1021361 35 6
1021390 30 8
1021619 29 5
1021657 37 7
1021739 37 12
1023205 31 13
1023260 24 14
1026924 45 10
1028405 38 13
1028680 52 20
1028729 53 12
1029592 48 7
1029865 39 6
1030397 38 11
1030558 35 8
1031201 57 12
1032279 59 9
1032980 39 4
1033038 46 11
1034629 56 16
1035626 41 9
1036229 52 13
1036355 46 10
1036648 50 11
1037821 34 6
1039344 56 15
1039877 57 8
1041087 35 9
1042001 32 9
1042288 48 13
1043336 43 14
1043413 58 12
1043636 77 14
1044042 58 13
1044760 28 8
1045586 50 24
1047289 40 8
1048667 36 9
1049256 36 4
1049903 62 12
1053068 43 22
1056151 50 20
1058029 58 19
1058497 40 8
1058986 34 17
1059823 36 16
1060840 41 23
1061808 32 20
1062102 52 34
1062113 60 26
1062118 56 23
1062669 55 18
1068381 34 16
1071165 34 21
1071612 30 10
1071619 31 11
1071918 30 13
1072072 34 25
1072510 56 34
1072699 51 25
1072846 44 19
1072888 30 9
1073041 35 17
1073404 30 18
1073710 47 19
1073862 40 14
1074277 41 21
1074586 39 18
1074636 46 9
1074703 40 26
1075309 44 25
1075354 53 16
1075541 33 21
1077065 31 16
1078147 30 9
1078240 52 19
1078951 56 19
1080905 24 10
1081858 50 18
1083248 45 13
1085596 35 13
1085743 41 16
1086804 21 14
1086843 28 0
1087036 2 15
1087070 6 16
1087089 12 14
1087101 9 16
1087147 29 31
1087164 31 36
1087170 33 38
1087206 13 25
1087284 32 19
1087657 34 22
1088230 42 17
1088817 41 20
1089361 41 21
1089395 44 13
1089630 34 13
1090280 30 10
1092943 15 77
1093036 14 60
1093089 23 58
1093182 45 52
1093201 52 48
1093243 62 57
1093275 31 100
1093276 36 90
1093281 67 71
1093297 25 107
1093303 27 110
1093317 30 106
1093326 66 65
1093381 25 34
1094689 48 16
1095154 47 14
1099219 49 15
1101245 26 26
1101445 35 22
1102425 41 29
1102946 56 23
1103453 45 34
1104395 63 23
1104664 34 18
1104825 46 34
1105712 30 24
1107036 47 13
1108779 53 24
1111109 31 24
1112073 43 25
1113329 45 20
1113339 44 23
1115078 41 22
1116049 28 33
1116952 44 24
1118257 31 21
1121946 27 17
1124938 42 25
1125813 44 25
1126396 45 22
1127473 30 28
1128752 42 21
1129492 30 24
1129546 28 40
1129895 31 38
1130137 33 48
1130180 19 48
1130293 10 23
1130318 15 29
1130342 18 34
1130358 21 43
1130382 21 42
1130393 10 39
1130484 20 32
1130671 33 31
1130687 38 37
1131572 37 44
1131956 25 41
1132953 26 29
1134903 23 31
1135214 30 34
1136669 27 28
1138191 18 23
1138934 23 29
1140337 27 35
1140454 19 30
1140670 20 24
1141156 28 34
1142572 22 26
1142735 35 49
1143880 34 32
1152748 20 23
1152916 36 35
1153465 19 24
1153856 31 37
1154543 24 30
1155007 36 41
1156179 42 34
1157149 26 33
1158313 26 31
1158328 30 36
1159312 15 18
1160721 28 28
1161163 26 35
1161887 23 37
1162110 49 41
1162276 14 27
1162944 36 38
1163130 23 39
1163196 25 35
1163566 32 39
1163663 19 30
1163759 33 50
1166850 6 49
1169997 13 52
1170660 12 64
1174035 10 75
1174469 13 73
1174502 8 69
1174656 6 47
1174914 16 71
1174989 15 60
1175320 10 68
1175326 9 74
1175372 8 67
1175416 12 60
1176808 18 80
1177665 11 68
1177692 11 81
1178007 13 60
1178053 8 61
1179235 13 55
1180066 8 71
1180311 10 41
1180420 7 45
1181366 5 44
1181474 14 67
1181667 11 44
1181971 9 52
1183298 12 76
1184588 12 46
1185725 11 80
1198510 12 77
1201950 6 49
1202160 10 58
1202406 22 62
1203015 13 69
1203765 13 53
1204535 8 50
1207475 10 54
1209727 11 73
1211551 11 69
1212136 9 69
1212527 16 68
1213780 7 47
1216140 8 50
1216348 11 57
1217623 8 54
1221350 9 68
1229423 7 25
1229483 16 28
1229495 25 14
1229500 20 4
1229507 12 0
1229549 15 0
1259225 8 49
1260646 9 42
1260990 10 65
1261753 9 46
1261875 16 79
1261994 6 39
1262646 10 88
1262882 9 69
1263292 13 69
1264808 13 73
1268978 37 39
1270397 38 40
1273194 13 85
1273363 13 89
1273412 17 73
1273521 25 69
1273786 7 23
1274966 18 56
1277296 20 56
1277665 15 46
1277810 20 50
1280114 18 49
1280231 23 62
1280691 71 0
1281046 27 82
1281821 16 44
1282821 3 20
1283388 23 56
1284697 12 69
1284786 25 66
1284856 17 68
1285827 12 48
1286215 21 49
1287491 20 49
1287663 19 57
1287870 17 72
1292099 36 44
1292642 28 56
1292958 32 44
1293118 32 45
1294006 35 63
1297474 38 39
1297657 42 40
1300986 27 34
1301398 29 43
1302549 20 70
1302707 14 47
1304658 25 73
1305450 20 24
1306263 14 50
1307167 24 37
1308745 27 60
1310390 12 56
1310903 22 62
1311598 38 58
1313129 18 57
1314022 22 49
1317758 24 67
1317971 32 73
1318524 22 64
1318636 24 54
1318974 11 33
1318985 10 32
1319317 14 68
1319337 10 57
1319627 11 74
1319690 23 51
1319733 25 56
1319787 22 49
1320312 34 60
1320329 43 65
1321365 17 73
1321783 18 49
1322964 14 39
1326109 31 48
1326492 29 56
1327069 27 56
1327653 16 49
1328273 22 58
1329244 22 56
1330389 15 54
1331288 25 64
1331404 17 42
1331592 24 51
1335456 27 41
1335511 28 52
1336136 31 60
1336647 40 76
1336785 25 45
1338025 45 56
1338954 24 51
1339209 21 42
1339458 16 43
1341772 53 45
1342312 42 38
1342500 33 46
1343011 40 47
1344636 33 48
1347887 21 23
1348076 23 51
1348586 36 55
1349953 26 66
1350105 24 60
1351447 16 47
1352318 16 51
1352341 19 64
1354019 40 63
1354045 28 54
1354198 22 65
1354212 22 61
1354590 24 58
1355002 27 48
1355705 26 52
1355742 15 41
1355883 20 48
1356027 19 45
1356315 19 60
1356426 32 90
1356556 19 50
1356648 23 83
1356884 23 70
1357106 18 62
1357572 32 67
1357671 44 75
1357796 29 49
1358399 35 73
1358564 26 55
1358825 34 40
1358891 44 57
1358901 41 60
1358921 33 61
1358945 37 74
1359146 23 70
1359304 20 62
1359310 25 70
1359419 36 70
1359621 23 72
1359689 22 69
1359856 18 66
1360879 24 49
1360927 21 52
1361694 24 63
1361727 43 78
1361784 43 98
1362603 42 60
1362687 17 47
1364436 18 48
1365042 13 59
1365126 33 78
1366684 17 48
1368342 31 43
1368516 36 48
1368784 38 45
1370960 40 49
1371260 38 34
1372056 25 33
1376198 38 76
1376224 29 60
1376383 19 86
1378618 33 74
1379265 14 37
1380880 34 80
1381255 29 69
1381300 29 56
1381684 17 46
1381716 10 35
1381761 12 31
1383311 24 58
1383357 34 63
1383401 25 47
1383649 39 83
1384322 23 61
1384442 31 83
1385840 22 50
1388721 14 74
1390730 29 45
1390832 32 55
1391339 42 74
1394248 33 49
1395995 57 30
1396011 58 28
1396098 65 29
1396107 73 34
1396665 61 23
1398232 23 58
1399896 38 57
1402191 53 61
1403371 44 44
1403669 45 60
1403776 53 83
1408884 31 38
1411307 27 46
1411447 29 40
1411811 27 38
1413184 30 53
1413678 27 34
1413711 41 53
1413733 38 60
1414260 29 51
1416089 36 30
1416219 42 58
1416922 36 59
1416960 38 51
1416998 40 66
1417080 55 64
1417204 46 43
1419769 41 50
1421324 32 47
1422450 35 32
1422743 47 60
1422793 49 60
1422887 51 60
1422926 57 75
1423028 32 50
1423521 41 61
1424273 29 51
1424444 31 24
1424753 4 15
1424762 8 26
1425491 47 58
1425654 50 48
1425766 39 32
1427149 34 60
1427228 44 48
1427545 41 40
1428149 37 45
1428603 47 59
1429523 28 30
1429545 37 38
1429653 40 49
1429840 35 47
1430015 35 62
1432453 43 53
1433736 41 47
1436224 30 143
1436248 70 136
1436254 24 161
1436286 20 106
1436317 24 81
1436337 10 60
1436347 10 49
