290 358 59
717 46 173
899 23 144
937 35 108
955 20 145
969 19 119
1060 33 92
1075 64 129
1098 36 161
1135 23 150
1194 329 445
1202 144 766
1265 251 478
1266 274 444
1286 67 69
1292 48 59
1323 579 123
1354 22 91
1365 47 43
1461 98 120
1473 83 106
1509 121 113
1517 119 96
1538 34 233
1539 152 127
1553 272 108
1560 50 400
1608 323 524
1622 337 502
1634 480 123
1656 32 180
1661 36 176
1666 46 176
1683 65 172
1743 37 125
1754 19 97
1770 14 112
1784 38 96
1796 66 138
1803 92 137
1810 103 144
1822 54 193
1826 107 149
1831 133 115
1851 134 102
1879 76 52
1893 52 103
1899 47 104
1912 32 115
1978 14 124
2029 61 41
2056 11 89
2059 10 89
2074 43 112
2078 18 144
2140 73 366
2145 78 314
2168 58 309
2169 55 320
2174 59 293
2218 79 359
2231 272 168
2258 199 92
2284 29 147
2287 71 107
2311 136 108
2325 172 107
2349 188 119
2363 168 89
2370 97 160
2395 26 126
2409 19 151
2422 19 111
2423 104 25
2504 12 88
2549 51 88
2645 41 168
2683 32 89
3065 33 26
4119 856 109
4381 48 89
6035 62 49
10778 41 81
10931 35 61
11134 48 73
15062 30 94
15406 29 87
15862 23 82
15957 21 80
16171 28 82
20267 44 36
26090 34 27
26403 40 20
31162 51 54
32535 43 40
34538 47 33
35234 47 33
35465 44 41
35627 93 45
36456 79 53
36908 48 24
37150 49 25
37310 59 29
37636 66 37
38346 55 30
38441 63 39
38624 90 53
39021 64 34
39092 64 44
39507 45 23
39613 72 45
39811 52 39
39977 45 13
40331 48 29
41821 26 30
41852 44 22
42591 62 38
45462 64 13
45989 87 25
46761 69 18
47306 65 18
52466 86 40
53059 65 31
54140 75 35
54710 89 47
54756 69 47
54921 54 25
55898 64 32
56295 79 38
57236 54 16
59385 64 30
59553 49 12
62042 71 27
62552 74 33
63755 61 41
67883 55 29
71782 70 33
76511 29 49
76625 33 43
78326 41 28
79851 40 64
81760 32 55
85193 45 35
85278 37 36
85338 36 68
85788 30 47
87743 53 49
87782 39 43
87801 43 50
89383 26 31
90298 27 56
90869 40 49
91809 44 48
92564 39 50
96826 37 58
97193 28 43
99412 31 58
100926 39 43
102943 27 51
103008 30 40
103173 13 13
103269 29 36
103553 43 38
107780 50 47
108903 40 48
110886 39 44
112333 29 46
114921 31 57
115766 30 53
118373 24 38
119404 28 48
120326 26 26
120590 27 46
120932 28 58
121072 25 41
121230 34 58
121465 24 58
121715 30 57
122174 36 54
122622 28 32
122628 30 35
124511 41 46
126383 27 37
127811 40 38
127879 39 1
129323 21 39
132724 20 34
132731 20 38
132948 29 46
133296 25 31
133490 32 62
134252 27 41
135415 33 32
139483 28 52
140004 44 66
140375 33 41
145040 37 35
148372 39 30
149775 55 26
150999 50 24
156443 27 20
157921 54 14
158040 42 7
160096 45 21
160391 50 22
160403 53 25
160910 43 26
161144 59 25
161617 69 34
162490 28 14
163010 49 30
163033 47 30
166011 58 46
166398 43 31
167198 51 31
168010 46 40
169560 38 29
171060 51 36
173692 44 37
176134 43 53
179698 23 53
182481 36 49
183476 21 24
186257 31 44
187191 26 39
187336 18 28
187361 25 42
187748 25 44
187834 16 49
192745 48 59
193497 19 27
194532 45 31
196786 11 52
197192 14 50
197263 23 58
197320 16 64
197632 14 69
197674 16 68
198579 20 88
198610 24 84
199661 10 53
200913 14 61
201896 20 41
203036 25 29
203257 37 25
203592 28 42
204629 29 31
204906 23 22
205574 26 20
205607 32 27
206382 56 47
206504 46 23
207072 55 39
207549 23 29
208802 34 30
208840 41 51
209237 75 0
209634 36 29
209743 35 25
210460 29 39
210506 28 23
210546 49 27
210628 31 35
210737 34 41
211241 32 35
211332 31 43
211609 44 34
211651 49 41
211656 38 40
213644 29 33
213678 38 40
215516 41 52
216078 37 42
216330 38 31
216936 40 34
217334 26 49
217361 26 47
217511 28 38
217829 32 40
219017 34 48
219284 39 36
219896 43 43
221689 34 36
221914 34 36
221945 36 38
222672 39 37
223007 16 20
227222 26 32
227846 32 21
229951 28 41
230315 35 52
230682 37 45
230937 32 32
231186 41 37
231569 38 35
231582 34 43
231888 26 42
233475 25 30
234133 30 51
236188 47 41
238801 46 43
240324 32 23
243696 47 21
244890 46 18
245032 52 29
246081 31 24
247622 43 21
248277 49 25
249078 49 27
250421 45 16
251381 46 23
254006 36 13
254206 37 20
255809 45 34
257096 35 18
262439 26 13
265156 23 23
265207 31 19
267262 44 14
268921 20 21
269020 37 24
269254 32 26
273131 20 42
276266 41 49
277256 10 16
282738 18 40
283604 39 54
285250 19 40
286433 22 36
286540 17 54
287752 33 46
289673 17 54
289947 11 49
290122 17 31
290660 15 37
291054 21 41
291432 14 43
291521 23 42
295116 26 60
295503 25 49
296181 20 37
298048 26 45
298407 25 37
300858 34 28
301065 36 35
302673 21 25
302739 35 45
303195 24 41
303626 22 35
303879 20 42
305978 14 28
310324 19 35
311167 28 33
311465 23 36
312784 22 46
314550 32 29
314647 24 45
314771 42 41
316415 27 14
329920 37 34
330310 29 26
330449 19 27
333284 26 20
335364 26 31
336526 35 40
338307 28 39
338523 17 23
338800 23 25
340051 10 45
342058 26 46
342920 15 46
343488 8 21
345835 20 40
345951 18 44
352242 13 39
352581 23 38
352697 20 48
352752 15 48
353053 27 79
354536 15 41
354627 18 57
356188 24 53
357088 18 47
357351 16 50
357557 25 38
358609 21 46
361776 20 24
362389 28 31
363319 22 33
363549 17 31
377113 16 37
378367 29 45
383064 41 27
383226 45 26
384182 26 25
385169 27 35
388081 32 37
388911 39 41
390086 39 60
390393 34 37
393141 28 33
393742 24 29
393850 33 46
395321 22 44
395539 25 31
399171 26 25
400032 42 31
404731 27 30
407097 26 37
408590 28 38
409572 34 39
409661 23 26
410878 37 25
411506 45 36
412691 24 21
417442 37 25
417778 29 23
418141 37 25
418399 34 38
419727 50 36
419796 40 28
421182 46 17
422033 51 25
423027 46 25
423812 34 24
426007 25 20
427081 32 23
428862 48 15
429192 33 13
429429 26 11
429786 41 38
430211 37 25
430239 29 30
430884 36 33
431186 26 30
431489 36 31
431603 37 29
438026 14 38
438950 12 42
439035 27 57
439963 24 38
440316 15 30
440554 31 51
442485 10 26
443406 16 42
443762 14 43
443837 20 46
443860 24 43
445349 16 58
448068 7 41
449624 25 51
449687 21 47
450472 18 43
453167 28 23
453417 58 0
453675 18 33
453751 26 32
456136 23 28
456765 31 23
457115 28 25
457286 25 34
457940 33 35
457990 30 40
461247 25 51
463348 28 47
464302 24 48
467368 25 41
469204 23 27
471864 22 28
472493 9 49
478078 19 51
478945 20 58
484398 64 0
485466 13 28
487695 14 15
490299 20 31
492297 33 41
495430 24 37
495740 18 51
497626 13 24
501340 22 32
509393 39 17
510031 42 22
512681 30 18
515053 27 35
515862 25 30
516457 39 29
518723 39 30
518787 28 37
520318 30 39
525548 29 41
525697 27 39
525721 31 36
525913 36 35
526141 27 20
526638 22 24
527337 21 32
527436 17 34
527820 10 6
529087 27 35
531697 31 37
532581 30 41
533010 36 32
533591 27 40
534744 31 43
534832 19 20
535837 34 26
536015 37 37
536189 31 29
537095 13 38
537191 21 56
543667 21 67
544600 13 66
544889 18 62
545069 14 38
545152 26 95
545898 9 67
546432 6 49
546501 4 30
546523 9 47
546557 10 50
546586 10 67
547003 14 39
547016 12 37
547078 8 44
547269 13 58
547427 11 37
547701 13 56
547938 12 44
548160 16 46
548172 19 58
548177 22 61
548239 17 56
548724 11 52
548813 24 41
549035 14 52
549291 16 44
549551 22 51
550313 18 46
551265 13 53
554376 13 44
557630 15 54
559251 11 48
559766 6 27
560033 5 16
560916 5 45
561779 19 40
566121 13 46
567451 18 39
567563 15 53
567939 8 50
567945 8 53
568002 9 68
568014 8 57
568083 14 49
568164 12 53
568170 12 52
568665 15 48
569179 20 63
569189 19 62
569876 16 49
570636 17 60
570952 14 60
577691 20 35
580195 11 34
580288 15 49
580661 19 54
581079 21 54
583360 10 50
583807 61 5
583930 25 56
584332 14 39
584531 13 42
584553 13 42
584565 12 40
585248 16 58
586346 15 46
586392 11 50
586813 17 42
587100 20 42
587804 21 51
588311 12 53
590080 22 48
592183 8 39
594915 14 59
596598 13 63
596978 9 55
597043 17 59
598593 16 48
599474 18 41
601752 17 36
601913 17 46
601941 22 59
602190 16 57
602290 20 37
602370 16 29
602542 22 38
602920 12 49
605424 12 40
607838 21 49
608696 16 46
608804 20 42
608886 20 51
609156 21 34
611137 11 42
611462 8 55
611573 7 52
611815 8 51
621580 18 38
622701 29 38
627176 14 36
627605 32 39
633769 23 39
635136 18 40
635549 24 51
639460 19 48
640560 30 47
640623 16 54
640694 26 41
641146 36 45
641628 17 53
641927 12 54
644229 9 61
644306 16 62
644552 8 51
646477 42 48
649925 45 24
650212 44 18
651485 40 15
652297 57 17
653048 38 19
654037 45 13
654259 39 9
655147 52 10
656941 50 24
657205 51 10
657495 49 16
659040 59 25
659303 74 24
660134 52 21
660386 43 12
660951 41 34
661100 53 25
661178 40 21
662511 37 21
662778 48 16
664318 54 26
665226 47 15
667242 47 15
667500 45 19
668731 53 20
668829 40 16
672945 63 18
673450 5 12
675506 26 8
675951 49 14
678117 27 19
678788 53 22
679880 45 17
682305 33 24
684065 36 20
684394 38 19
684492 35 12
684525 39 17
684826 28 20
685675 48 26
685790 38 33
685813 37 22
687153 43 30
687550 62 24
687917 51 20
687947 61 22
688162 48 22
690901 41 38
690907 40 36
691099 29 38
691324 48 27
692286 53 25
692308 55 26
700156 38 10
702976 48 20
703036 60 20
703297 44 11
703692 34 9
703996 45 14
704548 45 10
705208 36 25
705228 46 24
705508 51 15
705623 79 16
705909 54 30
706089 53 24
706339 55 16
706443 59 18
706494 74 18
707690 50 9
708911 59 19
710063 61 11
710116 48 20
710759 63 21
711542 87 26
711967 52 16
712509 69 17
712755 47 19
713325 67 17
713784 68 10
715521 48 14
716153 64 8
716407 56 18
716868 55 18
717098 68 11
717448 55 12
717631 61 13
717680 64 14
718334 72 20
720149 60 13
720271 39 12
720375 69 13
720461 52 6
720477 53 8
720592 44 7
721367 76 17
726037 68 15
726101 56 16
726159 57 21
729471 59 13
730413 61 8
733658 70 20
734291 53 17
734310 51 14
735155 37 16
735184 42 21
735515 43 12
736565 66 14
736967 81 20
737850 52 11
737889 65 12
738063 69 7
740448 62 18
740729 53 17
741290 51 23
742770 64 16
743149 26 3
744347 70 19
748888 62 11
749035 65 6
749109 6 19
749196 41 6
750108 75 17
752928 72 6
755358 72 15
755653 61 7
758963 28 47
759456 37 30
762449 56 38
762894 50 19
773614 34 20
775541 21 22
776708 55 31
777684 45 29
778225 28 43
778556 32 33
778579 35 34
778785 29 47
779053 48 60
780164 47 64
780249 31 42
780384 50 51
781966 25 40
782851 29 31
783170 22 33
783637 49 31
785162 42 32
787941 50 39
788936 63 42
791483 36 27
796632 15 32
799533 18 38
799676 35 50
800739 28 48
800977 35 64
803211 31 67
803907 39 58
804595 11 36
804727 9 14
804894 12 33
805021 37 51
805195 34 48
805221 36 66
805371 23 31
805381 39 54
805811 43 37
806640 32 46
813418 20 41
814333 23 47
815605 47 60
815661 34 44
818988 29 43
820899 26 50
821051 30 71
822039 46 72
822597 33 63
822977 23 53
823389 41 63
824211 29 62
824825 16 53
825077 13 28
825103 11 35
825369 11 24
825660 28 31
825857 21 44
825951 28 31
826018 28 37
826495 35 51
827554 18 47
827749 22 62
828259 30 63
830406 6 41
830819 18 50
831162 30 61
831481 25 43
834093 11 45
834918 13 15
835346 11 28
835375 16 30
836105 9 71
844475 13 80
847749 15 41
848138 12 60
853754 8 51
854378 21 101
856429 12 68
857536 12 62
857809 9 78
858305 9 80
860191 13 78
860387 12 87
860766 12 96
861613 13 69
861692 16 71
861711 16 75
861755 12 93
861776 13 94
861885 16 74
862058 10 66
862612 12 101
862995 10 87
863229 10 82
866212 15 98
870464 22 63
871133 15 72
871441 13 32
872508 10 47
873648 17 63
874148 35 81
874612 15 41
875838 16 59
876393 19 53
877035 23 60
877065 18 58
877577 19 87
880477 31 67
881320 31 59
881628 99 104
881639 65 104
881676 57 108
881682 59 102
881688 64 87
881713 86 181
881726 166 86
881734 132 118
881766 312 92
881802 104 79
881937 31 144
881945 91 57
882125 14 75
882138 7 61
882152 16 28
882160 17 24
882348 85 137
882354 40 170
882365 32 155
882405 34 110
882421 25 101
883207 28 51
883839 32 0
884830 39 68
885952 24 74
886106 26 57
888394 26 61
890185 37 61
