2161 42 37
2195 37 39
2202 37 37
2214 40 40
2284 18 29
2294 20 35
2405 46 34
2430 47 32
2495 49 25
2629 46 34
2675 48 33
2723 50 28
2743 52 30
2752 52 31
2795 33 24
2916 29 19
2925 26 21
3020 35 40
3103 49 37
3149 84 59
3159 20 171
3172 145 76
3230 30 162
3253 33 95
3274 78 51
3329 236 46
3349 150 149
3355 40 234
3364 134 136
3369 58 194
3382 56 191
3389 53 168
3400 49 178
3426 23 173
3432 37 172
3446 28 200
3496 64 42
3575 8 58
3591 24 52
3617 57 22
3677 35 44
3725 49 109
3815 47 69
3839 19 91
3929 25 86
3935 38 61
3980 56 41
4007 57 46
4066 59 49
4117 67 53
4124 66 52
4236 42 46
4260 37 34
4390 46 36
4430 52 45
4510 51 38
4535 47 43
4540 50 46
4564 46 54
4579 29 44
4751 56 39
4845 41 32
4908 53 47
4967 50 58
4983 46 54
5116 37 29
5279 72 64
5346 64 47
5424 41 28
5440 43 37
5532 45 45
5551 66 53
5640 66 48
5702 35 34
5785 39 35
5805 46 50
5831 41 47
5854 56 56
5926 65 50
5999 43 47
6072 48 42
6093 63 38
6149 43 30
6172 36 26
6187 39 30
6203 35 24
6210 36 26
6331 51 31
6336 68 44
6411 41 27
6422 25 25
6480 43 34
6573 65 61
6586 64 55
6811 43 38
6889 37 38
7069 71 60
7112 53 51
7137 48 35
7177 37 26
7323 70 51
7375 50 45
7423 57 50
7428 52 44
7458 55 32
7566 61 48
7660 48 34
7796 36 40
7903 50 35
7929 48 33
7947 40 37
7977 38 33
8018 33 43
8153 25 36
8235 44 49
8273 48 64
8322 53 68
8390 36 41
8581 51 48
8591 47 45
8654 50 45
8680 46 53
8717 45 42
8722 43 39
8791 34 40
8818 41 34
8861 53 33
8884 50 39
8928 63 51
8984 72 44
8991 68 51
9001 56 47
9036 50 54
9043 45 58
9122 49 32
9137 49 38
9179 51 62
9226 34 39
9267 43 69
9318 58 60
9367 60 49
9406 47 42
9464 33 44
9473 45 43
9537 72 59
9580 70 67
9781 33 45
9789 32 38
9806 39 40
9855 43 22
9879 52 52
10037 39 35
10070 39 40
10117 39 50
10157 54 64
10195 59 63
10214 67 57
10255 64 49
10273 67 51
10315 38 36
10373 32 28
10485 44 60
10533 33 43
10545 36 46
10687 49 36
10715 44 47
10754 43 46
10857 27 39
10893 41 41
11052 4 14
11152 54 42
11227 44 37
11323 40 21
11425 43 41
11441 55 52
11506 41 47
11778 42 37
11803 35 31
11833 50 40
11931 40 32
12078 39 29
12088 43 29
12205 59 35
12396 44 41
12445 50 46
12481 51 42
12562 57 53
12681 42 32
12797 45 44
12824 40 51
12830 39 55
12932 44 52
12939 49 52
12993 51 43
13390 64 43
13441 50 39
13502 49 40
13587 60 46
13631 44 39
13819 53 56
13858 65 57
13969 36 25
13981 39 26
14421 43 50
14608 40 38
14665 43 39
14720 56 45
15364 42 47
15484 43 25
15553 57 67
15613 54 54
15682 52 45
15690 45 42
15991 47 61
16075 47 63
16277 51 45
16350 52 55
16374 57 53
16411 48 44
16852 49 45
16948 39 25
16954 41 21
17062 38 37
17159 37 46
17324 43 46
17414 34 59
17424 28 54
17475 45 50
17504 49 47
17536 37 43
17573 62 46
17592 64 48
17626 51 26
17637 42 27
17644 36 29
17672 52 50
17850 47 46
17967 68 63
18103 42 32
18182 52 42
18232 42 35
18431 49 45
18620 39 46
18674 44 55
18723 39 29
18767 48 49
18880 38 31
18906 40 26
18933 44 40
18991 58 56
19075 47 42
19108 42 45
19121 37 47
19143 25 22
19226 58 56
19361 49 48
19396 43 42
19404 46 45
19619 52 35
19876 42 27
20012 55 57
20246 37 44
20293 37 49
20303 40 49
20332 39 54
20348 39 49
20407 51 51
20490 36 42
20530 15 43
20540 11 40
20601 12 21
20630 5 24
20643 7 44
20664 7 54
20748 68 29
20767 39 25
20794 18 39
20874 4 35
21904 16 50
22256 31 78
22470 21 69
23106 19 104
23247 77 1
25475 22 79
26418 54 66
28519 53 47
30698 62 41
35317 43 32
36759 59 59
38443 54 38
38839 61 39
39152 41 46
39580 43 35
39857 46 47
41114 48 41
43737 48 51
45072 26 25
45908 20 19
46450 33 24
46615 56 41
48244 47 56
48363 61 47
49868 41 42
51395 25 48
51484 43 80
52009 37 37
52840 45 28
57193 52 50
59683 41 39
59875 46 27
60527 39 31
62279 41 48
62812 44 50
64870 55 48
65146 38 46
65302 44 63
65605 52 70
67096 63 19
67184 66 31
68251 66 12
73998 52 61
74055 45 53
84016 33 39
84530 30 40
84559 28 36
84987 31 39
86340 31 49
86463 30 42
88027 40 48
90802 35 34
91013 27 47
92800 47 58
92905 30 42
92995 31 44
94504 39 55
97294 27 49
97689 38 48
97749 9 49
97754 9 50
97962 32 38
97970 31 31
98312 36 46
98983 39 54
99003 39 56
99365 46 54
99423 40 54
99433 38 52
99559 52 46
99606 53 62
99652 38 42
99665 44 52
100023 19 27
100965 52 51
100970 56 53
101739 31 34
101890 43 58
101930 41 62
102630 31 47
102901 45 40
103797 40 62
104002 42 47
104205 26 33
105186 36 40
105366 36 41
105459 28 42
106220 36 44
106349 47 53
107804 24 39
107968 22 45
108561 34 40
108648 39 34
110221 41 42
111407 24 51
112964 55 68
112981 48 61
113607 39 38
115105 45 60
115333 20 22
119335 29 32
119703 35 46
122373 27 32
123191 43 36
124045 31 29
131272 37 28
132873 45 35
133424 53 47
134753 31 41
137441 46 45
137699 31 36
138193 49 42
138342 38 33
139026 54 44
139128 26 30
140691 52 35
141547 65 54
142075 27 42
143054 46 37
143408 38 34
144782 47 47
145198 48 48
146498 40 38
146827 55 56
148687 58 45
148799 40 22
148877 31 31
148923 53 39
148953 67 39
149129 45 41
149208 39 23
149229 41 28
149238 45 28
149329 36 31
149340 37 23
149405 24 29
149423 42 39
149438 43 40
149580 42 31
149615 41 32
149720 25 27
149742 36 29
149954 31 47
150027 31 45
150040 34 47
150092 32 31
150176 26 32
150184 25 31
150200 33 35
150210 38 43
150387 42 42
150695 58 49
151705 51 33
151768 53 49
152671 33 28
152857 58 56
153020 56 46
153280 33 43
154437 38 31
159324 69 29
160412 45 7
163342 49 14
164992 51 24
165013 74 27
165480 51 12
165741 59 29
165926 78 14
168268 68 22
170023 64 13
171431 78 18
171774 66 18
172979 53 68
174222 79 32
178921 62 28
179601 37 12
180332 73 17
181098 76 18
181139 74 20
181304 38 14
181350 57 14
184147 83 19
184642 46 20
187118 53 9
187143 67 11
187650 50 13
187869 55 17
188018 64 20
188574 58 0
188810 73 0
189346 87 0
189640 96 0
189687 59 0
189824 74 0
190021 82 0
192183 63 0
192769 82 0
196229 93 0
197366 65 0
197519 75 0
200959 99 0
203727 89 0
205090 85 0
208271 54 0
211591 65 0
211868 85 0
211972 75 0
213111 41 17
213127 37 15
213188 46 23
215125 59 0
215445 66 0
216076 83 0
217146 60 0
219304 72 0
219795 41 0
220037 53 0
220508 40 0
221638 61 0
223804 69 0
225210 65 0
225843 63 0
233273 81 0
234012 70 0
234192 82 0
234639 55 0
234989 53 0
235039 49 0
235061 42 0
235242 36 0
235290 40 0
237121 72 0
237130 83 0
238991 88 0
240287 71 0
240601 98 0
240705 62 0
241960 67 0
242386 84 0
244018 82 0
246170 93 0
246262 77 0
246339 70 0
246387 68 0
247067 74 0
247685 81 0
247905 89 0
249328 81 0
249349 103 0
249590 85 0
250105 95 0
250244 63 0
250411 64 10
250951 61 5
251005 59 11
251173 76 11
251232 83 10
251331 48 6
251451 58 10
251584 81 6
251627 77 4
251791 70 7
252010 61 6
252163 97 10
252226 76 7
252387 62 4
252425 76 9
252437 85 10
252565 50 3
252951 69 7
253287 53 6
253572 68 7
253590 60 5
253719 70 15
253749 63 15
253809 47 2
256079 63 14
256216 56 17
258846 76 2
260080 93 4
260125 41 6
264115 78 4
264382 80 4
264493 79 6
264786 45 3
265376 73 7
265768 62 10
266286 61 7
266369 57 7
266379 70 7
269727 43 5
271775 89 10
273679 52 9
275283 48 11
276833 49 6
278845 73 5
278994 57 2
279199 54 5
279999 74 4
280213 60 5
280415 71 6
281778 64 4
283998 65 6
284090 42 6
284112 50 7
284162 50 6
284186 58 5
284324 22 1
284383 11 4
284638 43 2
284952 53 4
284988 40 2
285657 55 5
285861 52 2
286349 64 3
287169 42 5
287805 87 7
287952 82 9
289715 72 5
290148 89 6
290488 62 8
290683 64 9
293836 67 3
294069 65 6
299036 57 7
299136 89 9
299152 87 7
300316 56 6
303388 87 8
303788 76 6
305340 66 7
306096 69 4
306285 64 7
306819 49 4
307280 64 4
307287 60 4
307506 76 3
307577 77 6
307738 94 7
307855 67 5
308050 66 4
308624 58 5
310105 60 8
310306 102 13
311906 73 7
313678 71 9
313942 75 2
314046 45 5
314690 72 6
316434 66 8
316537 76 2
319195 55 6
319369 82 8
320786 73 0
321943 60 4
322229 67 0
325599 80 8
326148 59 6
327589 41 2
330053 73 5
330215 55 4
330241 53 3
332129 67 6
332687 49 10
333537 57 6
334102 94 7
335398 72 7
336010 61 5
336725 66 2
336753 84 5
336859 58 5
337216 52 3
337970 71 6
341276 71 5
341322 61 6
341330 62 6
342457 73 7
342737 54 5
343264 70 7
344246 54 8
344258 52 10
345601 57 3
347125 79 4
347434 56 7
348877 60 15
349660 58 7
349796 87 7
349987 58 5
350032 75 6
350374 62 6
350457 69 5
350694 57 6
350962 42 3
351141 63 5
351649 61 8
353193 54 8
358828 91 5
361336 76 7
362925 66 10
362967 64 10
363748 68 5
364055 65 3
364384 74 12
364957 78 8
366885 95 8
367024 74 12
368486 59 7
369248 58 5
370509 72 5
373345 74 6
373443 58 5
374057 68 7
374331 56 5
375235 60 5
379373 63 5
381635 69 9
382078 62 4
382113 46 1
382623 48 9
384316 71 9
384743 68 5
385527 35 9
385697 28 4
386286 22 1
386297 19 1
387241 70 6
389550 70 9
395912 57 21
397359 55 27
397626 38 27
397769 53 25
398411 53 19
398678 74 36
398896 43 22
400474 58 16
402046 66 15
402243 75 21
404113 64 23
404249 32 14
404529 58 23
404961 41 19
406181 46 14
407266 52 12
408478 53 22
408809 61 17
409983 58 20
411249 73 25
412119 55 23
417100 65 14
419244 61 23
419557 51 29
419727 56 24
420633 42 4
421041 59 5
421602 61 6
422696 73 17
423497 50 14
424150 47 23
426919 46 11
427445 56 16
429923 62 14
434648 58 12
434905 91 14
435063 76 10
435537 30 5
437646 57 12
438033 74 7
439131 4 14
439216 3 21
439340 13 8
439912 80 10
440966 65 10
443431 56 15
443736 62 23
444174 53 5
444293 49 8
444585 50 10
444841 86 15
445206 67 12
445359 77 15
449651 57 13
450090 42 13
450585 58 13
450971 8 4
451520 90 19
451742 43 14
452550 58 14
452576 53 9
454072 71 12
455309 54 4
455648 43 2
457951 93 7
458325 68 2
459793 63 3
459862 98 9
462520 51 5
463039 61 4
463205 79 11
463403 12 42
464470 54 44
464765 39 30
465297 61 16
466178 49 5
466971 57 10
469948 85 11
470337 70 14
471040 76 15
471999 87 13
472317 68 12
472905 95 30
473271 74 25
474034 65 13
475899 68 16
477270 74 19
478221 56 22
479982 81 26
480780 65 14
480793 79 16
480916 97 17
480926 74 17
481552 54 12
482585 64 14
482700 75 17
482735 39 10
482857 65 22
482951 32 26
483301 2 17
483338 2 15
483924 69 3
484167 67 20
484855 85 25
485433 69 14
485516 72 19
486560 64 19
487358 96 14
488845 66 22
489043 53 9
489327 55 17
489843 78 14
490324 49 15
490976 78 17
498138 67 17
501667 70 15
502327 70 5
502605 93 13
502620 107 16
504549 87 17
504987 84 17
507395 53 1
510360 54 8
510454 92 7
512090 110 7
513675 64 6
515555 100 17
515621 84 14
515691 93 5
515887 106 8
516112 83 8
516556 71 8
517489 83 13
520155 107 8
522252 82 7
524696 85 4
525353 101 8
527628 79 5
528805 94 4
528914 104 5
529297 64 4
531644 67 4
533166 49 12
533247 80 22
533302 71 26
533986 53 18
535010 98 21
536811 59 1
536825 35 24
536826 19 42
537427 66 19
538843 49 16
540570 58 26
543188 62 49
544242 19 10
544528 145 37
544624 58 189
544635 79 178
544684 118 99
544813 71 161
544825 131 91
544836 131 80
544851 139 75
544879 165 67
544888 174 75
544907 176 85
544919 41 238
544944 36 71
544956 173 91
544974 85 199
544984 73 189
544985 110 163
544993 166 78
545026 71 70
545032 67 65
545045 37 72
545055 25 47
545147 14 97
545158 22 109
545171 34 120
545188 39 102
545197 49 97
545262 39 88
545387 19 79
545399 19 78
548790 18 34
548805 11 23
