87 8 30
216 27 70
297 13 60
405 18 59
462 28 38
497 29 47
668 13 36
1328 17 44
1480 27 59
2565 28 65
2966 24 54
4191 36 61
4671 14 63
5314 30 65
8968 20 69
9824 23 43
10035 33 72
10082 21 48
10179 25 68
12561 22 46
13687 28 38
14144 19 42
14835 25 40
15285 27 69
15709 26 60
16053 23 63
16078 32 62
16291 18 60
16912 16 45
16958 27 48
17137 32 45
17372 15 43
18043 24 55
18090 28 65
18241 40 70
19214 36 59
19322 30 81
19367 31 69
19530 29 56
19714 18 51
19851 30 55
19886 35 60
19904 34 69
19953 20 38
20024 28 78
20274 25 52
20362 28 64
20473 31 46
20551 28 67
20967 33 51
21036 26 47
21101 30 64
21307 29 76
21857 36 80
22170 30 57
22776 29 30
22902 32 64
22933 36 64
23090 38 54
23753 36 77
23832 30 69
24794 18 60
26579 14 69
26868 9 58
27254 14 61
27704 14 72
28085 14 59
28139 12 62
28162 14 56
28414 11 56
29807 13 70
31429 13 85
31960 13 101
32393 20 65
33298 8 69
33344 15 70
34833 6 50
35902 9 57
36205 18 70
36366 18 76
37382 3 17
39532 10 63
39781 14 75
39997 17 85
40099 14 85
41856 18 75
42333 17 94
42675 10 62
42905 8 50
44161 14 74
46467 12 55
46733 9 50
46803 29 64
47909 18 56
52742 24 45
53296 18 74
53999 20 59
54736 16 48
54747 13 43
54916 16 38
56865 13 52
57231 23 59
58199 12 58
60009 16 60
60229 13 52
60704 22 47
61432 11 76
62809 23 67
63121 11 57
64111 23 47
64138 30 50
64189 23 51
64608 41 66
65482 36 60
65836 25 70
67962 47 60
71594 28 44
72290 16 30
77712 31 15
79081 39 20
79137 42 25
79247 47 30
79324 55 28
80340 49 34
80950 59 33
81747 51 30
82195 46 40
82735 35 36
83172 7 7
83304 34 20
83713 74 34
84238 32 16
84705 57 26
84976 69 24
85145 54 22
85300 55 24
85348 71 31
85850 58 37
86395 41 30
88225 63 29
89122 53 21
91226 70 45
91257 69 28
91365 50 32
91551 51 28
91771 53 18
91987 77 23
92114 45 20
92418 39 12
92574 65 26
92944 47 15
93326 54 24
93346 73 35
95011 52 28
95884 48 21
96267 60 23
96321 55 25
98671 39 27
98802 47 17
98946 42 21
98956 40 21
99839 32 14
101009 39 28
102027 59 24
110733 38 39
112077 30 36
113156 26 41
113315 22 31
113426 31 49
113482 29 55
114594 42 41
115053 41 48
116024 23 53
116598 23 30
118464 20 42
118844 16 33
118913 38 41
121593 32 43
124016 24 37
124562 34 50
129094 30 51
130288 26 36
131983 32 46
132838 25 41
134039 24 55
135944 20 36
137300 32 63
137533 32 61
141736 29 53
142101 23 36
142129 20 40
142378 35 42
142546 40 50
142710 19 37
144224 34 33
147777 27 51
149622 39 46
150634 23 34
150918 39 51
151099 36 53
151248 24 38
151880 23 41
151886 26 41
151976 33 49
152222 26 33
153186 29 47
155027 18 47
155268 20 45
156695 27 54
157409 28 32
158118 35 46
158828 16 26
159233 28 46
159416 35 47
159938 36 33
160062 35 51
161802 34 64
163805 31 39
164055 23 43
164318 27 30
165768 32 26
172376 17 27
173719 32 54
179372 8 28
182674 53 38
182705 57 45
183999 29 35
186547 29 15
187067 38 27
188456 44 20
188578 38 21
188827 50 33
189469 43 28
189523 37 22
189683 42 25
190800 45 24
192263 42 36
194106 50 27
194445 28 17
194551 23 29
194759 37 31
195681 35 16
196154 47 32
197179 50 40
197445 61 29
198121 36 22
198780 54 33
199132 46 25
200254 39 25
201001 43 22
202683 48 36
203786 31 19
203819 30 30
204353 44 42
204724 45 34
205137 53 38
206319 40 37
206371 21 29
206505 39 38
206587 35 36
206661 29 22
206807 41 35
206926 38 25
210862 42 26
211022 46 16
211213 44 28
212022 57 37
215961 42 37
215999 44 35
216020 51 38
216164 53 34
216524 52 30
216919 29 19
220553 31 27
220580 32 28
220668 39 31
222145 46 31
222518 35 20
222711 27 16
223721 42 25
223856 48 40
224315 28 33
224727 52 33
224885 57 35
226810 46 24
227408 22 27
228299 53 23
229238 40 17
231935 52 17
233721 42 36
235044 28 31
236195 29 43
237364 33 18
237410 30 25
237696 39 31
237709 32 34
237824 31 21
238181 26 26
238439 32 24
242002 22 24
242841 43 40
245083 22 45
245816 19 53
246676 31 49
246866 20 48
247745 6 45
251344 31 64
251569 22 50
251969 30 49
254057 32 39
255951 26 39
257164 27 45
259685 13 26
259735 20 39
260550 31 39
264849 21 39
266681 39 31
268460 35 30
269570 31 27
273563 29 27
273997 38 25
274136 38 24
274156 45 27
275509 31 26
275780 43 36
276026 25 36
276636 31 31
277457 15 18
278565 38 39
278664 36 23
281839 48 44
282632 29 28
283289 37 28
283884 24 23
284447 55 42
285213 44 35
287661 31 13
289107 22 26
293522 34 25
295454 24 22
297762 32 24
298016 29 23
298397 28 29
299368 37 39
299752 41 17
300373 35 24
300385 30 26
301284 41 20
302030 34 34
302393 41 35
303516 11 13
304000 37 32
305558 37 35
305820 17 29
306464 24 19
306900 35 31
307719 21 25
308543 27 34
308577 20 32
308652 31 30
308874 23 29
308889 23 18
308996 26 21
310687 23 35
310849 14 23
311819 29 30
312907 25 19
312924 24 21
314155 31 41
314229 46 41
314286 28 35
314586 24 36
315197 31 44
315265 29 31
315680 32 29
316995 38 33
317327 26 31
317675 31 35
317760 19 26
319165 44 31
320208 20 32
322481 21 25
322659 14 25
329093 42 35
330190 29 23
333542 31 11
333781 25 20
334949 42 29
336113 37 28
338999 35 26
339574 34 22
340696 39 23
343725 41 28
348828 9 8
350329 41 17
352613 40 12
353277 14 5
353341 22 3
355794 18 17
356154 33 14
356841 65 28
357012 48 17
357851 36 15
358102 38 14
358295 33 14
360467 55 19
360667 50 12
363398 49 10
364203 39 18
364723 56 30
365302 46 6
370046 34 16
372846 24 30
372851 25 31
373145 19 15
373779 40 33
373971 22 30
374237 34 23
374292 29 30
374303 29 28
375065 29 24
375117 29 27
376677 30 40
378436 22 19
378889 31 17
379696 26 36
379821 32 24
380196 23 18
382266 23 30
382399 31 26
382933 22 23
383179 16 20
384758 33 32
384854 34 25
386205 33 22
386256 30 27
386267 27 29
386364 21 18
386776 31 27
387117 4 32
387807 25 38
387883 30 24
387922 28 21
388433 21 28
388535 33 34
388579 26 29
390508 32 29
390604 33 14
391067 19 20
391224 22 28
391731 33 26
393345 31 22
396209 26 25
398337 22 34
398404 29 26
398463 13 21
398833 25 18
399128 25 22
399145 26 21
399479 27 17
399556 28 24
399563 28 21
400438 23 12
401678 20 20
401738 33 18
401803 33 21
402287 29 26
403763 32 21
403796 24 17
404652 30 32
406446 23 28
406781 24 33
407940 11 14
408201 15 14
409089 24 19
410298 24 13
411098 28 24
411106 21 24
417432 23 24
418080 21 24
418648 24 26
419038 15 23
419189 28 25
419421 28 29
419464 36 30
419689 18 19
420358 27 22
420934 19 30
421772 20 20
421903 21 26
425113 17 8
427749 34 17
430018 31 14
432629 24 9
432777 27 16
434808 32 14
435293 35 12
435511 37 18
436716 28 9
436876 22 14
447894 28 14
448665 19 7
449110 18 15
449227 35 13
452724 26 16
454871 30 12
456490 32 15
456521 28 13
456622 25 8
457636 38 6
460733 20 23
461532 11 9
461893 7 19
467541 22 22
468936 18 27
468984 15 15
470204 20 35
470286 12 42
470574 15 37
470592 21 36
471657 15 34
472128 9 20
481425 12 42
482952 19 21
487002 23 26
489986 23 31
491010 13 28
492813 22 17
493585 18 27
493731 7 24
493875 20 30
494261 25 20
494276 26 23
494536 26 36
494559 35 37
494752 24 33
494794 24 29
494812 22 31
494828 24 31
495135 21 38
495464 24 44
495494 11 30
495878 14 29
498381 6 43
500359 17 34
500373 23 37
500704 19 38
501656 16 29
502952 12 30
503501 25 43
503792 12 29
507103 22 32
507385 16 24
508031 27 45
508825 16 25
510550 16 34
514386 6 38
515203 20 31
518513 25 22
518944 46 19
519044 22 29
519631 21 25
520430 27 24
520512 22 22
522493 22 30
523474 22 22
524432 21 11
524778 23 31
527103 35 33
527590 34 15
528460 19 19
529073 24 14
529159 32 26
529478 21 19
531461 18 16
533020 24 14
534769 19 23
535732 31 16
536337 29 25
537411 28 24
538118 44 26
538350 31 21
538801 21 17
539282 25 20
539991 39 16
542275 28 27
543442 24 13
543710 36 14
543874 28 25
545804 36 19
546099 30 17
546148 10 49
546172 12 54
546197 8 55
546230 8 46
546456 66 50
546490 96 69
546508 92 70
546532 175 72
546632 119 45
546647 157 40
546687 151 37
546715 41 101
546727 78 54
546751 128 48
546760 181 56
546790 365 57
546852 292 54
546876 124 49
546887 120 54
546922 95 65
546999 72 54
547009 51 52
547050 42 48
547102 118 52
547141 108 67
547164 53 48
547851 34 28
548048 19 17
548181 42 35
548632 71 1
548783 37 20
550140 25 14
550742 36 22
550895 26 15
551015 25 20
551376 63 17
551681 55 26
551771 15 10
553545 32 23
553941 41 17
555146 26 18
555210 28 17
555862 29 14
556064 32 13
556118 24 15
556230 22 19
556291 24 10
556428 15 8
556718 42 15
557201 29 12
558709 33 31
560583 47 22
561088 20 15
562378 26 7
563568 28 11
569830 39 12
570973 47 15
571299 36 23
571320 38 17
571336 37 17
571679 28 10
571751 36 16
571867 31 15
571904 34 17
580368 40 18
583031 46 15
584336 33 21
587072 42 13
588833 41 14
591667 17 9
592111 30 11
592228 32 17
592867 23 17
593788 38 8
593827 31 11
594504 37 19
595327 44 19
597235 38 24
597617 62 25
597661 44 21
598055 46 13
598329 56 29
598942 27 18
599737 39 19
599770 37 24
600859 24 17
602519 29 21
604446 41 16
605350 49 25
605985 39 14
606939 47 25
608938 31 18
609015 45 22
609115 26 13
611748 27 18
612835 28 24
614251 18 6
614273 23 11
614969 44 18
615731 38 19
616329 37 13
616617 37 29
616638 37 23
617202 39 19
618330 46 17
618484 48 28
618645 48 19
618791 30 18
618797 28 16
618997 47 27
619210 44 23
621997 62 30
622692 34 18
624564 45 19
628834 41 17
629246 41 9
632472 23 17
635832 54 13
638933 36 19
640439 50 19
642268 12 52
644148 42 11
644346 38 20
647290 48 16
649927 46 103
649933 49 128
650102 21 14
651825 34 15
652948 46 25
653160 39 14
653524 32 22
655055 30 18
655517 42 21
656060 36 19
656087 45 18
656923 37 15
658388 63 26
661435 56 18
662367 60 8
663480 50 4
663805 62 12
666640 64 7
667165 58 8
667613 34 4
667696 44 12
667756 45 10
667954 44 7
668101 51 11
668225 43 8
668821 57 9
669724 63 12
673199 72 7
673634 55 17
676905 58 13
678678 76 13
678851 66 9
681722 48 21
682175 48 18
683409 49 12
683972 41 20
685380 43 19
687450 49 23
687497 41 11
688146 51 14
688185 54 18
688626 41 15
688635 41 12
696767 40 10
696807 44 11
697370 37 12
699296 37 11
699369 46 32
700239 40 17
700267 33 16
701273 55 18
701328 55 25
701871 48 19
703393 15 7
703567 48 42
704468 58 32
705390 29 19
707339 51 33
707568 54 20
708678 41 16
709104 44 26
709994 46 38
710205 33 30
710228 45 35
710482 37 28
713017 37 30
713241 32 18
714287 36 23
716048 60 29
716434 46 23
719931 31 10
720185 39 21
720193 50 24
721930 50 20
722895 42 35
723875 43 33
724031 39 21
724055 47 21
724147 34 23
724168 36 19
725128 36 29
725207 37 18
727558 47 27
729068 32 13
731042 30 28
733143 26 21
734307 50 30
735294 28 18
736756 45 20
736900 54 30
736973 35 23
737443 28 27
742253 16 26
744093 30 23
745010 36 31
747725 22 18
747846 43 26
747898 55 28
748144 43 26
748197 41 26
748247 44 21
748271 51 23
748286 56 27
748343 56 25
748358 38 23
748401 34 34
748491 38 21
748541 35 23
748580 50 26
748598 41 18
748670 36 39
748762 28 17
748872 30 22
748881 31 19
748953 51 33
748987 38 29
748995 41 27
749044 46 26
749120 33 37
749172 28 30
749194 31 20
749248 32 24
749342 42 29
749371 36 18
749447 30 39
749499 30 33
749694 42 33
750063 61 33
750242 41 22
750260 50 26
750488 25 34
750918 52 34
751179 40 21
751202 32 18
751208 33 23
751391 39 22
751409 34 23
751433 44 26
751439 40 27
751562 53 21
752795 39 23
753269 35 21
754109 46 19
756340 23 32
758264 22 19
758658 30 16
758714 48 18
758869 29 7
758885 31 16
758901 40 18
758926 26 26
759027 46 28
763149 21 35
764233 26 43
764495 35 40
765821 34 30
767126 34 24
767933 22 35
769808 25 40
770735 23 40
771308 28 44
772279 29 26
790461 41 24
791540 34 15
793485 44 25
793584 71 30
794918 37 29
794932 40 30
795768 58 26
796878 44 23
797534 48 28
802711 38 13
804033 47 20
813458 56 23
814836 30 27
814953 16 26
815132 44 22
815577 23 25
815726 29 16
815799 42 32
815871 35 29
816394 45 30
816904 50 22
817837 58 31
817901 52 17
818445 44 20
821544 38 20
821724 51 22
821769 46 22
821854 43 30
822102 58 27
822640 68 36
823677 37 30
824470 46 26
825629 51 14
826729 38 16
827190 55 24
828928 36 24
831470 50 18
831809 35 9
832015 54 19
832271 52 11
832793 61 23
832862 42 21
832946 50 13
833696 44 15
836454 92 21
838598 63 34
839681 56 15
842821 55 27
844384 40 14
845821 60 27
847775 42 14
852723 41 23
853219 49 22
854788 50 22
856532 52 23
858794 58 22
861380 66 31
861523 45 19
861583 44 27
861720 46 26
862276 39 16
864445 41 23
868295 51 26
868386 40 24
868523 60 32
868572 52 28
868731 48 25
869588 68 29
869955 48 15
870000 31 18
870036 25 14
870045 30 14
870160 70 23
870268 44 21
870392 45 26
870649 65 20
870781 40 16
870967 36 31
870976 40 31
871197 55 20
871247 54 21
871362 49 29
871744 49 22
871763 59 25
872155 66 35
872777 62 17
872999 51 18
873305 51 19
874313 59 24
874667 39 23
875085 50 15
876603 41 26
882525 42 36
882766 34 30
883776 59 40
884381 48 39
884793 45 36
889204 35 9
889281 56 16
889763 40 21
889773 41 21
889806 47 18
889842 51 19
889866 50 21
889944 50 23
890372 50 22
890427 21 13
890772 32 15
890787 47 13
891054 48 15
891078 54 19
891110 35 13
891136 39 17
891887 48 26
892730 35 16
893381 63 23
896142 44 19
897544 59 0
897571 21 0
899245 35 22
901013 46 21
901895 61 15
902088 44 26
911621 10 66
911868 10 16
911902 26 73
911924 91 16
911962 13 28
911994 37 9
912217 262 34
912253 291 41
912267 294 46
912340 318 54
912390 348 58
912400 329 65
912434 242 53
912458 208 42
912466 237 49
912482 286 40
912511 335 47
912557 348 65
912559 43 375
912612 293 93
912671 246 104
912699 120 85
912712 18 101
912833 43 67
912848 46 64
912892 20 77
912907 10 77
912920 25 66
912955 19 64
912956 41 43
913193 60 29
914086 55 29
914135 10 27
914140 7 30
914256 25 17
914501 43 20
914625 48 32
914642 51 39
914663 47 31
914676 45 24
914692 42 29
914882 45 23
914956 46 35
914975 51 25
915088 54 17
915114 49 11
915412 50 35
915446 51 33
915475 56 27
916835 57 18
919837 54 14
919952 57 30
920236 46 22
934559 72 9
937385 24 85
937424 31 71
937442 22 75
937571 10 86
937577 11 83
937586 12 84
937595 16 75
937604 16 68
937610 16 72
937619 16 68
937628 15 75
937637 11 91
937712 16 75
937726 10 74
938046 16 91
943726 10 66
943973 10 48
946009 10 45
946103 11 57
946304 11 54
947445 10 58
948982 22 58
951753 29 65
962387 4 32
964165 27 53
965710 21 32
966097 25 61
975964 50 63
976464 36 50
980680 22 77
986527 71 0
987350 12 19
989524 28 80
990157 25 66
996197 33 91
996232 10 64
996294 10 68
996338 23 84
996365 17 66
996376 15 71
996707 89 0
996734 56 3
