217 14 77
230 12 63
251 14 64
541 84 10
628 8 66
814 13 97
820 90 20
834 13 100
865 66 34
1010 20 65
1058 5 7
1103 24 2
1124 43 3
1229 77 89
1696 84 10
1719 37 122
1728 43 114
2126 93 9
4352 64 13
4426 86 11
4474 68 8
4617 66 9
4741 66 4
4979 56 6
5246 55 6
7482 83 11
7765 51 7
8088 65 6
8273 102 17
8705 85 12
9797 75 7
10113 65 6
10227 67 8
10491 73 8
10973 75 8
13091 91 10
14464 75 7
15149 85 14
15428 76 9
16152 63 2
16954 67 3
20056 97 13
21894 89 29
22140 64 21
22643 77 29
23234 54 15
23693 69 16
25487 57 29
25916 63 20
26118 69 31
26579 64 22
26990 60 25
28184 51 19
28215 69 25
33724 38 37
33743 34 31
34741 32 55
34900 31 45
35018 57 51
36347 53 59
36993 42 49
37053 32 34
37150 46 53
38214 19 26
38347 47 46
41067 36 41
45228 36 47
47909 34 24
48030 32 30
48266 41 52
48288 42 46
48996 43 41
49113 31 35
49284 28 40
51103 44 32
51538 8 64
52599 11 43
53702 28 20
54021 49 38
54286 48 36
54295 52 34
55050 37 29
55204 31 35
55553 47 39
56223 44 31
56235 39 29
56590 31 38
56736 31 32
56814 23 38
56827 23 37
57075 34 47
57485 43 43
57496 43 37
57526 40 30
57593 27 46
57604 29 51
57656 32 37
57800 41 42
58167 35 32
58182 43 33
58219 43 29
58320 38 50
58654 35 29
58784 48 36
58933 35 40
59576 49 64
59686 34 22
59850 45 53
59931 37 27
60098 36 37
60119 32 39
60124 27 38
60239 28 45
60327 43 43
60633 8 38
60856 14 43
61125 20 20
61295 31 53
61347 30 38
62015 32 38
62192 34 32
62235 44 36
62315 31 44
62363 34 33
62370 36 28
62391 32 26
62397 26 24
62554 32 61
62601 23 39
62653 22 26
62873 44 43
63086 28 39
63492 30 27
63855 23 44
63910 33 36
64621 29 42
64713 27 43
64747 26 32
64772 26 30
64872 46 38
65312 42 36
65518 32 23
65674 29 31
65685 22 35
68497 27 33
68752 39 36
68930 26 35
69132 28 27
69152 35 32
69173 33 24
69241 30 38
69445 29 33
69568 44 53
69574 49 48
69646 36 44
69930 32 31
69938 29 28
70057 29 57
70158 42 39
70168 41 33
70221 29 36
70253 32 43
70268 23 46
70330 28 35
70477 45 56
70490 38 51
70648 38 43
70845 31 44
71198 47 41
71301 47 44
71660 35 42
72317 37 49
72792 25 26
73833 36 38
75150 26 35
76970 30 33
77277 31 39
77341 28 41
77465 37 39
78729 38 20
79724 50 25
81108 42 25
81846 27 60
82064 19 55
83077 13 63
83099 12 61
83813 24 51
84891 27 56
84971 19 46
86348 34 38
87631 36 32
90766 48 38
91208 56 33
93429 63 34
95368 54 28
96172 30 16
96917 55 31
96931 46 31
97180 69 33
97415 60 40
97837 59 35
97888 54 26
97948 57 30
99379 46 24
99405 40 20
100378 54 32
101021 43 13
101713 37 24
102647 40 37
102947 38 29
104061 36 27
104211 48 25
104373 46 36
104797 43 18
104916 61 26
104992 57 28
108141 41 20
109599 62 21
109783 68 26
109829 67 24
109884 52 19
110460 57 16
110833 55 18
111964 39 17
112221 56 4
112414 56 7
113425 53 27
114017 60 18
115130 56 9
115280 46 8
115291 60 12
115862 62 16
116695 45 5
117608 69 9
117722 59 17
119495 40 13
121164 48 8
123491 39 8
124385 70 12
127280 52 9
127300 45 14
127328 44 15
127603 7 9
128566 50 8
128821 17 11
128827 12 8
128851 5 7
128857 29 8
129450 43 6
131324 9 35
131330 39 9
131396 48 12
133435 48 10
140362 39 6
140521 39 10
146753 44 10
146905 55 8
149205 68 12
150612 39 0
153544 71 0
155726 53 0
157859 63 0
157882 59 0
157903 66 0
157946 65 0
157983 64 0
158251 65 0
159745 65 0
165153 58 0
165657 58 0
165821 79 0
166211 56 0
166572 75 0
169533 64 0
169618 63 0
169975 79 0
171838 51 0
174220 79 0
177043 81 0
177740 55 0
178160 75 0
178533 36 0
178541 48 0
178626 37 0
178712 70 0
179087 49 0
180007 61 0
180392 63 0
180912 65 0
182026 61 0
182258 75 0
182914 57 0
184096 53 0
184598 70 0
185092 76 0
185311 56 0
185518 86 0
185780 69 0
185803 62 0
185926 52 0
187031 63 8
187332 55 11
188181 71 0
189542 59 0
189634 69 0
191837 68 0
192245 62 0
193852 68 0
195363 41 5
197684 36 2
199573 34 10
199878 57 9
200032 65 9
200041 53 7
200732 61 6
203187 41 6
207231 49 8
208692 53 10
209651 44 4
209743 63 10
209768 56 8
213349 48 14
213958 59 9
216843 58 5
217679 53 9
217972 41 13
218307 35 8
218624 27 12
223563 47 41
223612 47 27
224480 44 31
225517 33 22
225890 57 34
226151 42 17
226519 49 36
226553 46 39
226714 33 32
227531 34 35
228361 42 27
228407 39 27
228536 40 25
228641 31 29
228669 34 24
228677 34 21
228866 29 17
229305 37 17
230925 30 25
233425 29 24
233632 31 24
233656 37 31
234087 39 24
234984 29 17
235271 38 24
238368 33 39
239797 42 20
240498 37 31
242905 34 19
243347 34 28
243942 46 33
244094 34 13
244243 58 24
244258 52 25
244608 47 21
244801 51 31
244909 25 25
244941 24 20
245135 31 23
245160 31 18
245533 17 12
245943 39 23
245950 39 22
246128 25 11
246623 24 15
247073 38 27
247993 54 32
249841 25 73
250141 12 43
250571 13 70
252516 14 52
252980 11 77
255529 6 54
256526 13 57
256962 15 44
257676 18 43
259562 17 48
259758 13 31
260076 17 36
260180 5 45
261546 13 52
262249 15 63
263073 13 28
264310 14 48
264886 11 50
268452 14 36
269315 7 27
270121 18 43
270695 12 55
271235 8 37
271772 8 31
271816 6 19
271862 6 9
272058 8 37
272085 12 38
272174 15 44
272332 18 56
272354 21 61
272407 17 62
272577 11 56
272629 14 70
272634 13 68
272650 17 71
272883 18 47
273036 15 35
273043 13 37
273201 11 53
273291 16 53
273424 16 30
273692 12 54
273940 20 44
274206 20 47
274269 10 38
274754 20 39
275145 14 56
276757 9 39
276770 6 39
277058 17 42
277220 15 47
277328 16 52
277335 14 54
277354 11 52
277408 9 45
277456 10 37
277462 11 45
277490 14 44
279092 16 45
279711 7 14
279868 9 38
280029 15 38
280272 13 24
280707 18 62
280712 14 63
280758 16 49
280836 10 35
280881 17 50
281200 19 43
284313 16 45
286880 30 45
286958 27 35
287807 5 20
288092 13 31
288636 21 29
288980 21 28
289142 22 34
289508 42 42
289653 28 32
289671 33 43
289768 21 37
289808 22 39
290004 23 29
291225 18 42
292177 29 31
293554 18 53
293703 26 34
293787 16 43
294909 26 41
295368 18 31
295528 25 52
295548 22 35
300823 19 28
301582 26 27
301602 18 28
302163 24 30
302191 17 42
302388 12 38
303470 24 33
303773 23 29
305049 20 27
305288 31 37
305486 21 35
305860 23 21
306070 25 33
307285 27 39
307305 23 37
309237 17 33
309494 23 49
310418 29 34
310883 33 30
312039 23 19
312088 37 47
312396 22 35
312902 25 36
312953 21 28
315031 43 53
316418 27 34
316602 24 32
317390 19 38
318690 21 38
319447 21 36
319957 29 30
320540 21 27
323260 26 42
323728 24 39
324375 20 33
324720 23 43
326689 17 37
327061 22 20
327176 24 36
327537 22 18
328057 20 50
328917 20 39
332564 28 46
332899 14 31
333540 21 25
333753 22 49
335100 17 27
335187 13 25
335749 19 30
337394 25 39
337500 36 50
339169 26 35
339402 18 34
339466 21 29
339533 25 30
339629 32 56
340400 11 26
340687 25 39
340705 22 37
340958 13 32
341367 24 39
341501 28 45
348630 14 25
348796 22 28
351320 18 35
356523 26 43
358855 29 42
359304 33 46
360576 17 26
361187 4 19
363675 25 29
364274 19 25
365714 27 22
366199 20 12
367472 27 26
369321 26 28
371328 45 3
371679 61 2
372045 62 5
372906 67 5
373250 52 8
373312 49 11
374755 54 12
378121 56 13
378516 53 16
378971 65 13
380090 45 15
382447 52 13
383386 59 14
385560 32 7
386020 66 12
386423 42 13
386712 53 9
387218 66 20
388092 47 9
388132 63 13
388200 56 19
388267 45 14
388295 43 14
395591 43 14
399291 28 14
400208 31 7
404966 55 9
405602 43 11
407996 51 9
408792 46 15
411062 31 10
413745 33 11
414835 55 13
416908 58 12
418083 59 12
420620 40 12
423995 54 6
429314 45 8
445159 41 5
448070 58 10
451471 49 6
453830 81 3
464550 53 8
472414 7 24
472423 10 24
472733 82 45
484343 53 12
492083 48 32
492613 39 22
494700 37 32
495634 12 82
495646 17 82
495708 64 33
495834 20 38
495877 14 55
496769 40 30
497521 57 37
497860 43 22
498640 21 19
498771 32 30
498778 38 38
499191 27 21
499227 34 17
499258 44 22
499406 37 15
499486 40 33
500554 35 33
501148 40 28
502740 36 16
504452 56 16
504479 61 17
506327 53 22
508474 25 27
508802 33 38
509059 36 37
513704 46 26
515569 29 36
516944 38 28
517315 40 29
517639 45 32
518193 35 29
518608 28 31
518854 41 38
520571 20 30
520582 23 27
523423 38 33
524274 42 40
525763 34 34
526201 28 26
526941 30 28
528471 44 36
529219 39 33
529231 39 38
530406 42 40
531018 39 33
534043 34 30
535664 36 28
535993 29 32
536700 69 0
536712 78 0
536775 70 0
537091 46 10
537543 69 0
538075 61 15
538109 73 12
539553 78 18
539589 61 17
540551 36 12
543235 44 24
544332 62 40
545017 50 19
545075 47 17
545270 56 32
547677 67 29
549040 46 21
549134 67 27
549223 44 11
550975 28 20
552748 37 18
556273 67 11
557083 76 17
557897 70 16
558130 48 11
558195 46 10
559873 76 26
560502 49 15
560579 66 18
560768 60 15
561027 50 17
561540 69 25
561703 51 16
562949 28 9
565324 54 14
565532 80 20
566398 52 13
567017 39 11
569899 45 16
571650 67 18
572525 61 12
573176 60 20
574274 67 16
574643 60 21
574960 69 25
575072 58 21
575551 61 11
578045 58 13
578551 60 20
579294 36 51
580465 44 39
580824 33 59
580956 37 37
581118 49 43
581158 49 49
581200 38 40
581219 41 44
581255 26 32
581342 35 46
581349 29 40
581406 31 49
581467 29 52
581476 30 47
581488 32 45
581500 37 58
581773 36 39
581811 35 45
581833 49 65
582328 43 48
582919 25 39
585608 39 34
586247 31 41
587143 30 29
587918 35 28
589300 39 30
589316 41 36
590134 33 26
590224 15 30
590301 46 47
590936 25 33
592818 37 38
592846 39 32
596826 26 34
597135 22 52
597548 33 47
598536 32 35
600284 18 30
600410 17 19
600722 44 41
604553 26 44
605391 43 50
606115 39 44
607915 14 64
610681 16 60
611813 10 55
613366 14 57
613630 19 65
613685 22 70
613783 16 67
614017 26 60
614035 18 54
614158 18 54
614546 34 71
614725 14 42
614861 15 68
614881 13 73
614963 17 58
615321 16 42
615466 20 75
615545 19 66
615701 9 55
615778 20 57
615846 26 62
615940 22 57
616014 10 51
616045 19 64
616184 21 56
616269 21 56
616291 22 57
616320 18 60
616471 17 60
616937 23 43
617146 13 32
617292 15 45
617392 17 61
617427 16 56
617854 17 61
618058 14 41
618064 12 38
618160 13 36
618184 14 41
618265 20 54
618388 11 46
618436 12 43
618511 13 65
618835 20 78
618901 20 68
619184 8 53
619192 10 58
619829 16 54
619884 19 44
619997 25 74
620317 24 79
620365 13 47
620444 29 61
620576 15 58
620639 17 49
620714 24 59
620879 19 54
620952 19 52
621008 22 78
621071 17 61
624076 16 46
624089 17 44
624290 24 67
624300 24 48
624362 12 57
624841 28 53
625309 39 33
625739 40 17
625830 35 28
625978 70 38
626409 51 27
626500 57 38
626621 45 25
626626 44 25
626802 68 25
626880 63 36
627360 40 30
627384 42 31
627480 53 27
627846 53 29
629185 32 142
629191 79 98
629224 49 153
