62 136 16
94 63 121
592 34 234
698 28 131
735 24 107
1991 41 124
2245 43 115
2497 36 152
2505 51 149
2864 117 78
2911 38 111
3245 68 129
3304 56 133
3343 44 106
4670 60 78
4974 85 97
5256 143 44
5390 101 112
5496 111 94
5804 67 147
6428 41 122
6624 90 25
6921 52 114
7749 132 29
8539 130 40
8823 64 22
9009 15 6
9803 11 28
10348 139 50
11147 99 102
11573 3 14
11730 94 33
11786 42 122
12358 105 99
12528 68 73
12679 123 40
12723 22 99
12906 55 11
13031 24 37
13244 27 51
13385 66 71
13622 47 56
15150 49 47
16257 33 56
16593 48 68
18254 26 58
19865 47 68
20636 59 55
20933 50 57
21127 56 55
21994 51 55
22774 44 45
22780 49 43
23002 69 54
23322 47 45
23458 64 61
23472 47 49
23749 55 42
26431 47 60
26459 35 50
26561 39 51
26680 35 36
26760 48 58
27088 55 47
27239 44 52
28962 36 38
28994 65 54
29335 55 39
30029 33 32
30323 59 55
31025 44 44
32513 61 47
32768 64 44
34640 43 58
35398 39 67
35551 48 58
37016 54 49
39396 37 42
39739 14 20
40304 48 45
43487 22 39
48707 62 61
48715 60 59
48996 33 41
50310 59 67
50523 54 62
51022 41 47
51252 46 39
52574 36 45
52661 39 60
53441 36 50
53977 39 47
54296 27 32
55285 58 56
57273 41 42
57842 31 66
59249 30 46
59256 33 62
59935 37 52
60029 21 51
60034 21 52
60143 29 53
60629 23 50
61068 25 78
61630 23 62
61970 27 70
62329 15 44
63011 18 69
63483 16 60
63673 29 71
64368 26 51
65816 17 56
71619 27 56
72028 26 63
72371 29 72
72852 18 63
73261 17 51
77116 21 53
77162 26 57
77384 14 43
77608 18 61
78023 5 19
78217 14 35
78619 17 67
79273 20 54
79301 24 62
79410 22 82
79471 20 45
79485 25 56
79493 25 55
79558 15 68
79604 26 68
79647 30 60
79662 31 62
80000 16 85
81099 28 61
81121 29 65
81139 20 90
81145 19 86
81163 30 101
81170 22 111
81189 34 114
81202 32 115
81211 13 115
81227 27 66
81253 23 78
81313 22 63
81355 20 101
81361 21 97
81409 65 55
81433 77 67
81451 16 118
81475 16 130
81583 78 87
81613 20 44
82324 13 42
84053 30 61
84873 37 68
85325 22 49
87954 37 57
88032 37 66
89630 31 53
90089 24 59
90706 42 78
92189 34 49
93369 21 43
93434 34 55
93462 31 54
93560 16 32
93671 31 64
93878 23 61
94055 35 65
95082 31 55
95119 22 50
96047 23 48
96684 25 46
96792 37 79
96979 35 67
98508 33 43
98796 37 53
101017 22 38
101249 37 43
102042 41 60
102367 34 53
103090 28 61
109422 29 36
112183 36 44
113022 41 38
113046 47 34
113230 30 34
113249 26 42
116441 40 38
116464 38 36
116572 26 23
116813 26 23
117129 40 42
117297 46 46
117309 47 47
117606 47 39
117681 42 46
117831 31 19
118086 27 35
118552 30 38
118765 38 43
119217 29 36
119720 23 26
120538 42 46
121568 33 32
122192 36 42
122869 54 52
124689 37 39
126271 32 58
127127 24 39
127726 4 15
127809 14 28
127820 10 27
128141 36 32
128897 6 20
128977 7 29
129180 22 36
129192 26 41
131968 37 45
133755 35 31
134864 34 50
135703 36 26
136944 35 30
136987 35 36
137052 26 39
137159 52 49
137321 26 22
137411 41 31
137492 48 53
137576 36 41
137600 32 35
137867 46 44
137894 54 45
137913 42 38
138171 41 44
138260 48 38
138462 38 35
138812 69 42
138851 58 47
138922 28 32
139021 50 41
139110 51 48
139135 49 47
139148 39 38
139437 26 30
139800 39 48
139916 37 25
140219 25 20
140309 51 41
140397 47 43
140527 40 47
140966 34 28
141098 40 44
141296 47 47
141413 36 30
141686 47 49
141989 33 43
142184 40 46
142247 38 51
142955 42 44
143108 57 40
143313 43 51
143324 56 41
143639 41 43
143918 45 50
143960 46 46
147625 46 48
154674 44 43
158436 44 46
158441 42 47
158477 39 36
158548 34 21
158583 31 24
158744 39 25
158772 39 28
158780 38 26
158921 51 33
158944 54 26
158952 55 27
159062 39 28
161107 55 33
161985 33 29
162924 32 29
164559 35 119
166541 43 39
167293 49 39
168211 43 42
170165 38 31
170212 59 40
170394 31 21
171022 30 41
172869 10 12
173199 20 22
175298 35 25
176053 61 32
176508 31 35
176736 44 36
178365 31 27
179548 33 37
181385 38 45
183716 38 39
186864 35 31
187320 55 31
188073 45 23
188293 56 23
190914 33 19
190943 34 17
192697 48 20
196009 44 18
197960 45 19
198830 36 17
198862 26 23
199056 51 21
199096 40 24
199216 31 19
199327 62 33
200002 45 30
200239 46 34
200788 57 27
201872 29 15
202101 26 0
202497 32 18
203332 57 10
204578 88 9
205405 67 14
205593 68 5
205646 55 2
205766 95 5
205787 109 6
205998 90 7
206031 68 8
206149 52 3
206586 75 13
206646 52 7
206700 37 7
206751 52 8
206758 50 7
206787 62 6
206829 65 6
206871 61 7
206892 56 6
206927 32 4
207090 72 5
207111 78 6
207133 54 7
207178 40 4
207252 49 9
207264 47 6
207274 58 6
207312 63 5
207405 71 6
207995 70 4
208192 52 8
208237 60 6
208613 91 12
208786 101 7
208913 75 11
209115 96 12
209239 43 1
210968 88 6
211055 73 5
211663 29 4
211753 57 18
213796 43 9
215443 71 6
217936 46 6
218016 75 5
218784 56 4
219574 48 9
221883 66 6
221997 70 18
224710 57 13
225563 62 10
225776 69 14
228263 72 12
229441 56 14
230281 32 4
231196 55 17
231403 73 10
232014 70 10
233150 40 9
239478 52 38
240583 54 34
243455 35 21
247684 47 23
247812 43 43
251521 45 36
251729 64 26
252674 36 27
252680 48 33
254299 48 39
257168 52 38
257657 46 33
259148 58 0
260606 31 40
261752 24 21
262294 42 30
262774 31 20
263226 45 45
266010 49 58
269759 33 30
272583 24 32
273129 23 16
273474 32 40
274612 25 22
277060 24 45
278591 34 25
278986 57 36
279149 35 30
279838 59 37
280982 47 46
284586 18 46
285023 29 55
285491 16 49
285755 16 52
285975 21 44
286284 14 49
287687 28 47
288989 17 43
289010 17 49
289770 13 41
290005 18 55
290863 20 51
291441 67 0
291570 16 32
291608 18 43
291769 18 34
292140 21 1
292703 10 31
293642 16 38
294049 26 55
294173 28 37
295080 25 78
295915 29 45
296952 18 49
298308 16 53
298923 10 56
299217 14 52
299442 16 54
299473 24 37
300071 24 67
300173 24 34
300267 11 35
300422 12 43
300899 25 59
301793 14 44
302271 19 56
302335 13 41
302350 12 38
302559 17 67
302751 15 56
303238 19 42
304758 13 30
306726 15 39
307824 22 34
308010 20 55
310976 11 62
311922 13 54
316145 21 50
316205 19 40
316271 15 35
316372 10 48
317152 15 37
321396 16 46
323343 18 59
323382 9 63
324683 30 72
328119 16 39
330081 12 54
330607 17 50
332685 19 60
333913 9 38
334691 9 39
335189 12 49
336566 17 44
338459 16 43
339222 19 56
340337 15 52
341097 11 48
341362 21 65
341554 17 51
342667 24 50
343119 12 32
344578 20 53
344838 17 48
346387 14 29
348838 26 53
349003 33 59
350171 14 34
352068 11 60
352255 20 67
352380 11 36
353595 8 35
353705 21 62
354114 15 40
354903 15 55
355854 12 36
356710 17 73
356737 16 76
357293 15 49
357397 9 52
358902 25 55
359007 16 27
359481 21 38
360473 22 30
363500 15 27
364976 33 35
365916 32 31
367449 30 34
369247 24 39
371351 22 42
371386 16 33
373106 30 45
376657 33 8
376972 49 11
377807 20 39
378260 25 44
379641 15 33
379949 31 40
380643 26 39
381226 9 49
381232 14 38
382785 70 23
382823 58 21
384230 39 20
384450 57 14
384759 62 17
384781 65 20
384811 62 21
400559 40 11
400846 36 16
401275 25 13
401479 18 24
402642 44 19
408307 32 24
414221 38 33
414260 35 37
414796 46 25
417707 50 22
419526 72 26
420630 45 24
422346 33 37
423675 47 15
424089 45 16
424665 33 19
424913 38 24
425089 25 22
425209 23 14
427211 42 20
427818 50 24
429006 35 15
433341 39 24
433958 35 14
434025 17 21
434049 17 16
434114 42 28
434241 36 20
434285 43 24
435662 36 24
435709 24 15
436070 48 30
436124 48 22
436162 45 21
436556 49 24
436619 32 20
436890 41 27
436963 31 23
437577 45 22
437698 26 17
437734 34 14
438448 56 19
438615 33 15
439273 28 10
439895 33 13
440299 49 22
441579 50 19
442956 54 33
443057 42 16
443242 52 25
444242 17 8
444454 31 20
447223 43 18
451586 19 14
451595 17 14
451795 29 21
452213 28 18
453763 44 12
454909 9 30
455174 23 32
455347 18 31
455834 20 42
456707 27 42
457474 21 36
457622 21 35
457760 19 39
458699 27 33
458854 16 33
459865 39 42
460197 19 31
460406 29 34
460553 27 47
461037 24 68
462275 35 36
463947 22 25
468311 25 31
470983 36 30
472168 42 51
473121 32 30
474190 19 23
475694 21 21
477273 36 36
482860 25 28
482893 27 27
486348 15 27
486550 10 32
487864 28 34
488233 22 50
488269 27 48
488284 21 43
488291 19 41
488339 23 34
488837 15 54
490508 16 24
492206 23 30
494934 31 33
495301 30 34
495393 34 32
497431 35 35
498067 41 69
498317 35 54
498368 34 55
500019 21 27
500036 26 29
501781 20 36
501829 15 40
503793 25 31
504060 20 34
504140 15 30
505841 23 27
512370 24 25
512563 34 37
516161 28 47
522403 31 29
526542 29 38
535480 36 26
537155 17 27
537522 14 27
538158 16 20
538597 23 21
538682 15 27
538855 20 35
539372 24 23
539889 50 0
540281 26 40
541735 26 34
541975 34 36
542364 28 22
542841 37 39
543179 21 12
543435 8 7
544458 27 37
545640 21 31
545691 25 18
546456 25 36
546581 22 25
546615 13 20
547798 17 19
548120 22 35
549041 20 29
554188 25 23
554652 36 39
554850 27 25
555171 25 35
555754 20 22
555800 20 34
557165 27 30
557515 30 34
559523 47 12
559800 19 31
559942 22 38
559969 17 39
560981 19 50
564191 12 49
565008 18 41
565558 13 44
565773 20 54
569362 15 32
569574 10 32
569673 13 47
570687 19 54
572315 19 41
573650 10 41
575434 12 31
577733 10 28
579044 14 24
582016 17 35
582286 12 33
583816 6 31
584829 7 63
586727 14 35
587333 4 35
589329 7 54
589511 8 39
589845 6 49
590913 4 28
592036 9 55
593257 6 45
593704 14 44
598804 10 51
599052 11 46
601362 12 30
603304 12 25
609461 7 42
609478 5 36
609579 11 50
609600 9 52
609821 9 52
609846 6 43
609994 6 31
610085 8 72
612267 17 55
613090 18 64
613423 12 28
613450 15 27
613975 19 34
615090 7 41
621551 6 46
622557 13 39
626316 19 33
626979 15 39
633227 30 22
637610 34 33
638075 26 28
638718 30 31
639754 17 36
639776 17 32
639794 19 41
639959 30 41
640445 32 44
645640 10 84
645736 11 60
645745 12 61
645757 14 85
645786 32 92
645795 27 92
645850 13 65
646352 31 47
656469 23 37
656805 16 32
657420 36 30
658554 26 39
660244 19 26
660987 19 27
661085 29 34
662310 10 10
662398 18 21
662431 10 19
662531 16 29
662711 21 29
664877 22 32
665137 17 34
666501 27 28
669889 35 25
670167 18 21
670180 18 27
670298 35 39
673462 25 19
673475 22 22
681553 17 26
682023 12 39
682456 35 32
682523 22 24
684473 21 39
684648 23 34
684767 17 32
684803 27 43
684857 7 41
684904 10 42
684925 19 54
684961 30 45
685845 20 22
685932 14 28
686113 6 49
686379 23 27
686871 35 37
688198 14 55
692635 11 41
694387 12 59
694447 12 40
697560 17 46
699612 5 29
704173 12 39
705164 18 43
705287 21 35
706579 12 59
706584 12 54
706662 31 50
706686 29 58
709127 11 45
711595 13 56
712392 16 27
712657 15 23
712784 20 28
712946 13 38
713874 22 55
714589 22 51
714730 20 35
714804 5 44
714879 20 47
714928 6 39
714938 14 47
715078 8 52
715155 16 59
715233 18 50
715351 19 43
715375 16 36
715508 29 46
715681 26 29
715702 27 33
717034 19 35
717328 22 42
717409 27 65
717691 20 46
718009 15 45
718800 14 57
722737 22 36
723652 18 32
724668 12 34
726303 28 52
728777 16 10
729513 29 26
733726 34 49
740564 22 29
740572 23 28
742813 39 54
742842 34 47
743671 38 0
745843 45 21
746094 40 22
748939 30 34
751931 32 32
755062 38 17
755470 73 63
755479 71 61
756065 216 74
756100 347 63
756108 326 69
756170 159 59
756177 133 44
756253 225 49
756265 202 47
756277 202 63
756323 226 48
756334 214 56
756351 202 39
756382 224 34
756404 239 36
756416 241 33
756436 271 37
756451 268 35
756818 14 9
756924 25 10
756959 18 0
756973 12 0
757051 42 31
758036 34 19
761022 11 9
761586 27 21
761755 25 23
761766 23 20
761926 4 28
761983 12 15
762338 30 27
762970 35 18
764058 48 31
767676 30 12
767811 25 16
767974 42 24
769683 60 18
769819 46 20
771637 47 23
771657 54 19
771704 54 13
777146 36 28
777351 41 25
777735 17 18
777760 16 20
777782 17 19
777799 6 7
778030 17 26
778364 37 20
780445 44 42
780556 43 40
781208 31 11
781686 25 30
782101 32 26
782540 13 15
785056 16 32
787149 23 48
788502 23 32
790851 19 41
792267 24 42
793746 22 41
794652 8 46
794795 7 44
795288 27 53
795491 12 59
795996 11 33
796655 17 65
796717 8 68
796914 20 57
798599 12 58
800074 10 50
803035 14 50
803444 5 38
803943 17 68
803976 20 46
805500 9 38
808071 14 39
810142 5 32
810191 11 52
810891 22 63
811544 11 54
815673 15 55
815911 9 52
816060 15 30
816066 11 33
816175 18 41
817072 17 55
817097 17 58
817298 19 57
819490 12 63
819619 9 52
819794 11 90
821064 6 43
826001 8 66
826203 8 53
827146 9 71
827821 5 38
830376 2 11
830561 5 33
830806 10 42
831902 8 55
832031 9 70
832320 11 79
832341 12 86
832620 9 61
834291 12 82
834555 11 72
841452 8 62
841664 7 53
841747 9 60
842935 12 65
843622 8 57
843851 6 50
846419 8 60
849296 6 49
852924 72 13
854762 13 67
854942 14 48
872123 6 51
874051 12 44
875595 16 72
877313 15 57
879868 6 31
885463 15 27
886982 52 49
887750 30 34
887998 34 39
891529 32 45
891710 19 49
892458 25 38
892581 25 46
892615 19 53
893613 26 35
894083 35 44
894224 28 49
894326 30 51
894542 29 39
894813 12 27
897109 28 36
898061 25 48
898869 37 57
900917 38 49
901188 34 39
901726 30 43
902325 34 60
902823 24 28
904419 24 38
906541 29 37
909907 29 37
911503 25 27
911510 23 27
912348 25 44
915673 34 41
923169 28 54
926280 28 48
927220 22 63
927287 30 37
928822 34 66
929863 20 53
930874 29 92
931255 29 51
931654 38 60
931696 36 45
932674 23 53
933926 16 43
934273 22 41
934330 21 49
934719 23 37
934814 32 46
935956 24 24
936295 21 45
937015 34 73
937274 32 63
937988 24 50
938037 23 39
940873 25 44
941153 14 32
941241 26 46
941294 33 65
941997 27 55
942162 26 29
945116 29 50
949459 50 37
949694 44 30
950604 36 30
951695 53 40
951715 70 51
951894 54 35
952592 38 29
954935 34 33
954963 43 43
957764 28 25
957835 49 40
959286 29 24
960624 28 31
965798 32 31
966111 41 35
966229 58 52
966616 36 25
968263 46 36
968796 46 34
968955 39 26
968975 47 32
969301 52 33
969436 53 35
969524 46 45
969831 33 35
969924 37 23
970033 30 21
976547 69 0
977715 56 30
977982 68 30
978647 44 12
978964 79 26
980010 61 7
980157 57 18
981487 50 15
982762 105 22
983647 61 12
983708 56 22
984548 54 13
985398 51 22
985535 50 29
988259 53 40
988280 63 52
989731 47 24
993382 39 49
993507 24 48
993703 23 32
993916 44 61
994240 22 60
995225 27 42
999200 17 65
1003859 18 58
1004619 22 79
1004913 16 60
1005775 18 72
1005780 22 74
1005837 21 65
1005893 18 76
1006082 20 63
1007831 12 64
1009678 21 68
1013214 32 70
1013504 16 85
1013852 17 48
1016135 19 68
1017326 11 60
1018642 18 47
1019470 21 61
1021829 20 52
1022142 18 60
1022514 20 45
1023305 15 60
1023335 18 66
1023686 26 77
1024654 19 54
1025925 27 27
1026259 4 15
1026441 12 32
1027715 27 55
1029089 16 35
1029281 27 46
1029689 27 30
1029809 11 56
1029854 15 73
1031636 25 55
1032195 25 51
1034721 21 51
1034806 25 66
1037762 16 34
1039748 30 72
1039861 25 47
1040084 28 52
1042829 32 52
1044320 19 60
1045149 88 0
1045508 24 48
1045785 20 42
1046162 16 62
1046178 17 66
1046434 12 89
1046526 51 44
1047425 36 64
1048899 33 71
1049869 24 42
1050700 22 46
1055502 23 49
1057219 40 40
1057950 20 93
1057962 19 93
1057968 20 93
1057974 20 96
1057980 19 91
1058148 23 91
1058172 31 117
1058177 34 114
1058208 17 109
1058214 13 110
1058394 37 57
1060012 48 59
1061384 29 39
1061553 44 45
1064494 42 38
1065447 59 48
1065624 63 38
1065756 34 37
1065782 31 36
1066497 48 40
1068053 28 33
1070650 52 60
1071025 48 49
1071863 36 57
1074912 29 53
1075291 48 56
1075412 52 40
1075693 37 50
1076840 25 35
1077031 25 27
1077039 6 34
1077967 41 54
1078195 34 36
1078243 39 48
1078275 42 43
1078611 34 54
1078756 35 43
1078840 33 42
1078868 31 32
1078909 28 33
1079194 27 37
1079376 26 44
