7503 18 47
7524 21 65
7619 24 67
7642 25 52
7678 10 56
7732 7 47
7737 7 43
7826 10 73
7851 47 73
7865 54 62
7916 57 74
7940 46 64
7972 24 59
7979 9 73
8121 8 49
8175 17 75
8233 3 17
8239 5 25
8266 7 36
8424 7 6
8468 7 26
8706 2 13
8718 2 11
8791 13 13
8929 20 28
8998 7 57
9104 33 34
9374 11 72
9380 12 68
9407 28 68
9451 35 55
9481 28 55
9582 27 61
9657 86 48
9728 79 46
9809 90 49
9854 98 56
10148 92 44
10219 84 69
10253 74 71
10316 67 53
10329 69 57
10402 87 56
10462 112 74
10524 86 39
10628 54 31
10974 84 40
11007 94 65
11031 86 68
11047 89 68
11127 85 45
11146 86 56
11264 103 62
11280 87 58
11706 102 45
11753 89 60
11759 87 47
11992 58 39
12393 85 51
12405 77 49
12588 69 53
12660 92 55
12698 78 61
12705 71 52
12721 79 54
12756 78 51
13001 68 57
13046 56 40
13088 92 55
13143 95 58
13594 82 72
14020 87 42
14347 75 39
16152 68 32
16321 92 67
16855 87 45
18637 12 106
18822 53 66
19005 10 57
19019 8 54
19064 14 74
19087 35 58
19096 17 74
19141 7 59
19162 20 35
19168 15 38
19204 7 36
19216 14 52
19710 15 32
20333 24 39
20457 12 63
20737 56 142
20768 10 66
20788 10 53
21166 48 78
21235 14 76
21848 9 61
21868 13 62
21944 2 13
22054 8 23
22473 4 25
22555 6 19
22865 12 32
24089 16 10
24112 21 37
24172 15 10
24193 10 1
24328 7 11
24382 14 20
24433 11 48
24444 10 40
24562 24 155
24595 84 88
24658 36 115
24668 28 137
24682 22 127
24847 67 51
24970 19 85
25000 27 90
25009 67 67
25074 54 71
25090 59 48
25159 23 108
25184 45 82
25192 40 74
25198 29 96
25203 41 89
25216 28 89
25264 44 68
25284 37 54
25315 39 59
25321 42 61
25342 33 52
25431 36 63
25487 30 57
25500 35 60
25514 35 62
25545 39 62
25575 46 61
25586 50 53
25595 50 48
25605 52 54
25668 45 75
25714 31 67
25721 28 57
25745 25 43
25820 33 49
25848 58 76
25886 52 71
25910 63 76
25920 56 75
25926 52 67
25955 45 60
25965 47 63
25975 44 57
25986 39 61
26119 30 60
26137 32 31
26153 34 37
26201 31 38
26263 28 42
26298 33 48
26304 40 52
26311 40 48
26316 40 46
26330 51 55
26362 54 57
26431 40 48
26493 39 39
26588 33 44
26596 37 46
26601 37 48
26627 45 52
26698 36 42
26730 30 39
26823 21 48
26839 20 46
26849 20 53
26871 24 39
26881 37 45
26897 33 55
26966 25 55
26996 32 54
27025 26 34
27104 42 49
27127 41 46
27163 39 53
27198 26 48
27263 41 53
27284 35 44
27295 41 47
27334 29 36
27436 35 57
27527 44 53
27756 26 33
28074 18 34
28400 23 56
28463 29 49
28512 26 38
28520 25 38
28533 21 29
28552 22 33
28605 38 59
28641 31 69
28708 23 64
29049 55 60
29059 58 56
29128 18 23
29275 44 49
29341 44 44
29437 45 49
29659 42 49
29800 55 45
29824 48 63
30031 45 51
30286 36 57
30296 41 58
30400 48 51
30509 41 58
30633 38 63
30660 49 66
30757 46 82
30788 39 72
30848 55 41
31032 43 68
31210 43 63
31261 27 57
31384 39 52
31702 33 63
32068 39 44
32188 36 44
32469 27 27
32521 20 29
32565 23 37
32580 20 29
32732 19 36
32858 27 51
32942 30 54
32987 32 45
33029 33 51
33218 28 47
33257 39 50
33317 37 53
33491 33 40
33526 38 38
33569 43 57
33644 29 55
33661 30 54
33681 36 59
33956 22 18
34095 37 58
34158 31 60
34359 40 52
34461 27 49
34549 39 55
34613 58 53
34815 27 43
35116 49 44
35557 36 61
35629 36 63
35641 47 74
35752 31 52
35882 41 52
35929 39 50
36025 42 49
36054 44 47
36573 54 22
36585 62 21
36683 41 19
36902 36 54
37316 47 54
37355 40 56
37758 37 47
37901 34 47
38189 28 29
38381 35 45
38387 35 47
38434 27 46
38678 36 53
38792 31 46
38977 27 47
39002 38 55
39404 36 45
39508 33 42
39636 22 30
39778 33 49
39811 31 49
39836 28 45
40635 43 44
40836 52 49
40902 34 53
40968 42 52
41304 31 42
42066 40 48
42960 24 28
43331 26 45
43895 39 70
44096 31 43
44243 39 71
44366 46 68
44414 47 50
44432 47 49
44447 36 55
44690 38 52
44726 38 36
44774 43 49
44933 37 47
45032 45 51
45038 39 51
45180 61 61
45210 74 70
45365 29 43
45428 34 53
45749 21 35
45772 32 42
45822 48 65
46038 30 42
46455 36 43
46575 40 54
46623 37 39
46758 37 45
46767 39 59
46893 38 54
46978 55 65
47124 41 44
47195 41 58
47735 41 45
47790 46 55
47874 40 59
47904 37 41
47931 45 43
47964 26 40
48172 40 52
48666 39 52
48807 32 61
48841 35 56
48867 33 54
48891 35 48
48954 41 63
49071 38 58
49119 43 73
49294 53 63
50192 35 60
50203 43 66
50371 39 60
50506 31 34
50725 35 56
50839 34 53
50947 37 40
51358 33 52
51373 36 58
51720 48 50
52693 35 49
52702 40 59
52943 40 58
52974 37 47
53042 39 52
53047 40 58
53066 31 49
53077 32 62
53423 33 58
53529 37 53
53681 43 69
53733 34 47
53807 22 42
53890 30 43
53997 26 34
54002 26 33
54728 31 44
54840 41 68
55156 41 44
56016 32 57
56166 42 48
56316 31 38
56519 42 43
56595 37 43
56667 29 44
56751 37 31
56871 30 49
56916 33 49
57507 45 44
57720 24 44
57789 22 39
57939 55 61
58296 44 58
58434 36 56
58641 38 46
58918 26 48
59512 46 47
59575 38 50
59632 42 39
60413 55 23
60470 66 25
60980 48 29
61040 37 26
61300 53 31
61340 69 30
61614 58 30
61985 69 33
61997 67 29
62474 65 14
62556 46 11
62885 47 11
63111 28 7
63565 55 5
63690 56 7
64068 65 32
64642 51 42
64818 54 55
66200 42 23
66281 53 34
66480 62 47
67106 58 15
67124 54 16
67153 44 14
67218 27 7
67223 30 7
67357 15 5
67493 24 11
67742 46 12
67783 71 17
67908 48 10
67976 73 16
68189 57 18
68200 43 16
68211 41 15
68392 17 2
68456 10 3
68796 50 25
68827 39 24
69704 73 16
70373 71 17
70463 49 22
70628 66 20
71312 60 26
71366 72 18
71382 65 18
71481 54 20
72049 64 16
72156 65 18
72371 77 20
73058 74 12
73415 76 26
73538 63 21
74369 58 18
74525 40 20
75383 71 19
75770 56 32
75788 45 25
75845 76 16
77827 82 29
78055 64 19
78754 62 14
79105 59 27
79192 43 14
79342 62 16
79713 51 32
79745 47 32
80470 60 24
80530 71 27
80810 69 23
81076 72 32
81221 71 29
81607 70 16
81820 61 12
82399 55 16
82537 49 19
82768 53 11
82876 101 8
83161 87 5
83447 49 12
83521 94 16
83587 57 8
83667 67 12
84404 79 27
84710 60 12
84993 56 10
85283 78 18
85414 66 24
85715 66 9
86141 59 12
86148 53 14
86248 71 19
86498 63 13
86801 65 12
86933 61 18
87020 85 19
87084 85 16
87265 60 27
87308 59 28
87609 79 23
87671 70 22
88019 67 14
88031 68 12
88484 109 22
88524 93 16
88613 62 13
88651 74 15
88817 72 19
88865 87 23
89315 73 24
90226 53 12
90269 62 16
90614 66 15
90638 75 13
90926 76 21
91075 57 12
91104 73 17
91258 68 19
91367 57 12
91706 67 15
91916 97 22
92080 52 14
92184 70 30
92545 71 19
92550 53 16
92575 73 21
92693 66 15
93054 70 19
93190 62 18
93549 52 15
93813 78 25
95304 72 14
95361 51 13
95428 70 10
96876 76 31
97023 67 25
97047 96 22
97112 85 15
97431 77 11
97462 39 7
97487 45 15
97761 90 24
98328 66 14
99037 90 18
99053 63 10
99071 63 10
100189 52 20
100309 81 20
100966 70 26
101392 78 17
102780 59 21
103267 76 15
103273 75 17
103575 53 7
103594 63 9
103602 66 10
103646 84 10
104071 80 13
104443 52 8
104568 70 18
104680 62 11
104995 74 16
105340 70 16
105574 77 10
105916 73 15
106353 59 15
106358 64 16
106369 51 12
106432 60 9
106456 74 9
107139 51 11
107272 82 18
107434 63 14
107473 70 17
107635 76 18
107675 67 6
107689 62 8
108211 39 7
108464 60 17
108728 75 11
109064 73 19
109202 62 17
109214 58 16
109364 77 21
109568 56 14
109600 64 14
109690 83 17
109704 71 14
109916 74 16
110129 70 17
111103 91 22
111151 58 19
111376 68 19
111598 91 15
111744 89 11
112328 61 18
112548 55 16
112620 95 12
112653 67 16
112669 71 14
112944 43 17
113092 85 16
113280 82 25
113286 73 23
113463 65 19
113484 67 22
113523 78 29
114589 88 17
114855 82 24
115086 82 19
115194 82 25
115602 76 31
115617 83 29
115629 88 26
116092 51 16
116209 89 27
116251 75 20
116505 62 15
116536 71 23
116653 73 25
116728 88 37
116836 87 16
117091 77 16
117864 57 18
118766 53 12
119282 62 27
119435 66 22
119462 84 27
120254 56 17
120281 42 17
120332 53 22
120545 59 25
120868 57 17
120914 59 14
121412 67 24
121481 53 17
121487 54 17
121782 67 21
121799 86 25
121861 77 18
121948 46 17
121980 56 14
122261 59 19
122392 67 27
122637 65 23
122700 77 22
124142 52 10
124392 25 0
124518 40 18
124891 83 20
125496 35 12
125544 35 14
125617 14 10
125931 41 9
126360 58 19
126519 93 24
126972 56 19
127013 43 14
127125 48 16
127152 47 17
127227 38 25
127759 69 23
128121 38 8
128187 76 17
128381 72 14
128414 69 13
128799 44 13
129035 65 14
129080 54 15
129131 65 9
129501 60 15
129551 57 12
129964 79 14
130018 64 15
130424 38 9
130474 58 20
130490 58 22
130630 48 6
130694 75 16
130857 78 12
130864 71 13
130925 63 10
131245 57 11
131596 59 12
131752 84 13
131824 80 18
131910 57 20
132027 96 25
132083 122 25
132158 53 12
132718 79 19
132913 67 5
133323 73 12
133448 76 17
133750 67 16
134406 76 13
134465 57 6
134559 101 18
134628 53 12
134644 52 14
134663 56 15
134733 75 13
134760 57 11
135656 87 24
136301 64 23
136551 70 11
136902 52 18
137165 66 25
137819 27 8
137858 12 20
137870 11 16
137891 9 20
137948 13 8
138815 111 12
138983 49 9
139457 35 9
139750 12 8
140017 32 16
140543 74 29
141074 27 3
141113 56 14
141256 44 8
141281 51 14
141778 69 19
143089 76 19
143109 89 19
143197 107 15
144177 95 26
144889 59 8
144943 53 11
145073 90 19
145192 63 18
146743 69 16
146929 66 18
147937 68 20
148278 83 20
148444 40 12
148782 74 10
148808 86 19
148996 60 16
149001 55 17
149456 59 13
149489 57 7
149534 32 5
149811 58 14
150203 72 21
150488 71 21
150949 86 15
151692 94 22
151978 65 11
152468 36 10
152966 95 25
153016 101 21
153226 89 22
153768 82 18
153789 70 17
153822 63 21
153858 64 20
154012 76 22
154028 101 28
154058 82 29
154125 51 11
154423 49 15
154573 93 20
154588 84 23
154608 75 18
154902 65 17
154936 51 15
155038 75 21
155386 58 30
155563 63 12
155854 75 14
156071 74 12
156115 76 18
157001 96 15
157746 73 15
157780 77 13
159154 70 12
159299 104 12
159715 48 14
159993 74 11
161016 75 27
161169 58 18
161178 58 18
162104 69 28
162485 82 23
162917 66 27
163467 62 25
163566 38 10
163631 68 25
163694 80 26
163819 49 12
163970 82 20
164383 81 34
164392 80 34
164509 55 22
164566 53 23
164881 82 24
165499 74 29
165505 74 26
165910 45 23
166850 58 16
166893 86 36
166996 73 31
167062 75 17
167112 59 20
167268 65 29
167388 70 20
167473 69 20
167834 47 15
167843 57 27
167907 80 27
167969 80 19
168231 80 20
168258 78 20
168384 59 16
168395 54 19
168485 64 25
168637 81 24
168653 97 24
168818 47 15
169204 81 34
169263 62 36
169394 56 25
169448 61 18
169561 71 30
169569 57 27
169597 63 26
169719 72 30
169774 49 28
169926 58 29
169985 43 23
170011 31 27
170077 52 24
170099 61 29
170115 65 31
170138 59 22
170166 64 24
170218 61 28
170241 65 33
170525 61 19
170686 65 28
170784 43 26
170923 52 23
170974 41 24
171030 61 25
171151 49 23
171298 75 32
171309 69 27
171321 52 24
171333 54 22
171360 68 23
171488 48 21
171587 44 12
171607 41 18
171643 46 25
171731 52 32
171858 38 24
171886 51 29
172176 67 41
172182 65 38
172227 77 33
172317 60 34
172437 73 45
172465 90 42
172484 69 35
172818 73 34
172858 71 28
172910 87 44
173089 80 26
173128 61 36
173143 67 37
173180 81 34
173305 106 30
173571 57 20
173715 81 26
173732 77 27
173744 68 25
173771 50 16
173782 46 16
173870 54 23
173911 60 32
174052 26 17
174205 22 33
174236 27 22
174402 21 43
174412 23 44
183201 23 22
183279 66 36
183447 74 29
183829 63 40
183913 66 42
185022 21 50
185191 28 44
185495 27 29
185737 28 27
185754 15 19
186047 21 46
186119 20 39
186455 28 35
186473 26 44
186515 38 52
186653 30 46
186672 35 46
187040 41 36
187049 48 38
187055 65 43
187131 40 37
187233 32 38
187335 29 30
187375 45 31
187565 43 42
187950 47 47
188142 29 36
188155 32 41
188513 41 70
188528 42 68
189437 41 40
189571 49 39
189747 20 19
189882 61 58
189888 55 50
190020 27 37
190319 48 58
190341 48 51
190398 55 55
190421 48 53
190478 52 59
190517 36 43
190539 29 41
190566 21 39
190589 40 49
190600 40 55
190716 49 73
190751 46 59
190782 52 37
190799 58 43
190807 50 41
190820 49 38
190843 49 50
190857 20 87
190966 54 68
190971 67 69
190984 64 65
190992 71 64
191019 56 59
191078 40 62
191095 39 49
191108 42 48
191157 40 30
191196 50 49
191366 64 52
191399 64 64
191404 70 64
191435 76 50
191499 64 44
191507 51 38
191514 64 35
191521 54 35
191547 54 37
191597 32 43
191713 78 43
191732 73 38
191747 70 35
191767 57 27
191788 51 29
191933 65 69
192076 26 23
192241 43 55
192328 54 31
193148 53 48
193348 49 44
193586 35 52
193794 58 67
193799 58 63
194031 45 41
194340 49 61
194574 54 38
194649 65 48
194682 49 45
194952 42 43
195206 44 34
195471 54 48
195570 47 39
195703 55 45
195799 37 31
196181 38 36
196191 41 42
196701 48 48
196859 18 28
197535 27 46
198062 65 60
198701 62 55
199029 40 38
199291 34 26
199615 44 53
199910 29 40
200095 46 60
200152 46 53
200196 32 41
200273 42 52
200371 43 43
200411 38 27
201797 44 54
201821 53 47
202071 26 39
202115 8 37
202220 2 15
202391 12 2
206612 3 15
206621 18 7
206627 4 22
206630 11 19
206636 4 29
206660 12 17
206684 8 5
206916 8 62
206975 18 33
206981 18 32
207080 11 60
207262 45 63
207275 18 98
207399 16 98
207407 17 81
207443 10 69
207471 18 73
207482 18 75
207561 18 97
207568 14 98
207656 60 45
207699 15 89
207715 40 62
207732 25 90
207788 18 55
207816 33 71
207959 16 34
219196 10 59
219212 12 49
219223 13 59
219228 13 48
219370 7 39
219378 11 34
219385 11 28
219430 16 56
219480 14 57
219535 7 41
219575 5 34
220581 16 21
220607 25 28
220682 13 32
220767 14 17
220830 4 34
221229 25 16
221259 10 10
221307 4 13
221532 7 12
221579 8 15
221660 3 17
222499 10 8
222538 22 19
222544 21 21
222595 8 17
222781 50 32
222850 12 10
222931 10 4
222959 3 12
223510 5 9
223612 16 19
223951 7 10
223974 9 10
223990 14 16
224006 19 31
224071 13 31
224077 8 20
224102 6 20
224114 6 15
225017 6 29
225026 6 36
225149 8 42
225173 13 46
225178 12 44
226015 3 26
226106 19 28
226259 9 49
226320 10 8
226364 7 16
226385 3 14
226401 4 16
226742 3 21
227156 2 16
227162 2 18
227195 4 32
227214 6 27
227303 4 12
227309 2 12
227378 6 20
227390 7 11
227468 15 11
227507 10 12
227664 9 40
227670 12 44
227913 20 44
228167 5 34
228478 82 41
228626 18 30
228764 17 22
228843 58 155
228851 59 168
229154 57 33
229278 3 23
229415 15 25
229503 11 4
229853 7 22
229859 6 24
229864 6 24
230030 22 40
230056 41 72
230066 44 76
230202 7 53
230209 8 54
230258 31 38
230269 10 70
230336 33 38
230348 15 40
230375 7 14
230436 21 26
230574 4 9
230595 4 8
