336 8 50
339 8 50
357 16 48
415 18 103
424 18 102
435 23 93
441 36 67
476 17 68
540 21 68
565 19 82
571 21 82
605 17 73
756 10 71
765 17 64
893 11 48
946 9 72
1053 7 48
1059 13 49
2069 7 50
8679 11 64
9070 34 48
9122 31 46
9527 31 53
10243 37 53
10412 26 36
10436 33 42
10534 39 67
11165 51 40
11510 46 50
11562 47 51
11619 56 53
11752 48 36
11772 38 35
12116 47 47
12312 62 61
12318 50 62
12387 42 57
12453 30 40
12555 36 52
12630 44 66
12717 35 46
13028 55 60
13384 44 41
15359 50 52
15545 46 48
16330 52 51
16533 28 45
16578 38 51
18047 33 54
18269 44 44
19717 43 57
20777 38 80
21290 47 52
22023 34 44
22159 42 53
22579 46 46
22932 49 54
22971 50 56
23121 28 32
23408 34 54
23932 20 41
24327 52 46
24761 22 13
24767 26 17
25157 44 61
25767 44 54
26347 45 59
26388 50 58
26748 69 82
26869 22 26
26980 35 55
27475 35 47
27530 45 53
27658 38 62
27826 36 44
27865 38 50
27940 30 37
28285 43 61
28524 63 39
28706 39 35
28929 43 34
29294 59 28
29306 51 25
29667 60 40
29759 34 23
29771 48 26
29973 59 28
30374 68 52
30531 57 31
30583 58 47
30752 47 28
32448 53 41
33253 30 21
33389 39 20
35119 53 23
35170 60 29
35540 55 48
35782 46 31
36091 39 18
36124 50 23
36139 58 28
36160 66 37
36290 66 50
36331 53 50
36367 37 37
36535 78 63
36796 62 39
37366 50 31
37926 49 29
37942 65 40
38362 33 33
38386 48 35
38452 76 39
39532 27 21
39654 38 10
39715 40 41
39747 54 47
40208 49 38
40221 55 44
40813 57 41
41107 47 39
41282 62 41
42252 52 43
42813 51 61
42858 40 47
43007 37 36
43048 37 33
44935 47 38
45299 56 33
45614 37 28
45668 61 44
45880 63 56
46328 37 33
46435 55 29
46554 39 33
46679 55 34
47389 62 46
48826 45 33
49165 63 47
49543 55 45
49583 60 37
49627 54 28
50402 38 36
50834 60 38
50954 75 45
51742 39 24
52256 50 38
52464 57 43
52486 70 49
52532 52 30
52802 75 35
52961 55 39
53252 47 41
53353 54 33
53629 53 36
54738 53 38
54856 80 43
55141 75 57
55733 30 55
55803 21 67
56737 33 91
57274 32 53
57327 21 29
57375 20 46
57390 19 48
57404 20 60
57434 10 41
57489 26 65
57495 29 70
57780 24 72
58085 22 33
58141 18 45
58184 20 50
58308 29 74
59173 67 42
59498 60 38
59524 51 25
59557 40 21
59668 66 48
59803 52 36
59821 49 45
59833 48 51
59938 46 45
59959 41 40
60844 41 39
61242 56 47
61328 69 47
61609 72 29
62196 57 34
63178 44 30
63540 78 34
63589 46 53
63795 42 24
63959 27 29
64038 59 42
64128 31 15
64134 31 15
64151 41 19
64212 38 36
64480 59 34
64731 60 49
65315 47 24
65419 26 99
65426 21 96
65587 31 24
65694 50 35
65706 47 36
65805 31 18
66520 36 33
66688 11 82
66697 22 71
66830 42 29
66902 47 28
67534 65 44
67645 63 39
67667 54 31
67780 47 25
68005 52 32
68271 50 35
68571 68 33
68599 61 16
68611 53 12
68749 48 28
68836 37 41
68893 57 41
69021 54 27
69075 68 46
69229 28 21
69272 56 25
69400 53 35
69873 53 37
69954 66 36
70512 53 57
70623 47 19
70671 52 43
70779 43 39
70800 41 34
70971 51 43
72022 50 31
72846 82 10
72933 57 11
72991 56 5
73014 74 10
73272 58 10
73350 92 21
73588 58 8
73604 68 8
73773 83 19
73779 95 22
73941 71 10
74636 35 7
74987 74 12
75697 84 10
75727 73 10
75736 76 11
75769 81 18
75787 91 17
76585 82 7
76672 84 12
77461 81 18
77779 68 6
77911 75 7
78022 87 12
78603 95 6
78708 24 7
79027 66 4
79285 70 12
79294 81 11
79369 78 12
80011 71 18
80416 64 11
80632 90 11
80644 83 15
80653 95 10
80699 77 15
80764 63 13
80798 65 12
81008 105 18
81082 74 14
81325 117 24
81603 89 9
81835 58 10
81982 74 9
82029 82 14
82292 69 10
82304 66 11
82597 64 7
82699 52 4
82793 85 11
82798 83 10
83497 60 9
83607 99 7
83628 96 6
83908 68 14
84053 57 11
84228 51 3
84266 59 9
84539 72 10
84575 55 12
84628 53 11
84687 94 12
85345 69 9
85580 68 9
86104 61 8
86113 66 8
86197 72 9
86349 49 11
86430 72 14
87082 78 14
87192 69 9
87294 58 9
87537 70 10
87690 81 12
87851 65 19
88084 82 19
88283 79 16
89577 81 16
89660 58 10
89912 68 10
90041 53 6
90061 59 4
90614 80 12
90672 73 10
91023 82 8
91417 76 9
91645 75 7
91857 73 21
91908 83 18
92007 55 10
92050 50 9
92105 58 12
92184 66 18
92256 67 12
93162 63 12
93240 61 16
94149 55 4
94453 72 13
94694 97 14
95268 57 7
95328 62 10
95340 77 12
95781 96 17
95809 80 12
95883 52 6
95996 62 5
96352 90 11
96442 57 13
96511 50 11
96688 70 12
96734 63 13
97036 90 19
97072 91 17
97195 60 12
97216 78 16
97249 84 16
97888 76 10
97987 66 9
98061 65 10
98685 69 13
99255 49 8
99885 59 11
99912 58 3
99923 57 4
100281 56 11
100497 77 10
100848 94 12
100953 66 19
101067 100 15
101420 81 18
101538 95 9
101628 73 7
101973 104 8
102127 56 7
102219 84 10
102317 50 7
102477 78 4
102503 81 4
102859 79 7
103352 46 3
103846 85 10
105417 77 4
105941 86 5
107041 97 3
107944 63 3
107994 68 4
108002 66 3
109098 46 3
109546 55 3
109568 52 4
109610 64 3
111151 79 3
111250 76 5
111549 76 6
111808 73 11
112028 92 3
112088 61 5
112724 53 5
113708 66 3
113748 52 4
113808 63 5
113825 60 5
113882 78 4
113888 81 5
114194 76 2
114236 84 6
115008 87 5
115415 80 5
115681 85 6
115718 79 5
115846 89 6
115881 79 5
116105 83 3
118104 84 6
118256 65 4
118299 80 4
118419 85 3
118760 80 1
119220 54 2
119246 69 4
119326 77 5
119874 59 0
120090 73 4
120147 66 5
120384 97 8
120557 61 3
120576 72 4
120979 72 2
121329 100 4
121900 60 4
121909 61 7
122547 76 8
122738 72 5
122818 78 6
122972 70 4
125291 67 5
125354 69 4
126008 102 7
126143 42 7
126792 98 2
126879 78 5
126966 68 5
127248 68 4
127278 72 3
127770 67 3
127890 97 2
127925 72 1
127942 89 4
128109 44 4
128262 49 4
128414 71 5
128809 91 4
129016 62 6
129954 75 2
129991 66 5
130042 80 5
130411 71 10
130953 84 9
130960 85 9
131553 62 2
131593 70 6
132054 66 4
132063 81 6
132168 68 3
132177 70 5
132191 59 6
132376 50 8
132403 58 9
132410 56 9
132655 51 2
132838 54 3
133007 88 3
133388 78 4
133424 66 1
134117 83 6
134330 79 1
134372 65 1
134669 81 7
134844 73 3
134942 84 4
134952 79 4
134968 69 4
135324 54 2
135482 56 1
135498 55 4
135534 82 6
135860 52 1
136493 42 1
136671 54 4
136815 89 3
137111 55 5
137132 62 5
137434 86 6
137443 63 5
137449 62 3
137610 104 3
137641 73 6
137666 63 5
137699 74 5
137803 62 5
137925 63 3
137939 64 3
138061 54 3
138068 56 2
138076 49 2
138083 47 2
138101 47 0
138760 65 2
139132 58 4
139165 69 3
139249 54 3
139303 84 5
140047 45 3
140232 23 0
140288 30 4
140407 48 15
140415 47 18
140422 70 18
140525 49 21
140596 51 5
140620 46 8
140641 36 9
140752 63 20
140917 91 22
141258 99 28
141408 35 18
141451 49 17
141505 52 11
141792 62 7
142737 50 13
142863 83 36
143034 44 15
143244 44 14
143307 47 23
143334 57 16
143367 78 21
143445 53 11
143661 69 9
144087 46 10
144604 60 23
145118 70 35
145153 55 20
145506 64 16
145707 52 21
145717 50 23
146231 52 21
146273 62 17
146286 47 11
146331 60 17
146922 51 35
146934 54 30
147204 67 21
147317 57 15
147336 56 17
147465 73 23
148334 60 23
149049 37 25
149108 60 27
149519 69 32
149941 50 21
150137 62 23
150380 80 31
150503 65 22
150575 59 26
150842 58 25
150854 60 26
150881 61 23
150917 50 15
151010 61 19
151211 72 25
151579 65 19
151640 54 21
152072 65 29
152276 58 17
152423 62 30
152765 38 17
152784 42 15
152903 65 14
152915 57 15
153262 45 12
153761 65 20
153829 70 14
153904 59 28
153979 55 15
154166 49 9
154211 57 29
154712 64 22
154927 55 32
155035 49 15
155119 41 26
157082 47 48
157664 35 35
158691 36 31
158727 36 34
158776 51 50
158782 47 51
159100 37 38
159152 22 23
159259 43 40
159833 27 46
159894 22 37
159988 22 17
160185 7 4
160336 34 34
160628 39 39
160672 37 36
160713 30 38
160777 22 46
160889 31 41
160924 39 39
161086 43 39
161491 32 52
161689 37 35
161714 23 29
161743 27 39
161844 32 38
161997 20 23
162096 16 23
162292 15 18
162448 34 36
162469 36 32
162573 51 46
162598 52 37
162767 26 29
162773 23 26
162952 46 53
162972 47 52
162978 44 52
163030 41 49
163050 28 38
163066 30 41
163094 33 31
163121 32 32
163802 27 38
163815 32 34
163940 39 44
164139 69 49
164299 29 31
164467 30 27
164506 36 38
164559 48 47
164672 33 51
164713 38 38
165090 30 52
165733 35 31
165870 34 44
165912 14 31
165978 25 29
166248 36 34
166413 73 27
166471 48 24
166478 42 25
166523 39 27
166545 50 21
166562 56 22
166601 58 23
166638 51 29
166651 45 24
166787 62 29
166793 61 27
166956 50 15
167261 47 12
167327 57 17
167342 71 23
167495 58 29
167958 59 12
168638 54 17
169401 52 25
169608 50 21
169701 38 17
169731 39 15
169797 51 26
169818 58 22
169917 52 24
170256 49 19
170376 48 23
170976 46 17
171914 66 13
172085 94 10
172823 68 38
172862 38 24
173375 41 20
173510 48 18
173540 49 16
173549 60 25
173582 59 32
174146 57 22
174164 67 26
174173 67 21
174362 58 25
174392 55 16
174547 77 27
174671 48 21
175571 50 22
175594 50 20
175717 62 29
175927 50 13
175938 54 14
175997 61 26
176165 43 10
176429 58 13
176652 41 22
176767 67 32
177376 54 27
177661 60 26
177685 46 19
178164 57 25
178312 70 22
178436 47 30
178468 66 26
178511 76 23
178542 67 29
179040 29 11
179714 78 24
179736 65 19
180004 70 15
180047 69 25
180055 59 20
180615 58 26
180696 54 22
180815 59 29
180848 61 23
180916 73 20
180941 57 18
181002 64 26
181052 44 18
181071 57 21
181208 56 34
182007 30 16
182088 57 24
182325 42 19
182343 38 18
182370 46 19
182484 49 30
182793 44 17
183516 50 17
183869 61 27
183966 62 17
184504 43 20
184876 45 23
184913 40 24
184963 52 25
185174 58 32
185763 54 20
185821 59 18
185856 61 21
186869 48 22
186875 48 24
187112 42 33
187806 61 25
187832 53 20
187960 24 18
188520 83 44
188658 31 26
189096 57 17
189992 52 26
190012 44 25
190231 53 25
190253 48 27
190438 31 17
190709 32 20
190770 41 35
190784 42 30
190873 40 23
191024 42 19
191037 50 28
191440 30 18
191538 45 34
191756 14 29
191766 13 33
191881 19 13
192105 28 31
192159 23 28
192320 60 29
193168 58 25
193805 48 20
194184 52 26
194361 46 26
194774 43 25
194813 41 19
194821 37 20
195528 33 27
195641 37 16
196399 42 21
196529 53 28
196587 52 44
196871 49 41
197015 35 21
197234 26 27
197375 51 23
198201 50 25
198806 44 25
198827 49 26
199286 36 16
199370 45 26
199442 46 30
199448 39 30
199673 32 16
200060 40 24
200134 42 22
200170 61 34
200237 51 31
200355 51 25
200673 57 20
201846 74 28
202019 49 16
202169 61 20
203136 42 27
203469 56 23
203523 50 25
204665 58 32
204860 47 22
207445 56 27
208971 42 15
209089 49 17
209746 48 30
209872 34 22
210241 35 21
210625 61 29
211073 41 28
211109 44 32
211294 51 25
211361 47 23
211388 53 32
211485 45 27
211955 60 26
212318 57 18
212872 39 24
213476 66 29
213660 40 28
213914 43 40
214334 59 23
214401 55 37
214415 53 37
214610 58 31
214730 44 34
214983 50 32
215261 35 22
215316 4 33
221491 11 28
222429 58 29
222435 57 33
222574 47 34
222968 41 29
223000 36 24
223893 56 23
224360 41 18
225685 49 33
225850 45 19
225897 38 20
226027 42 34
226160 67 35
226854 44 28
226941 32 18
227038 60 44
227589 59 43
228488 46 25
228519 47 21
229436 51 35
229542 50 21
230180 26 19
230200 19 17
231981 47 18
232147 38 18
232158 42 16
232167 45 20
232237 30 17
232265 26 16
232349 54 32
232382 47 31
232423 48 36
232506 59 27
232513 58 25
232550 53 17
232556 49 18
232601 28 20
232612 15 18
232661 15 14
232727 46 34
232744 55 41
232811 49 23
232848 33 18
232858 38 23
232877 42 23
232929 49 30
233377 45 20
233422 46 24
233730 41 31
234280 48 19
234631 53 29
235191 51 33
235734 48 19
235747 45 26
235807 43 42
236723 48 33
236759 41 26
237328 49 24
237811 48 21
237820 42 19
237934 55 16
238093 69 35
238105 58 31
238171 41 27
238580 51 25
238810 33 26
239025 31 19
239057 25 18
239104 40 25
239156 49 20
239233 38 21
239359 38 18
239398 46 18
239609 45 20
239630 59 27
239814 45 24
240205 57 25
240274 39 20
240641 33 19
240659 33 20
241295 34 27
241367 40 30
241396 41 34
241561 53 24
241726 55 24
241849 40 23
241858 37 23
242791 47 28
242998 42 30
243055 57 34
243990 23 30
244255 22 12
244324 50 19
244643 54 29
244864 34 24
245292 57 33
245461 53 33
245472 61 29
246117 38 20
246127 40 23
246147 34 25
246160 35 25
246214 28 18
246220 28 17
246340 39 26
246354 35 19
246363 36 17
246371 36 23
246430 37 34
246616 55 33
246697 55 31
246818 42 24
246824 43 27
247773 48 28
248467 61 29
248606 42 15
248674 46 20
249066 70 24
249323 39 11
250012 55 24
250067 44 30
250284 36 14
251284 39 16
251509 58 27
252233 38 32
252312 47 27
252476 42 26
252636 55 30
252732 45 24
253086 40 19
253219 48 24
253268 50 34
253651 39 25
253864 39 17
254072 44 18
254174 51 27
254649 21 21
260204 6 41
260312 21 23
260385 22 34
260493 33 26
260885 37 19
261262 53 22
261344 61 32
261359 52 29
261432 44 24
261757 55 27
261861 39 21
262104 44 24
262453 43 27
262478 47 32
262847 33 20
262854 26 18
262870 44 23
263044 47 11
263064 47 15
263125 35 17
263203 47 19
263236 43 26
263412 34 23
263434 28 18
263680 24 15
263955 37 19
263998 44 24
264404 31 18
264840 25 19
264949 43 33
265099 49 24
266254 48 27
266305 46 22
266689 52 23
267235 44 28
267773 42 24
267881 33 21
268172 38 18
268716 38 18
268740 32 18
268844 57 34
269420 32 13
269700 49 15
270069 53 16
271453 51 36
272295 49 37
272616 42 23
273873 42 34
273929 39 24
274079 44 31
274097 29 24
274238 43 35
274642 38 27
274668 50 22
274925 14 12
275490 51 30
275646 52 28
275844 60 36
276477 49 29
276558 57 34
276785 61 22
276838 47 19
276876 43 18
276912 53 13
277135 51 15
277244 55 37
277381 38 18
277474 39 26
277620 51 27
277700 41 29
279538 39 20
280288 41 26
280683 52 30
280759 37 19
281080 37 29
281332 35 26
281859 41 20
282471 54 28
282513 43 21
282922 54 18
282953 47 23
283149 55 26
283163 56 30
283212 66 28
283230 41 29
283868 44 24
284018 42 17
284054 45 13
284198 28 13
285027 45 38
285246 39 40
285797 40 42
286033 52 43
286159 21 26
286345 36 30
286441 38 27
286787 46 27
286814 40 30
286880 35 30
286982 40 36
287177 52 29
287222 55 30
287228 54 34
287579 36 37
287786 31 24
287843 27 13
288446 27 15
288760 52 21
289654 44 32
292168 29 21
292497 26 35
292869 33 39
292875 22 39
292911 23 30
293049 40 46
293271 23 33
293324 37 39
293343 31 44
293412 36 41
293707 31 49
293766 39 44
293855 18 21
294676 5 25
294967 32 27
295357 26 50
295510 41 37
295826 21 33
296019 23 32
296187 24 46
296386 21 26
296948 35 48
296965 30 49
297347 26 45
297908 22 44
298467 22 25
299818 36 26
300287 26 35
300564 32 40
301191 28 25
301209 32 22
301340 17 29
301426 22 20
301463 13 5
301772 21 25
301831 29 40
302000 36 45
302306 38 42
302463 20 37
302519 18 39
302634 53 52
303007 44 37
303093 36 40
303728 40 40
304014 35 39
304211 30 26
304599 32 30
304815 47 41
305010 42 32
305097 49 40
305559 49 51
305690 41 38
306708 42 34
306735 36 30
306843 39 47
307002 28 21
307113 42 33
307131 40 38
307161 22 41
307182 30 24
307443 43 20
307716 39 15
307788 31 25
307857 46 39
308340 32 24
308639 48 30
308780 42 34
308930 32 24
309025 43 34
309054 36 28
309085 32 30
309119 32 27
309137 29 29
309192 30 36
309284 42 30
309317 30 24
309372 32 28
309998 34 30
310028 45 39
310606 27 20
310824 23 6
310881 32 32
310917 40 33
311341 39 34
311474 39 21
311496 41 29
311535 32 32
311637 44 44
311790 21 27
311955 27 29
311971 33 32
312024 24 19
312665 36 41
312830 39 36
312848 41 35
312866 39 27
312935 39 27
313264 32 22
313373 42 34
313395 39 30
313565 41 30
313748 34 42
314036 44 30
314276 48 34
314339 43 29
314387 60 37
314431 31 29
314480 35 31
314492 31 31
314504 26 24
314540 30 33
315070 55 40
315158 37 15
315293 42 30
315516 43 21
316471 33 35
316555 31 25
316720 51 38
316819 37 20
316957 35 17
317065 35 36
317428 31 23
317957 37 27
318071 44 22
318581 45 27
318765 41 18
319053 43 19
319332 51 18
319471 39 24
319515 53 34
319552 42 25
319814 43 15
320119 38 18
320130 42 19
320556 37 34
320586 30 24
320596 23 17
320617 28 29
320752 70 36
320858 43 25
320906 47 25
320996 39 31
321111 43 15
321256 50 35
321364 44 29
321449 35 32
321614 53 31
321842 34 29
321921 55 22
322021 32 33
322032 29 30
322131 36 15
322269 62 30
322658 41 25
322761 41 25
322974 40 29
323038 36 18
323431 39 23
323554 53 29
323733 41 18
324056 39 23
324230 52 26
324534 38 19
324717 41 16
324748 47 18
325173 38 21
325748 56 20
325790 53 24
325967 48 29
326651 38 27
326791 38 24
326930 35 21
327046 47 23
327087 48 29
327171 29 23
327199 38 23
327922 43 26
327945 42 26
328181 35 33
328219 43 14
328227 46 15
328303 42 41
328762 43 28
328789 44 31
330307 45 36
330343 41 34
330442 34 28
330571 56 24
330598 43 19
330939 56 26
331478 51 28
331993 37 28
332507 54 31
332519 56 33
333871 38 19
334351 34 12
334410 40 14
334588 46 21
334608 34 15
334764 52 28
334889 36 17
335169 41 23
335242 49 33
335302 36 31
335384 39 26
335824 28 18
336234 25 16
336543 53 27
336994 48 33
338520 45 22
338562 53 22
338621 48 26
338790 36 20
338902 36 20
339024 39 26
339140 42 19
339487 43 29
339621 30 18
339633 30 20
339807 36 26
341096 38 31
341439 56 35
341629 43 23
341708 36 26
341787 44 35
342552 47 29
342672 49 24
343333 39 17
343423 46 30
343563 45 25
343598 24 20
343861 40 14
343984 40 28
344019 44 34
344050 41 27
344078 26 38
344099 44 24
344176 32 21
344308 38 28
344361 35 30
344541 33 20
344556 39 20
344622 37 24
344650 50 33
344758 45 32
344789 27 29
345015 25 17
345191 45 19
345292 45 26
345454 34 23
345776 35 21
345877 39 20
346208 53 27
346253 52 31
346363 47 21
346505 34 24
346631 40 24
347527 46 34
347593 25 17
347751 47 12
348103 28 12
348151 50 28
348271 39 26
348433 58 27
348448 58 28
348539 38 26
348610 49 23
348970 46 20
349737 42 30
349883 31 25
350040 60 37
351460 39 35
351502 32 40
351571 24 32
351795 27 34
351868 32 27
352048 39 36
352717 37 28
352930 24 30
354285 41 16
355134 30 30
355173 44 26
355287 50 31
355299 52 30
355326 40 34
355488 44 33
355923 37 29
356196 27 29
356356 39 31
356389 31 26
356414 34 28
356652 42 28
356709 37 29
356910 27 20
356957 49 26
357044 33 27
357822 43 13
358049 38 24
358157 33 23
358349 29 17
358356 30 19
358453 43 19
358500 47 25
358551 47 33
358614 37 28
359394 24 20
359938 29 37
360082 25 31
360275 37 36
360376 30 31
360572 28 31
360739 34 36
361247 27 34
361349 39 42
361405 32 30
361418 28 30
361513 39 30
361592 27 43
361688 47 34
361911 39 45
362313 51 25
362382 38 34
363046 48 37
363958 44 37
364090 56 19
364523 38 30
364555 39 27
364965 42 35
365268 29 35
365526 37 27
365755 26 28
366170 13 58
366531 30 43
366759 31 26
367591 46 42
367873 33 31
368814 31 21
369055 35 18
369104 39 22
369171 39 29
369306 54 29
369561 52 35
369693 30 30
369743 33 20
369770 44 27
369894 66 27
370099 60 25
370176 65 24
370206 56 25
370229 53 25
370242 40 19
370438 48 18
370771 50 32
371389 58 23
371423 63 27
371447 55 27
371536 18 22
371572 30 16
371959 35 30
372669 33 12
373208 52 16
373222 52 14
373265 46 14
373271 44 13
373399 44 27
373439 38 25
373775 31 23
374756 45 24
374783 34 28
375995 44 24
376370 45 28
376430 42 16
376609 28 13
376633 22 13
376666 46 20
376697 57 17
376910 33 12
377555 45 21
378059 34 20
378248 48 35
378368 56 24
378482 44 27
378773 44 25
379022 40 10
379235 39 8
379349 29 20
379556 45 22
379715 33 14
379895 34 19
380093 18 9
381031 67 31
381394 36 20
381715 34 20
381942 29 20
382742 52 19
382789 42 27
383480 33 20
383665 46 33
384494 56 38
384872 38 23
385247 44 28
385283 35 16
385418 54 32
385812 22 10
385925 30 25
386254 16 10
386982 46 18
387262 52 26
387299 57 15
387311 56 20
387500 43 24
387739 48 24
388410 50 23
388725 26 18
388822 13 10
388977 35 17
389010 25 16
389050 33 17
389072 35 17
389141 43 21
389352 36 22
389448 42 21
389720 43 21
389937 41 27
390382 55 22
390518 38 8
390553 49 18
390571 38 20
390739 62 29
391371 47 32
391437 52 30
391575 46 24
391605 43 22
391641 62 24
391776 36 24
391942 49 26
392207 40 15
392895 22 15
393479 29 27
393531 55 25
393648 36 16
394218 37 25
394296 35 19
394699 54 13
395380 50 28
395427 45 21
395615 28 22
395630 35 26
395693 31 18
395930 54 27
396073 40 18
396512 43 29
396542 36 14
396668 47 26
397033 47 19
397736 31 16
397796 31 17
398198 42 15
398260 51 25
398392 39 23
398465 48 27
398552 41 25
399407 30 16
399417 32 19
399487 70 27
399544 59 17
399564 54 19
399579 45 20
399637 35 17
399892 31 22
400051 36 24
400072 47 24
400084 46 22
400091 46 21
400170 26 26
400405 43 28
400562 52 19
400857 43 11
401625 56 24
401705 47 23
401795 39 18
401862 66 26
401896 62 29
401980 58 31
402404 31 21
402433 25 14
402590 30 17
402938 36 20
402944 48 25
402998 31 24
403049 31 27
403103 31 15
403432 35 13
403695 31 17
404296 48 12
404335 32 19
404437 74 29
404488 75 31
404592 43 24
405295 32 22
405592 48 27
406102 59 18
406192 36 15
408503 42 27
408638 48 17
408782 40 17
408807 36 18
409090 39 18
409218 35 25
409339 35 14
409443 25 8
409705 32 26
409786 41 28
409891 44 27
409993 46 30
410032 41 28
410104 51 36
410641 41 17
410724 26 20
411111 47 17
411118 39 17
411129 46 16
411165 45 22
411230 26 27
411235 21 28
411498 49 34
411526 42 31
411553 50 34
411568 31 29
411616 39 26
411674 25 8
411691 32 15
411792 44 27
411864 60 24
412029 49 19
412046 52 22
412823 53 34
413017 27 19
413958 39 45
414018 32 41
414123 28 36
414174 34 32
414327 30 28
414360 23 22
414492 39 19
414637 40 35
414723 39 21
415299 47 34
415704 33 31
415771 45 44
416190 27 44
416229 19 25
416832 34 15
416871 31 20
417038 8 7
417124 34 24
417156 37 29
417167 45 31
417181 47 32
417304 31 14
417760 38 30
417811 28 39
417973 27 20
418096 29 26
418213 31 45
418417 36 33
419055 32 27
420125 39 25
420598 5 17
421418 33 32
421475 20 30
421604 34 17
421646 9 23
422531 31 19
422588 29 25
422612 27 25
422737 29 23
423404 40 27
423528 10 45
423674 35 44
423908 33 37
424676 34 29
424836 40 32
424880 24 19
425262 31 26
425310 38 31
425388 42 24
425606 32 32
425885 28 28
425963 38 32
426266 38 41
426374 41 24
426428 37 40
426581 37 37
426803 32 39
426839 28 27
427955 25 20
428242 37 24
428841 39 27
429255 34 26
429274 32 29
429724 29 34
429841 40 29
429869 46 29
430252 32 31
430261 26 24
430493 24 35
430759 33 21
430900 30 34
430912 31 34
431705 23 26
431905 28 21
432028 47 42
432097 31 34
432187 34 34
432261 39 27
432796 39 31
433492 37 24
433987 44 26
434597 35 17
435212 32 26
437206 36 31
438336 40 29
438378 29 29
438545 51 38
439322 43 27
439452 40 47
439632 39 26
439638 40 25
439803 47 47
439955 29 17
440016 30 25
440151 28 31
440247 29 33
440868 30 24
440904 32 32
440922 26 30
441141 33 30
441239 42 24
441331 24 39
441481 40 43
441543 30 34
441835 32 35
442757 28 24
443021 38 19
443072 36 30
443193 43 28
443340 30 28
443493 37 27
444105 31 34
444436 18 32
444542 37 35
444728 29 31
444947 42 31
444977 44 22
445136 41 39
445970 25 24
446017 16 15
446499 41 29
446854 37 19
447024 31 14
447033 32 19
447188 33 32
447722 21 23
447807 46 36
447872 41 25
447936 27 32
448293 26 21
448566 45 50
448779 44 49
448805 42 44
448906 13 69
450630 37 21
450642 35 22
450676 33 28
450729 25 30
450843 25 26
451446 42 39
451732 29 34
452376 44 32
452676 35 45
453180 37 36
453917 49 28
454403 31 23
454624 36 20
454631 34 15
454655 32 25
455265 41 38
455361 25 20
455495 27 21
455530 27 16
455609 33 28
455872 33 29
456032 28 33
456725 38 28
456751 35 45
457037 35 33
457076 31 32
457559 35 37
457678 19 22
457870 13 25
457900 21 27
458131 36 22
458569 30 26
458665 37 31
458809 26 37
458868 37 17
459071 34 25
459544 40 36
459841 33 39
459939 39 29
460209 33 26
460351 26 30
460391 29 20
460854 34 33
460890 31 20
461704 33 33
462485 35 24
462737 33 33
462995 32 21
463025 32 24
467876 20 27
467912 20 35
467959 18 30
468195 26 27
468571 33 28
468883 45 37
468943 27 24
468961 26 22
470602 38 25
470618 31 26
470658 21 24
470872 26 26
470975 20 12
471050 28 19
472631 17 26
472863 33 22
472947 21 19
473410 10 11
473980 35 36
474155 39 36
474254 32 31
474608 43 25
474785 23 30
474992 35 40
475723 28 27
476266 40 29
476281 27 26
477113 28 27
477143 27 35
477298 48 25
477347 41 25
477584 38 26
478172 34 39
478203 24 31
478219 42 30
478262 52 35
478294 46 32
478398 31 32
479350 21 24
480247 48 33
480486 28 32
481110 32 20
481163 22 30
481194 20 33
481317 36 39
481420 21 23
482013 26 26
482235 32 28
482431 37 37
482500 26 25
482897 33 34
482909 34 29
483089 44 25
483434 36 18
484943 14 4
484998 21 6
487517 41 27
487534 42 29
487606 38 21
487675 34 15
487869 28 17
488224 58 22
488902 61 26
489022 29 29
489290 63 30
489459 35 19
489655 46 29
489680 47 27
489723 48 27
489948 33 28
490008 43 20
490044 63 26
490593 51 31
490788 51 33
491124 49 24
491807 51 30
492481 51 26
492487 48 26
492580 41 11
492586 47 15
492598 45 19
492610 35 15
492634 42 22
492745 46 27
493076 41 17
493163 27 12
493332 27 21
493459 33 26
493493 38 27
493581 58 32
494451 40 19
494499 46 33
494571 58 14
494729 61 21
495358 35 11
496283 44 14
496615 55 22
496820 61 27
496852 55 16
496966 31 22
496993 43 20
497290 56 17
497542 41 15
498073 59 20
498185 47 21
498237 48 12
498242 47 13
498267 46 16
498281 54 16
498875 46 17
499505 30 44
499703 35 37
499813 44 41
500270 49 20
500441 53 24
500972 47 18
501457 64 24
501587 44 21
501779 69 25
502034 51 25
503222 35 33
503808 46 39
504137 42 38
504349 32 17
504848 18 30
505085 47 38
505401 42 37
505442 36 35
505481 43 29
505532 45 19
505595 45 37
505871 37 25
505934 57 32
505994 46 39
506130 45 28
506437 29 32
506461 29 35
506484 30 30
506508 39 34
506612 46 36
506626 44 35
507100 38 40
507182 34 35
507482 33 31
507623 38 30
507645 22 21
507728 32 35
508748 38 25
508808 42 40
508967 43 47
509193 28 32
509355 29 29
509539 33 43
509833 37 41
509896 22 17
510404 42 41
510457 32 20
511282 39 33
511784 18 21
513551 48 40
513815 52 37
513930 26 19
515017 33 34
516344 28 39
516425 33 31
516936 41 47
517346 46 27
517759 39 38
518693 33 37
518878 42 35
518993 34 38
519014 39 43
519223 36 38
519325 40 32
520178 33 25
520203 33 28
520245 27 33
520259 26 29
520324 22 20
520498 14 16
521031 31 31
521063 37 22
521102 34 29
521144 30 33
521167 34 32
521252 31 26
521339 29 26
521720 37 38
521759 38 45
521857 33 31
522021 34 39
522162 17 25
522426 33 35
522649 34 38
522730 36 30
522978 56 42
523066 27 17
523491 25 18
524112 49 39
525634 38 35
526025 40 37
526053 41 35
526087 54 41
526103 57 37
526171 44 19
526218 40 21
526356 32 30
526377 29 24
526443 27 25
526461 31 24
526478 38 28
526501 38 27
526515 43 34
526550 44 34
526572 46 36
526580 41 37
526756 39 31
526867 40 29
526901 38 30
526908 37 33
526929 36 31
526951 61 48
526961 54 37
526981 57 44
527043 40 37
527054 46 42
527155 28 25
527308 48 33
527334 48 35
527378 38 33
528288 32 37
528518 37 45
528573 36 39
529387 39 38
529976 34 32
530333 33 36
530402 41 36
530435 42 32
530459 40 29
530510 36 42
530669 25 27
530690 25 27
530861 44 23
530918 32 47
531002 35 25
531164 40 42
531345 33 40
531411 29 23
531428 24 21
531489 31 28
531508 32 22
531752 24 30
531788 40 43
531969 31 40
532418 33 35
532626 23 17
532703 29 22
532741 22 21
532971 24 34
533165 32 25
533514 33 30
533667 39 31
534065 30 43
535250 20 33
535820 33 38
536972 32 48
537836 34 28
537964 40 44
537970 49 45
538164 36 36
538179 37 35
538437 36 24
538866 25 35
539889 39 31
539981 34 42
539995 34 42
540397 44 26
540802 33 34
540814 42 36
540921 44 36
541000 25 31
541045 37 40
541068 50 45
541087 43 34
541092 41 28
541145 38 33
541181 33 37
541200 48 34
541224 45 33
541725 34 44
541767 31 51
541914 32 28
542090 37 43
542886 9 65
542894 9 67
542917 12 67
543131 15 59
543200 16 76
543241 11 61
543434 19 78
543776 12 60
543789 12 47
543807 21 68
543885 15 64
543906 17 77
543933 15 67
544344 16 55
544512 16 66
545902 11 44
546013 18 74
546554 6 53
546683 15 42
547058 14 55
547712 26 65
547761 19 50
549035 19 82
549047 14 82
549169 6 35
550083 18 54
550594 11 50
550657 16 59
550910 16 56
551335 17 57
551428 17 65
551798 5 45
552061 16 57
552136 16 75
552164 20 76
552241 12 56
555147 6 43
555238 15 65
556483 13 45
556566 8 56
556944 16 53
557710 16 63
557904 8 64
558551 17 66
559296 14 46
559532 16 54
559555 12 60
559618 9 66
560711 14 57
561149 26 99
561245 22 48
561282 22 42
561351 26 45
561380 27 59
562026 16 50
562075 10 38
562134 13 53
562336 23 60
562431 23 53
562655 31 67
563543 17 46
563802 19 65
563933 17 63
564598 11 59
564719 11 37
564887 14 60
565049 22 65
565384 30 71
565537 18 50
565569 22 59
565939 25 74
566117 19 63
566453 15 44
566683 25 47
567461 16 65
567573 23 60
568097 26 60
568556 15 52
568850 15 62
569285 12 81
569600 25 69
569720 10 15
569726 8 17
569734 7 23
570365 15 61
570636 17 48
571377 25 53
572532 17 45
572598 28 67
572702 18 55
572795 12 48
573621 18 46
573946 20 42
574221 17 40
574239 20 43
574386 23 65
574410 22 62
574473 18 55
574773 24 50
574845 26 26
575082 28 47
576134 32 42
576926 19 47
577106 16 49
577178 19 36
578061 12 60
578587 8 71
578738 13 62
579472 13 63
579602 12 96
579647 12 78
579885 11 57
580238 10 71
580973 15 56
581144 19 63
581495 8 53
582605 12 66
582781 9 69
582992 14 56
583018 13 66
583045 15 67
583058 13 56
583063 14 55
583100 12 65
583114 10 53
583135 16 65
583151 13 59
583196 9 40
583557 12 88
584442 7 59
586789 11 46
586877 13 60
587058 23 65
587381 11 71
587870 10 71
590317 21 49
590491 16 80
590521 15 62
590623 18 62
591054 13 61
591278 18 36
591358 16 58
591753 27 70
591906 24 52
592184 20 49
592762 33 74
592798 34 73
592946 19 62
593236 25 59
593395 26 63
593412 22 55
593431 19 55
594750 20 82
594760 20 88
595078 22 60
595114 26 91
597370 15 40
597500 21 38
597714 14 50
597944 20 59
598436 24 51
598530 17 42
599233 23 32
599330 46 64
599438 32 42
600162 32 59
600253 25 43
600698 35 54
600932 42 71
600966 52 80
601221 33 52
601265 30 50
601332 27 52
601368 25 43
601530 41 42
601623 24 50
602647 29 62
603210 25 52
603708 22 62
603730 20 54
603809 10 52
603958 23 50
603976 23 64
604039 25 63
604100 18 53
604150 18 64
604155 17 61
604194 28 62
604269 24 36
605108 20 61
605169 16 37
605323 21 45
605718 21 54
605963 22 58
606166 35 64
606595 20 69
606808 16 68
606838 17 63
607198 19 51
607971 16 61
608022 23 41
608028 23 40
608047 24 48
608211 17 45
608217 17 52
608465 15 47
609314 13 56
609607 7 24
610314 16 64
611173 27 76
611266 13 58
611310 13 49
611722 14 73
612056 17 73
612397 10 55
612900 15 43
613016 18 73
613055 16 78
613130 17 74
613298 13 59
613323 13 65
613408 16 60
613802 20 82
614233 14 61
614474 15 71
614837 15 50
614901 22 75
615019 26 55
615201 24 71
615207 23 71
615366 21 63
615801 23 53
616228 16 53
616510 15 63
616632 19 70
616642 16 66
617467 15 43
617658 20 58
617689 17 56
617868 17 59
618052 12 48
618301 16 71
618486 14 66
618519 20 46
620104 45 43
620176 51 42
620227 24 41
620257 41 39
620329 43 35
620650 43 50
620825 39 46
620908 37 53
621313 45 52
621739 29 27
621918 20 21
622048 11 15
622062 8 16
622073 14 19
622183 17 25
622258 18 39
622304 28 38
622453 21 26
622623 39 63
622644 46 55
623227 36 29
623330 27 29
623338 28 33
623347 26 31
623377 29 27
623428 36 42
623485 38 63
623698 42 52
624110 41 45
624115 43 43
624967 47 45
625044 33 48
625816 40 32
625826 44 31
627055 52 42
627114 36 41
627871 71 63
628014 19 35
628773 25 51
629789 27 49
629913 28 59
630018 30 57
630348 48 38
630640 38 28
630824 27 45
631060 25 52
631270 29 65
631507 32 57
631732 19 49
631740 24 59
632176 33 51
632362 25 41
632525 27 61
632884 29 64
633190 34 62
633346 32 71
633391 17 55
633439 30 51
633478 41 59
633799 30 81
634948 35 39
635079 25 58
635113 35 54
635251 34 36
636001 38 54
636129 40 36
636138 38 43
636419 33 22
636864 8 37
636928 17 41
636974 22 44
644437 4 13
644520 5 42
644686 29 31
645040 39 40
645265 56 60
645891 34 46
646336 40 55
646525 33 46
646990 39 41
647029 38 54
647038 37 51
647045 38 54
647091 25 28
647300 30 32
647356 24 28
647687 32 44
648391 33 40
648675 29 39
649056 67 60
649179 26 32
649271 41 52
649474 33 39
650513 32 53
650708 28 45
650767 33 39
650922 37 43
651047 36 41
652517 33 42
652550 22 33
652677 24 40
653225 32 48
653247 38 49
653405 49 37
653615 31 46
653844 29 47
653874 30 38
653891 25 34
653903 28 30
654008 22 23
654377 31 42
654815 26 33
654990 52 52
656057 40 43
656075 38 53
656244 49 42
656374 46 32
657010 31 38
657341 50 67
657397 30 50
657541 44 49
658052 31 42
658933 49 46
659179 28 27
659479 27 67
659782 30 57
660197 26 55
660211 24 41
660273 28 53
660415 36 38
660466 20 37
660517 32 55
661989 42 20
662272 68 37
662315 49 21
662348 34 15
662356 34 16
662470 58 26
662958 28 33
663024 31 19
663269 39 27
663705 40 41
663711 47 48
664260 50 50
664270 38 38
665002 48 26
665122 37 44
665341 42 54
666254 68 46
666395 34 31
667325 42 23
667706 50 54
667923 38 46
668131 55 46
668287 52 34
668326 45 35
668335 35 35
668413 37 26
668514 48 43
668803 53 44
668808 57 49
668902 55 52
669214 40 49
669637 27 32
669848 32 37
669916 36 30
670922 50 35
671549 28 24
671559 26 22
671746 33 34
672857 45 29
672888 48 23
673191 43 25
673622 39 42
673643 49 46
673721 39 37
673925 37 37
674436 23 37
674486 37 37
675887 50 41
676410 33 46
677190 53 22
677265 60 46
677574 59 41
677651 54 41
677961 67 49
677972 66 42
678021 41 45
678141 47 37
678236 50 27
678257 37 27
678327 42 40
679066 58 40
679142 51 31
679593 40 31
679768 28 34
679881 19 8
680290 35 26
680713 59 51
680961 51 45
681035 38 26
681063 37 31
681692 21 29
681879 49 35
682275 57 42
682326 52 29
682515 60 41
682962 42 40
683818 32 46
684132 40 35
684213 54 27
684294 19 21
684303 22 21
684491 50 40
684760 48 39
684853 50 37
684928 58 56
684938 46 50
684979 55 36
685003 56 33
685336 46 32
686110 49 41
686184 47 28
686190 43 26
686888 37 37
687728 49 33
688343 43 40
688411 29 44
688703 51 50
688856 32 26
688925 48 49
690084 41 30
690278 58 40
692583 56 48
692790 57 47
692820 52 43
692961 40 33
693707 44 40
693807 39 39
693945 32 27
694059 31 27
694351 19 21
695028 53 59
695977 51 37
696534 39 36
696598 55 34
697052 53 37
697240 51 40
697827 33 24
698198 41 43
698285 38 50
698539 65 36
698894 55 37
698930 52 36
699287 48 56
699647 23 32
699667 22 25
699675 18 24
700530 43 44
700686 49 38
700728 58 46
701024 48 48
702552 33 34
702699 60 54
702762 52 52
702801 59 44
703819 52 41
704099 53 57
704424 43 41
704813 53 29
705195 34 40
705501 42 19
705585 41 27
705684 47 38
705705 44 39
706266 42 29
706750 40 44
706973 42 37
706989 44 30
707115 47 35
707831 41 37
708749 44 52
709530 44 31
710696 32 37
710969 35 23
710992 27 24
711616 21 59
712381 28 111
712414 21 69
712978 14 51
714063 14 41
714164 10 34
715644 30 72
715851 19 62
716018 17 61
716034 17 63
716072 20 66
716264 16 50
716319 31 78
716382 26 76
716966 17 44
717280 15 58
717479 20 65
717939 20 79
717979 21 87
718027 16 63
718127 20 49
718147 28 65
718159 28 72
718185 27 87
718226 20 79
718296 21 51
718311 25 55
718484 22 76
718677 13 40
718746 18 58
718782 15 60
718932 24 69
718951 21 61
719202 23 73
719424 15 46
719536 23 85
719541 21 84
719685 20 78
719937 17 39
720362 25 63
720457 12 46
720499 11 40
721821 29 75
721955 23 64
722140 26 69
722158 30 81
722397 21 60
722620 24 63
722883 11 45
723745 20 47
724386 18 76
724965 27 84
725154 18 42
725628 21 62
725772 23 74
726156 28 71
726378 33 83
727064 18 75
727239 23 60
727278 28 64
727368 22 62
727389 17 40
727461 21 65
727566 16 69
727593 20 64
727627 24 67
727639 23 82
727773 16 64
727901 17 63
727937 19 56
728004 16 54
728018 16 53
728136 17 49
728280 17 45
728324 16 41
728455 22 64
728721 27 79
729952 15 74
730038 20 64
730185 19 55
730324 23 63
730384 30 66
730488 18 63
730504 17 52
730678 27 50
730704 19 52
730917 19 54
731047 13 51
731062 18 79
731382 28 72
731551 25 64
731860 19 46
731970 24 72
731987 28 58
732037 24 62
732200 18 65
732374 24 86
732452 21 79
732536 25 49
732752 21 80
732894 23 48
732944 17 43
732968 26 69
733065 32 88
733229 21 58
733316 21 70
733409 33 81
733931 25 48
734454 26 42
734753 19 44
734885 37 56
734896 36 52
735753 15 40
735835 28 72
736120 28 90
736397 20 65
737005 33 49
737668 28 31
737762 24 39
738468 35 45
738480 32 50
738558 21 40
738612 34 46
738801 37 52
738855 39 48
738862 38 47
738972 27 57
739883 36 59
740114 43 54
740718 15 46
740732 11 45
740756 13 52
740775 20 57
740806 28 62
740931 33 44
741405 38 46
741501 29 56
741671 25 29
741741 37 48
742597 41 57
743942 26 57
743975 33 52
744606 28 58
744819 32 69
744909 18 40
744966 26 57
744988 41 65
745020 34 47
745323 27 44
745692 33 56
746691 29 43
748143 16 95
748539 11 61
748569 14 47
748654 15 82
748699 21 101
748716 17 73
748827 15 80
749505 13 51
749601 11 71
749670 20 114
750828 11 70
751165 10 65
751482 16 68
751665 16 64
751707 15 79
751856 11 72
751873 11 69
751914 14 77
752230 9 72
752256 10 76
752322 12 86
752329 12 94
752428 11 86
752643 15 69
752656 12 73
753271 10 89
753454 10 63
753502 15 87
753615 12 85
753651 10 72
754669 14 83
755068 13 89
755156 11 95
755260 9 79
755314 13 86
755554 12 102
756045 8 72
756541 16 73
756947 14 68
757343 17 106
757559 14 93
757911 10 82
757961 9 79
758066 22 76
758441 20 97
758558 15 83
759580 22 82
759812 18 67
760762 17 97
760949 11 78
760967 11 57
761849 10 68
762245 13 73
763440 15 75
763581 13 74
763641 13 48
763842 16 78
764560 16 65
765107 10 65
765176 24 104
765200 24 104
765425 19 93
765566 20 70
765659 13 73
765707 16 74
765944 18 76
766007 14 70
766088 14 62
766376 16 81
766469 17 60
766475 13 54
767273 11 48
767601 11 61
767744 15 95
767877 13 78
767904 12 68
767970 17 92
767979 20 97
768078 17 50
768159 20 84
768261 10 80
768275 12 63
768435 15 85
769319 12 61
770048 3 15
770585 12 87
770632 12 87
770711 16 87
771066 11 75
772286 13 67
772467 11 69
772547 16 82
772572 17 73
772598 14 92
772718 18 89
772730 14 69
773797 18 87
776043 18 94
776088 16 109
776302 12 60
776452 17 100
776485 20 78
776800 11 68
777025 21 76
777277 13 57
777692 9 65
778376 15 76
778908 13 102
778986 11 75
779296 13 87
779951 11 71
781900 15 74
782928 15 62
783753 11 91
785413 3 24
785507 15 56
785955 23 86
786074 15 76
786188 16 70
786223 19 78
786367 20 99
786380 16 89
786558 41 59
786876 43 60
787010 20 38
787047 28 48
787827 29 41
787988 45 68
788144 27 72
788326 26 53
788710 27 45
788730 29 42
788763 45 54
788917 40 71
789346 39 45
789544 31 58
790142 49 46
790229 33 58
791570 36 62
791820 28 48
792030 29 37
792078 38 60
792727 21 91
792734 25 99
792795 42 73
792899 33 55
793328 34 49
793524 27 51
793743 27 36
793963 47 54
794026 48 57
794392 32 54
794566 26 39
794591 34 46
794773 46 56
794867 25 46
795019 43 53
795075 33 49
795507 38 60
795535 29 58
795798 26 62
795819 26 54
795889 34 26
796073 9 16
796166 17 31
796465 34 44
796534 55 56
796595 43 58
796852 42 56
796900 41 47
797122 40 43
797199 38 74
797284 29 66
797446 54 69
797452 48 72
797476 42 52
797545 36 45
797575 31 36
797611 42 51
798033 30 45
798373 48 68
798634 38 60
798663 40 42
798765 47 47
799530 55 60
799559 45 56
799564 33 55
799577 29 51
799922 42 51
799992 38 46
800407 45 49
800746 36 54
800955 54 61
800961 47 48
801178 39 64
801255 19 71
801312 20 53
801414 8 56
804924 2 9
807820 2 14
807992 4 27
808006 4 30
