216 16 41
232 22 40
252 34 36
265 34 49
281 29 42
318 14 42
439 25 56
475 36 114
523 15 131
564 22 53
685 10 61
708 13 117
714 18 113
735 22 111
1076 30 70
1116 15 44
1123 9 49
1146 6 45
1177 7 49
1186 8 46
1236 9 49
1245 7 44
1265 6 45
1319 25 59
1442 17 43
1447 24 48
1461 44 61
1502 13 110
1593 75 66
1713 43 210
1721 155 53
1758 25 46
1879 15 62
1937 59 46
2000 48 56
2060 17 57
2075 11 50
2144 5 30
2287 7 58
2311 9 56
4049 7 53
4265 8 32
4289 12 50
4341 20 65
4486 39 55
4529 36 46
5865 7 5
5878 13 5
5885 13 6
5929 44 8
5967 76 13
6302 169 63
6348 188 59
6888 137 41
6955 31 83
6978 92 31
7151 193 52
7159 200 61
7205 187 39
7261 193 41
7289 138 50
7318 112 136
7327 195 68
7346 175 61
7389 230 61
7430 201 56
7587 39 200
7855 220 65
7911 245 68
7982 259 67
8023 168 46
8080 197 41
8092 218 37
8277 251 67
8292 237 60
8407 184 64
8415 196 68
8420 194 70
8428 207 68
8443 241 83
8548 229 48
8554 235 54
8566 251 56
9094 178 47
9311 5 37
9400 44 30
9433 16 47
9448 15 50
9553 25 52
9599 10 49
11205 28 7
11221 16 9
11398 17 6
11484 9 80
11539 93 42
11616 12 94
11698 17 64
11719 43 65
11817 69 37
11884 60 48
11898 86 56
11906 95 72
11988 19 61
12115 102 38
12135 114 44
12162 152 51
12230 35 27
12408 4 27
13957 16 59
14053 19 51
14122 45 37
14131 38 53
14135 12 75
14155 12 64
14223 9 65
14369 49 73
14370 13 116
14385 59 86
14416 73 108
14476 13 97
15535 50 62
15540 52 64
15899 64 52
16424 86 47
16508 17 80
16520 15 78
16679 10 56
16838 5 20
16934 55 60
17111 19 41
17127 36 37
17172 52 52
17196 38 60
17341 39 48
18011 53 61
18030 37 44
18052 41 37
18398 47 31
18480 86 60
18551 76 59
18630 77 45
18978 37 35
18999 31 27
19006 22 19
19095 10 39
19113 31 51
19498 70 81
19641 63 50
20529 23 68
20550 8 54
20719 7 9
20946 29 64
20952 35 66
21024 61 56
21197 58 62
21308 59 54
21350 65 64
21461 54 51
21553 54 59
21666 56 64
21766 54 65
21773 47 67
21898 53 49
21932 55 60
21989 62 54
22028 65 49
22186 56 65
22228 76 64
22238 66 55
22398 51 60
22629 72 54
22688 78 64
22737 62 59
22834 67 54
22996 51 46
23232 45 42
23251 41 47
23310 43 50
23363 60 48
23431 71 46
23528 64 76
23561 55 72
23664 50 40
23727 58 55
23752 56 46
23770 81 66
24126 38 53
24139 40 53
24194 57 57
24224 50 51
24229 52 53
24244 53 48
24274 54 47
24422 60 46
24622 60 42
24715 62 57
24778 50 52
24931 79 57
25216 78 86
25415 84 75
25477 81 67
25496 67 66
25567 47 40
25647 55 89
25687 58 80
25844 49 35
25852 49 37
25860 80 46
26443 80 59
27076 42 58
27120 40 54
27676 70 65
27865 60 57
27925 68 44
28029 63 54
28315 50 52
28363 59 66
28627 55 58
28632 50 58
28682 38 60
28687 37 59
28734 71 66
28771 80 77
28792 82 69
28874 43 48
28983 66 73
28992 68 69
29042 66 60
29181 58 52
29260 74 46
29523 58 57
30214 41 51
30407 50 60
30439 63 60
30618 44 44
31082 49 45
31190 78 56
31489 55 50
31753 57 51
31775 52 54
31782 57 56
31812 55 55
31826 44 56
31935 62 48
32369 47 12
32517 9 81
32580 20 73
32597 24 93
32615 33 101
32620 37 99
32663 31 97
32675 30 89
32687 28 94
32710 25 119
32732 31 95
32741 24 92
32747 21 94
32786 23 100
32811 72 68
32840 24 93
32900 33 96
32922 43 111
32945 39 128
32951 41 134
32963 38 134
32969 34 122
32981 38 134
33035 83 100
33119 46 97
33137 36 97
33212 37 123
33218 41 123
33236 49 110
33245 42 112
33272 47 106
33446 44 137
33455 52 158
33515 43 125
33614 36 106
33624 38 119
33644 73 54
33665 74 53
33797 32 112
33836 93 42
33853 95 44
34165 81 57
34281 75 52
34454 54 36
34847 64 56
35104 46 40
35732 82 53
35783 72 45
36038 61 45
36140 77 52
36286 71 52
36401 60 33
36530 76 41
37159 63 43
37195 72 42
37454 66 48
38080 88 64
38497 62 62
38503 55 53
38572 55 36
38823 88 65
38927 61 47
38932 60 50
39271 64 40
39313 58 46
39409 55 39
39463 50 49
39487 55 38
39510 51 47
39913 66 67
39979 66 51
40123 72 68
40138 75 65
40158 47 43
40294 54 45
40709 50 39
40726 59 43
40786 68 41
41065 60 41
41160 60 45
41171 71 49
41763 65 62
42149 68 35
42215 49 36
42287 67 40
42401 90 50
43047 72 44
43101 83 55
43395 85 47
43776 76 41
44217 73 34
44601 76 43
44735 78 38
45024 57 47
45447 101 48
45900 71 36
46086 89 57
46155 55 22
46560 59 50
46580 69 52
46888 83 49
46942 60 30
47563 64 50
47899 58 39
48046 75 33
48103 82 37
48277 48 24
48424 92 38
48793 47 66
48895 49 66
48940 35 54
49018 32 46
49666 26 61
50578 27 96
51382 36 77
51442 56 79
52027 37 60
52309 43 53
52946 46 70
52961 52 75
52982 55 66
53045 38 53
53117 51 74
53570 41 99
53762 15 57
54149 19 76
54242 25 84
54266 17 62
54308 19 69
54827 33 73
55253 26 56
56654 15 58
57014 22 73
57215 26 88
57304 25 63
57464 38 100
58049 16 85
58159 36 112
58390 27 81
58830 22 60
59229 34 82
59236 37 86
59347 15 61
59365 16 57
59498 20 91
59627 22 58
59655 20 76
59752 37 121
59893 30 87
60469 22 48
61321 18 51
61870 44 88
62410 25 69
62578 28 82
62614 27 67
62627 23 58
62878 26 90
63030 31 91
63260 29 97
63301 15 59
63500 31 87
63785 20 59
63962 34 85
64079 19 74
64221 30 90
65608 32 78
66715 17 58
66736 16 58
66796 30 69
67200 25 82
67699 30 76
67889 27 68
67895 27 75
68745 26 95
69067 23 95
69156 20 53
69176 16 62
69659 39 77
69797 18 73
69833 22 73
69883 32 91
69923 18 84
69941 24 85
70109 24 120
70154 22 95
70339 25 84
70418 26 107
71360 21 51
71528 23 100
72445 23 71
72615 13 59
72685 19 67
72782 28 103
72851 34 86
72880 30 78
72971 49 108
73035 33 74
73123 20 84
73140 25 58
73888 18 76
73927 27 105
74521 25 69
74785 26 65
74815 33 76
75043 27 80
75229 22 62
75581 12 50
75602 12 50
75697 28 73
75884 19 61
76202 20 73
76460 21 82
76601 18 66
76811 18 67
76865 15 60
77138 34 78
77420 23 78
77425 30 83
77495 30 85
77726 44 69
77882 32 64
78164 12 102
78302 14 90
78340 10 84
78564 9 81
78675 14 101
78895 11 89
78942 13 98
78985 11 90
79864 13 104
79923 14 116
80158 9 69
80235 10 84
80329 21 120
80497 9 70
80991 11 92
81126 15 115
81415 16 105
81453 13 97
81901 16 114
81939 16 94
82062 11 89
82092 12 91
82639 8 69
82968 24 119
83051 15 99
83232 14 106
83387 12 93
84038 12 105
84048 15 109
84210 10 73
84320 12 94
84496 8 66
84567 17 93
85114 13 109
85154 14 125
85237 13 71
85368 16 88
85397 15 96
85418 10 79
85501 12 69
85609 10 81
85805 12 102
86084 15 111
86267 16 88
86318 11 77
86504 10 76
86531 15 75
86540 15 77
86588 10 72
86767 13 88
86821 20 94
86849 13 104
86900 15 80
86906 16 82
87155 12 86
87253 18 90
87417 22 108
87430 15 105
87981 16 93
88093 11 72
88175 20 131
88246 13 81
88412 14 86
88768 11 77
89625 11 94
89644 11 87
89784 15 87
89946 9 74
89992 13 85
90534 18 107
90573 15 105
92000 16 95
92010 17 91
92766 16 85
93171 14 77
94830 13 90
94901 11 75
94995 18 104
95351 13 86
98336 20 118
98482 19 79
98497 15 60
98518 18 64
98576 27 88
98602 26 80
98758 26 100
99817 18 104
100009 17 92
100561 17 71
100661 24 98
100731 24 89
100851 16 85
100894 16 87
102880 19 82
103237 12 93
103270 14 99
103821 18 69
103879 15 86
104935 16 122
105064 14 90
109090 20 100
109527 13 51
109627 23 85
110105 13 78
110536 16 81
110975 18 68
111169 13 83
111509 18 110
111548 16 104
111837 17 100
112359 12 66
113513 16 90
113632 19 79
113781 16 63
114311 15 72
114428 26 77
114491 18 81
115596 31 91
115718 18 75
116124 15 66
116486 20 76
116502 21 70
116567 16 92
116702 14 100
116753 12 86
116960 14 85
117610 15 95
118396 28 85
118689 19 88
118936 13 95
118969 18 83
123259 23 88
123852 16 74
125205 23 105
125246 20 79
125562 21 108
125635 19 89
125712 15 91
125748 9 70
125906 23 118
125922 20 126
125960 26 125
127187 24 97
127473 17 63
127502 24 73
127523 16 79
128572 17 80
128669 11 66
129478 11 67
129842 12 98
129977 17 101
130743 19 73
130785 17 73
131112 25 86
131245 24 103
131335 16 52
131380 19 81
131630 28 108
132329 12 96
132371 21 86
132487 33 73
132529 21 48
132824 15 83
132985 13 67
133086 6 49
133301 10 31
133453 14 92
133462 15 89
133563 22 94
133594 19 74
133855 16 95
133896 26 103
133975 12 82
134500 23 68
134600 20 91
134658 21 86
134663 23 82
134733 21 106
134903 22 123
134917 19 105
136321 13 75
136372 17 95
136405 17 94
136650 19 91
136666 13 85
136711 13 76
136815 11 90
136875 22 105
136907 24 120
137312 20 88
137475 16 74
137509 21 87
137643 14 56
137774 25 82
137786 24 88
137803 13 60
137918 22 87
138451 19 88
138850 13 102
139154 20 77
139677 22 107
139735 16 78
139813 19 68
140467 20 98
140811 17 60
140821 15 57
140914 15 74
141089 17 76
141493 9 81
141607 17 78
142230 9 75
142333 17 77
142919 14 84
143059 20 78
143412 22 93
143579 26 76
143592 25 77
143661 17 79
143854 20 95
143878 18 91
143962 8 63
144040 10 46
144124 10 77
144149 12 60
144188 11 80
144528 19 83
144612 16 78
145139 17 90
145160 14 83
145640 12 91
145749 13 81
145891 17 62
146222 16 75
146309 17 72
146741 10 70
146870 22 92
147079 18 64
147403 15 68
148170 18 64
148348 12 62
148755 20 86
148981 10 71
149283 25 88
149496 17 73
150532 16 90
150640 31 94
150662 32 85
150864 25 89
151000 14 65
152239 16 74
152346 27 70
152582 20 92
152726 29 73
153168 14 100
154038 14 88
154275 18 72
154371 23 98
154584 21 93
154905 25 96
155205 20 84
155225 17 84
155370 16 76
155385 17 67
155461 21 81
155587 19 69
155698 6 41
155756 12 62
155805 19 94
155877 18 70
156127 10 43
156246 5 24
156429 13 74
156534 15 66
156927 15 91
157161 15 69
157260 29 84
157296 25 100
157632 21 94
157680 17 64
157773 15 66
158114 17 83
158494 8 59
158511 10 57
158542 11 50
158551 10 48
158566 9 44
158719 15 73
159052 8 60
159451 22 89
159645 27 92
159859 19 64
159870 19 62
159888 17 58
161569 16 71
161664 21 102
161749 17 62
161808 21 66
161950 21 89
162411 16 73
162836 19 106
163132 25 104
163223 14 86
163334 10 71
163538 14 101
163550 15 87
163710 28 86
163718 29 88
163736 25 88
163874 12 59
163902 20 89
163985 27 89
164297 9 80
164481 11 90
164588 16 67
164828 13 49
164898 14 64
165492 16 76
165499 15 74
165509 16 70
165554 18 66
165920 25 108
166070 15 92
166878 19 85
166922 16 77
167049 15 77
167401 8 56
167838 19 77
168004 21 89
168044 15 67
168532 15 71
168714 18 79
168935 16 67
169368 17 92
169505 17 82
169523 17 85
169562 14 76
169892 17 100
170078 13 98
170114 15 77
170169 14 91
170356 29 151
170364 23 154
170475 23 88
170551 23 77
170693 21 92
171070 17 64
171104 17 68
171130 21 67
171285 25 96
171577 23 108
171695 20 86
171728 29 100
172525 29 63
172727 29 61
172764 30 60
172835 29 52
172862 37 52
173278 37 57
173423 37 48
173456 37 77
173495 44 84
173836 52 63
173870 43 58
174332 28 69
174377 36 65
174935 27 64
174983 22 42
175520 58 86
175558 49 58
175567 50 62
175659 21 50
175670 23 60
175735 28 47
175875 43 89
175983 41 51
176066 38 56
176072 47 67
176468 43 59
176761 44 54
176876 37 80
177296 48 53
177401 58 56
177646 39 37
177734 59 67
178148 42 48
178375 32 38
178592 15 22
178644 27 32
178737 44 36
179365 58 41
179428 34 52
179897 49 59
180169 27 27
180267 54 59
181141 54 54
182414 38 49
183059 26 65
183072 23 58
183306 25 64
183535 39 77
183984 32 75
184126 27 77
184149 24 67
184174 29 68
184181 31 73
184482 32 73
184552 14 43
184621 34 69
184671 42 85
185081 38 75
185339 22 52
185369 31 65
185446 32 77
185478 30 68
185600 32 79
185687 35 82
185791 35 53
185902 18 61
186025 29 59
186115 41 67
186226 15 44
186240 24 62
186631 44 100
186736 22 80
186754 27 65
186805 35 81
186898 31 66
187419 36 55
187717 25 75
187974 32 80
188495 48 67
188566 34 87
189048 34 67
189243 23 63
189330 35 63
189474 33 78
189571 46 87
189891 49 105
189990 33 70
190721 13 35
190836 27 45
190922 24 55
190965 36 56
191091 30 58
191216 45 87
191551 28 69
192021 16 78
192168 33 82
192187 35 82
192237 23 53
192304 33 78
192417 31 64
192428 27 61
192614 21 47
192707 31 60
192748 28 57
192874 49 100
194083 23 52
194347 20 52
194400 21 57
195221 32 60
195323 37 81
195520 29 50
195706 36 56
196003 30 60
196356 21 61
196390 33 61
196450 26 61
196572 26 56
196603 23 48
196642 34 68
196839 33 52
197493 28 71
197834 28 57
198041 35 52
198644 31 47
198669 29 49
198679 33 45
198739 44 56
198772 33 51
199081 45 55
199285 34 74
199850 32 50
199889 27 46
200558 38 67
200614 36 62
200644 22 45
200846 30 68
201146 41 81
201476 39 71
201604 22 49
201954 32 57
202050 38 74
202620 30 55
203103 47 87
203700 27 49
203967 35 66
203982 41 65
204141 34 58
204487 40 59
204532 38 48
204685 38 60
205605 32 58
205894 43 57
205907 38 63
206155 31 54
206363 32 48
206715 33 35
206834 43 74
207115 71 92
207285 31 51
207353 56 65
207389 44 61
207512 48 74
209017 49 44
209845 57 73
210461 45 55
211384 64 74
212336 51 67
212529 41 59
212813 27 38
212832 41 37
213909 39 53
213965 33 39
214374 41 42
214404 40 46
214725 54 68
215175 69 80
215735 48 43
215782 51 45
215897 58 56
215975 49 52
216022 47 37
216090 43 45
216173 34 53
216772 54 60
216817 38 59
216881 48 67
216963 46 34
217231 39 54
218005 49 54
218083 61 53
218198 49 51
219337 52 75
219596 33 51
220008 58 72
220637 44 57
220799 46 49
220823 38 54
220876 46 56
221702 33 52
221752 49 53
222001 48 62
222120 40 60
222258 42 47
222385 50 63
223035 30 62
223047 39 63
223203 46 48
223488 34 52
223557 48 89
223638 56 50
223662 53 53
223691 53 52
223869 55 99
223941 48 76
224733 54 41
225764 40 48
225803 43 43
226256 52 73
226792 50 43
226898 62 66
227091 43 47
227326 47 49
227869 32 42
228331 42 54
228853 23 47
229198 37 50
229318 41 41
229576 68 57
229765 47 70
230805 24 35
231330 54 71
231480 42 52
231910 54 41
232026 33 42
232204 33 45
232354 62 51
232408 55 65
232588 42 73
232693 36 42
232755 47 50
232892 45 43
232973 47 67
233216 28 55
233424 44 54
233985 48 42
234109 56 44
234244 49 51
234256 59 52
234870 46 55
235058 39 43
235093 31 42
235257 30 42
235280 29 43
235674 17 38
235749 25 40
235800 29 34
236170 58 68
236641 33 51
236713 47 68
236765 46 70
236770 49 71
236808 21 43
236840 27 34
236915 50 47
236979 43 57
236985 42 54
237036 33 62
237051 39 63
237056 39 64
237500 32 35
237595 37 43
237839 17 42
244119 37 54
244789 39 51
245182 49 61
245192 47 54
245239 51 52
245263 54 57
245278 50 55
245500 34 35
245545 47 56
245660 38 47
245743 41 53
246379 55 58
246463 35 50
246575 50 52
246946 38 49
247405 41 53
247737 37 50
247794 37 49
247913 44 40
248209 32 40
248308 44 50
248855 48 32
248920 55 40
249151 53 34
249342 49 46
249509 39 35
249972 50 48
250630 59 65
250699 36 36
251166 37 51
251198 54 50
251228 53 42
251268 44 49
251535 32 52
251942 17 26
251966 13 26
252003 15 12
252019 9 10
252101 10 10
252119 29 31
252160 37 43
252201 23 19
252231 31 33
252419 51 42
252530 62 49
253851 47 57
253908 42 50
254118 53 62
254277 26 35
254286 25 41
254436 61 66
254508 24 28
254536 19 26
254636 35 41
254653 39 42
254879 38 35
255064 43 58
255516 68 75
256916 49 39
256928 45 42
257069 38 50
257090 55 51
257216 42 62
257459 32 44
257639 50 71
257645 52 73
257774 34 43
257789 43 52
258041 40 53
258065 42 57
258176 37 36
258191 52 43
258254 64 66
258269 56 66
258276 47 76
258339 41 71
258497 37 31
258536 58 61
259185 38 73
259277 45 44
260118 51 55
260547 55 43
261282 79 18
261441 79 21
261519 71 28
262350 30 12
263052 50 22
263069 57 24
263165 69 15
263190 83 26
263378 56 15
263451 54 17
263496 76 19
263744 60 20
264167 81 35
264416 101 16
264503 66 20
264780 75 16
265022 86 23
265175 97 24
265282 61 8
265647 104 30
265862 90 11
265868 95 17
266548 97 8
266766 92 15
266793 73 11
266806 76 15
266957 90 9
267672 100 16
267699 89 15
267714 80 16
267780 57 14
267850 108 29
268596 74 19
268850 94 16
269273 82 9
269370 90 11
269403 76 10
269699 72 21
269888 73 16
270523 120 21
270559 125 19
270667 64 17
270898 77 18
271300 89 15
271738 73 14
271825 82 15
271934 72 11
272113 96 14
272303 80 18
272342 101 29
272357 108 30
272492 111 19
272657 87 24
272744 96 15
272829 99 21
273105 90 18
273525 100 15
274850 86 17
275065 87 16
275376 79 16
276305 81 24
276381 85 19
276474 77 18
276555 61 17
277116 84 12
277487 87 16
277864 100 16
278083 61 20
278148 75 23
278314 69 14
278389 85 24
278442 101 24
278500 95 18
278550 81 16
278659 76 17
278764 69 24
279096 67 17
279380 96 19
279418 77 27
279529 86 11
279579 74 14
279634 89 14
279791 71 12
279802 79 14
279809 80 14
279968 81 26
280031 80 21
280503 70 26
280682 85 32
280796 84 20
280920 71 19
281254 86 19
281270 89 23
281436 92 22
281495 102 24
281625 54 23
281800 119 26
282565 66 14
283101 107 37
283141 94 37
284115 53 25
284168 84 20
284218 70 13
284861 112 38
284919 68 11
285714 64 17
286843 26 14
287583 83 19
287739 80 29
287901 96 29
288237 87 25
289334 64 23
289788 81 18
289871 67 23
289915 69 25
290034 92 26
290441 96 13
290505 67 16
290549 96 20
290692 101 23
290746 100 26
290889 70 16
291044 77 13
291340 69 28
291348 68 28
291469 63 21
291673 84 26
291739 84 35
291766 87 35
292183 78 24
292234 96 29
292387 84 18
292456 83 24
292525 90 28
292714 53 10
292996 86 22
293356 72 26
293503 79 28
293707 78 21
294816 72 24
294948 43 17
295018 19 28
295035 19 30
295049 12 31
295059 7 31
295172 17 12
295178 17 16
295191 12 21
295281 106 31
295295 109 30
295333 82 19
295523 83 16
295583 65 24
295905 92 20
295918 86 22
296133 101 29
296146 112 32
296240 70 10
296464 83 21
296774 88 28
296823 85 18
296884 75 16
296927 59 21
297031 102 26
297091 110 31
297097 114 31
297171 85 20
297176 87 19
297227 80 20
297262 75 24
297272 77 23
297303 74 19
297313 93 23
297340 107 20
297372 91 25
297386 95 26
297505 90 31
297519 90 31
297634 76 23
297654 76 24
297729 67 20
297757 59 25
297762 60 23
297781 55 18
297786 62 19
297800 82 23
297843 91 18
297850 100 22
297855 110 25
297921 89 27
298012 66 15
298315 62 17
298532 77 24
298645 91 25
298655 92 22
298671 75 16
298740 64 16
298814 90 15
298862 72 17
298973 75 21
299479 86 21
299693 60 13
299750 78 24
299772 90 28
300363 61 28
301356 79 24
301455 62 18
301719 82 17
301929 91 24
302031 66 20
302084 62 21
302220 109 25
302532 92 27
302610 64 20
302700 91 17
303114 76 28
303120 80 25
303470 101 27
303558 87 22
303569 80 20
304206 88 19
305557 72 18
305602 63 11
305926 46 13
305950 59 14
305956 61 22
306003 63 19
306051 54 23
306197 74 22
306255 96 30
306274 83 26
306870 81 23
306926 72 20
307415 92 5
308262 67 3
309622 90 5
309715 95 5
310252 75 3
310445 101 3
310543 82 6
310597 124 3
310748 80 5
310786 83 5
310978 106 3
311264 78 2
311303 84 3
311435 107 3
311547 59 1
311613 79 1
311653 104 4
311674 98 3
311681 99 3
311691 111 4
311709 141 4
311730 101 2
311766 94 2
311956 128 1
312435 107 6
313053 59 3
313473 85 6
313633 115 5
313762 102 2
313771 106 2
314485 119 6
314935 97 4
314963 99 2
315100 78 3
317002 98 5
317064 80 4
317374 101 6
317398 94 5
317571 115 2
317586 121 3
317816 90 2
317855 119 2
318002 94 3
319408 157 6
320064 10 35
320292 100 5
320491 82 6
320523 56 2
320643 76 6
321101 99 6
321573 96 2
321918 94 5
322047 94 0
322138 136 2
322698 98 4
323545 87 4
323831 114 3
324071 95 6
324452 89 4
324512 114 3
325349 109 8
325935 97 5
326396 92 3
327020 88 5
327881 115 0
328298 93 0
328348 108 0
329178 104 0
329473 109 0
329577 102 0
329658 91 0
329785 59 67
330041 116 0
330218 97 0
330280 106 0
330309 130 0
330404 89 0
330425 100 0
330455 89 0
330482 73 0
330958 113 0
331136 92 0
331220 89 1
331241 98 0
331395 89 0
331911 44 0
331922 38 0
331998 68 0
332437 121 0
332829 98 0
333125 90 0
333319 79 0
333368 98 0
333454 141 0
333867 98 0
334147 111 0
334223 93 0
334584 56 0
335004 71 0
335565 128 0
335643 113 0
336208 89 0
337095 75 1
337109 110 0
337151 140 0
337186 144 0
337195 127 0
337247 113 1
337502 112 0
337673 116 0
337886 117 0
338330 144 0
338384 101 0
339282 118 0
339745 96 0
340154 119 1
340165 131 1
340537 129 0
340733 92 0
340882 99 1
341157 89 0
341301 125 0
342007 111 11
342152 98 9
342243 147 10
342267 114 10
342278 124 10
342314 139 11
342695 64 4
342928 103 8
343114 96 9
343324 102 10
343695 84 11
344090 87 10
344125 131 10
344256 96 11
344351 105 8
344628 83 11
344827 100 13
344868 112 13
344907 113 8
345367 98 15
345420 110 17
345436 78 16
345554 62 8
346113 111 3
346449 105 8
346630 88 12
347142 112 8
347404 135 11
347733 103 3
347907 69 7
348988 76 12
349386 110 6
349754 123 4
351020 92 16
351090 74 9
351106 39 10
351247 142 20
351552 80 7
351584 84 8
352367 128 14
352590 128 11
352711 88 5
352950 119 11
353150 103 12
353364 128 11
353375 117 11
353469 113 9
353829 71 6
354303 91 11
354393 95 13
354765 126 8
355152 153 13
355902 106 16
356091 79 9
356285 106 16
356311 98 5
356364 100 4
356590 107 10
356631 88 6
356676 59 6
356898 111 11
356969 86 9
357097 86 10
357271 85 7
357912 68 5
357940 57 5
358067 78 8
358286 72 11
358439 83 4
358658 102 8
359159 94 5
359834 99 6
359895 80 3
360039 118 8
360257 104 11
360461 94 8
361342 129 12
361601 119 15
361885 97 3
361975 137 16
363062 104 13
364546 108 7
364726 105 10
364954 87 6
365375 58 3
365469 165 15
365713 90 7
366014 79 9
366186 95 10
366798 138 7
366900 88 13
366929 104 10
367092 89 6
367164 108 13
367299 83 7
367452 152 19
367506 107 12
367560 83 8
367608 101 9
367755 127 9
367803 125 8
367821 127 9
367838 106 8
367848 120 9
368166 126 18
368476 98 12
368713 91 13
369058 139 11
369091 138 12
369650 116 24
370061 89 29
370355 73 26
370470 76 24
370563 112 44
370582 90 34
370937 59 20
370958 60 17
370964 63 17
371057 81 24
371297 101 36
371774 76 17
371792 79 19
371897 81 19
371930 82 21
372066 80 12
372950 138 37
373334 78 29
373567 102 35
374112 98 25
374676 83 30
374802 93 36
374856 84 25
374892 65 16
375203 45 17
375308 38 17
375360 83 35
375490 69 18
375753 74 18
376120 76 26
376324 33 15
376333 5 31
376339 29 9
376439 65 27
376472 63 21
376646 65 16
376757 66 22
376811 94 33
376973 75 18
377334 105 37
377733 80 28
378146 100 39
378544 58 24
378737 71 29
379586 85 24
380034 73 29
380729 93 27
380791 89 26
380868 51 22
380959 76 22
381095 85 26
381247 59 15
381253 58 15
381267 57 14
381273 56 14
381396 84 36
381626 72 32
381661 88 37
381684 98 40
381919 103 31
382080 72 22
382131 72 25
382459 83 26
382476 76 25
382598 60 12
382699 80 28
383453 60 15
383519 90 22
383532 79 20
383555 92 28
383630 65 20
383801 66 26
384092 58 18
384272 77 32
384469 64 36
384690 74 36
384806 54 28
384816 72 26
385397 102 57
385476 89 32
385526 82 39
386418 43 146
386495 25 80
386507 15 61
386684 5 45
386822 3 24
386906 37 235
386927 33 246
386936 211 63
386948 36 140
387197 4 11
387278 6 5
387326 10 6
387337 9 6
387494 5 40
387497 5 31
387498 4 32
387553 5 13
387566 2 9
387587 7 13
387593 15 16
387715 74 39
387956 7 28
388048 63 28
388078 78 41
388099 84 40
388108 80 39
388252 57 86
388258 60 37
388281 67 26
388345 97 36
388438 93 31
388587 84 32
389158 78 19
389635 69 17
389656 91 22
389884 55 23
389918 73 25
389952 112 21
390237 71 22
390412 86 30
390557 93 25
390974 86 30
391518 86 35
391679 62 18
391815 107 36
391889 86 45
391914 93 37
391987 77 33
392042 63 27
392104 65 18
392475 74 21
392512 66 30
392553 99 33
392736 74 37
392895 95 37
392901 96 40
393213 74 27
393225 85 27
393303 65 21
393343 68 19
393375 104 35
393460 103 38
393468 109 41
393483 114 36
393582 87 34
394208 69 54
394285 69 51
394419 61 41
394459 81 48
394472 83 57
394481 87 64
394584 70 37
394972 81 133
396103 83 52
396114 74 50
396192 53 58
396789 98 59
396959 57 40
396988 63 44
397942 55 52
398165 58 41
398197 72 52
398394 57 50
398571 79 56
399197 81 40
399227 64 27
399400 77 64
400208 72 54
400443 58 48
400520 90 70
400574 68 53
400679 71 56
400742 79 59
400784 91 57
400903 94 67
401520 47 45
401526 44 46
402095 33 98
402484 34 71
403021 25 47
403174 40 77
403451 37 97
403463 31 99
403544 41 95
404049 38 91
404099 33 91
404224 36 83
404354 46 71
404768 54 72
405041 49 68
405451 68 85
405633 48 79
405714 45 62
406024 41 69
406450 48 66
406471 52 63
406483 46 71
406798 37 79
406812 38 83
406835 53 88
406885 39 59
406898 39 51
406906 31 37
406933 40 62
407014 48 70
407060 49 94
407082 49 97
407116 39 70
407132 42 84
407194 51 83
407356 44 81
407425 49 60
407440 41 55
407518 57 95
407575 60 93
409199 31 70
409292 56 66
409461 37 66
409571 58 76
409656 77 101
409665 71 84
409848 46 51
410134 49 65
410297 57 84
410358 48 74
410763 33 80
410791 36 74
410803 42 66
411170 43 74
411212 45 83
411310 42 72
411473 52 80
411557 69 81
411624 38 59
411701 35 52
412301 40 81
412922 37 66
412958 54 75
413360 48 83
413454 39 90
413460 43 101
413477 41 95
413489 43 96
413789 47 84
414446 58 71
414785 77 77
414965 44 55
415016 44 61
415151 49 66
415454 38 68
415466 36 64
415727 31 57
415751 41 61
415855 20 44
416410 47 58
416755 49 70
416802 43 73
417077 55 76
417108 45 64
417254 42 75
417631 41 53
417895 38 48
418508 41 64
418526 44 66
418743 54 83
419107 53 75
419456 61 92
419509 39 64
419699 51 68
419804 71 62
419917 38 52
419938 31 42
419963 34 51
420069 63 70
420074 62 74
420141 24 53
420344 32 44
420377 35 40
420397 47 50
420428 49 52
420450 42 53
420712 58 64
420754 68 68
420766 67 79
420776 61 77
420784 61 71
420878 45 70
420891 49 82
420910 47 72
420972 68 76
421028 62 75
421033 61 61
421121 56 54
421197 34 55
421214 46 65
421360 80 107
421443 67 65
421692 93 92
421869 48 64
421998 54 74
422087 40 53
422126 38 34
422455 47 53
422521 41 63
422537 47 66
422599 53 64
423150 67 75
423513 65 63
424065 55 55
424314 35 55
425315 76 96
432163 79 88
432211 61 68
432271 42 56
433059 51 69
433592 61 74
433728 59 70
433878 37 52
433941 46 51
433974 57 57
433982 61 65
434051 78 71
434071 71 57
434082 79 57
434122 79 58
434153 47 42
434358 31 88
434367 61 52
434369 17 94
434497 35 79
434515 32 77
434582 45 57
434594 44 59
439352 9 64
439365 13 69
439378 14 72
439479 33 72
439492 64 74
439515 14 125
439556 63 65
439588 40 77
439628 24 77
439667 46 66
439821 83 60
439845 32 87
439863 32 101
439925 11 88
439934 18 64
440001 16 60
440017 17 65
440045 24 89
440056 19 84
