1293 12 23
1323 18 16
1370 15 21
1406 26 25
1596 32 49
1612 34 63
1627 53 44
1640 63 53
1647 62 44
2046 37 63
2442 16 39
2604 10 10
2711 11 7
2717 7 7
5432 4 12
5743 4 10
6550 2 16
8236 26 23
8377 38 44
8600 31 32
8740 48 42
9057 47 49
9145 42 44
9286 40 36
11444 39 37
12140 45 53
12232 57 51
12318 45 54
12325 54 60
12491 56 33
12674 58 45
12746 44 53
12906 61 40
12983 43 49
13021 46 42
13228 54 46
13268 36 34
13379 38 48
13430 49 53
13438 48 50
13466 46 47
13557 23 21
13587 38 32
14217 32 38
14286 37 28
14328 65 46
14661 61 55
15250 44 37
15527 57 50
15737 41 54
16133 29 35
16162 30 38
16423 34 21
16489 34 41
16506 36 44
16551 21 33
16560 20 30
16575 24 33
16607 26 31
17058 49 53
17088 44 44
17244 52 57
17343 47 59
17631 42 55
17736 25 30
18638 38 55
18799 39 41
18804 37 39
18855 35 30
19099 44 44
19464 36 41
19742 38 53
19760 36 44
20042 46 47
20081 43 41
20746 34 33
21178 34 53
21348 40 43
22110 41 26
22736 28 34
22962 37 39
23063 47 46
23207 41 23
23908 56 36
23936 59 33
24167 27 36
24353 43 43
24542 50 45
24667 53 41
25116 29 48
25148 24 33
25164 25 31
25317 34 39
25396 21 34
25483 28 40
25811 41 49
26459 48 37
26694 42 48
27000 43 44
27028 45 39
27065 49 40
27127 44 38
27280 60 47
27397 62 35
27477 71 55
27562 35 36
27647 45 38
27669 48 48
27804 43 59
27910 52 59
27975 43 56
28157 58 39
28356 45 43
28369 50 48
28567 33 38
28580 30 32
28614 13 55
28887 51 46
31060 33 41
31156 52 49
31198 45 46
31297 49 27
31318 43 31
31531 44 34
31702 42 44
31755 32 34
31858 49 27
31928 61 56
32165 56 52
32398 46 43
32982 42 46
33305 50 39
33333 54 60
33431 31 45
34237 53 61
34890 36 42
34901 41 41
35215 46 46
35250 51 49
36236 35 42
37260 36 45
37658 36 49
37742 61 38
37892 34 24
39038 36 60
39250 41 53
39912 25 32
40417 37 41
40747 33 59
41038 30 47
41062 28 49
41180 29 46
41604 38 58
41815 29 49
42799 31 62
42820 33 69
42907 40 48
42947 39 63
43257 45 54
43274 37 50
43453 34 49
43552 29 43
43668 36 55
45068 80 13
45094 96 10
45263 62 10
45680 77 7
46039 64 5
46589 83 15
47358 103 10
47442 66 7
47877 85 10
48056 42 7
48342 24 1
48458 61 10
49115 74 5
49175 87 11
49237 74 6
49418 88 8
49484 69 18
49571 55 13
49635 54 10
49826 71 8
50117 61 11
50228 124 13
50342 35 5
50375 42 5
50385 48 5
50582 106 8
51065 52 4
51074 56 6
51351 95 13
51485 70 14
51596 62 2
51648 62 10
51695 82 14
51851 98 7
52077 89 5
52263 83 11
52610 53 13
52693 21 3
52736 34 4
52819 57 5
52874 61 8
52916 72 11
54068 80 11
54086 66 13
54154 85 14
54188 63 9
54209 63 4
54745 46 1
55320 82 9
55417 83 10
55491 63 13
55621 74 15
55635 79 19
56182 58 17
56202 63 10
56806 61 21
57243 48 12
57367 55 18
57796 55 16
58065 52 19
58618 61 19
59231 60 18
59804 52 31
59810 48 26
60140 63 16
60242 71 14
61216 79 13
61241 94 10
61268 88 10
61625 59 14
62171 55 14
63178 51 10
63351 89 27
64155 66 23
64257 60 14
64263 62 14
64296 75 17
64314 67 22
64509 48 9
64545 60 12
64686 64 17
64710 51 17
64860 55 25
65127 56 13
65544 65 13
65664 89 23
65712 90 19
65875 62 26
66224 66 30
66337 34 9
66392 42 17
66611 47 22
67061 53 25
67526 52 25
67757 66 19
67803 48 16
68116 69 21
68272 47 19
68619 96 27
68824 41 25
69022 64 37
69079 68 23
69091 62 18
69765 71 23
69994 66 21
70013 64 21
70619 66 19
71031 74 28
71115 54 18
71141 52 17
71811 78 27
72014 57 18
72070 78 21
72107 67 23
72126 81 30
72141 71 24
72173 65 23
72285 50 12
72352 42 12
72357 45 13
72413 44 21
72453 59 26
72472 56 19
72563 73 20
72661 58 15
73977 78 22
74111 57 22
74205 47 27
74364 53 22
75129 67 17
75736 76 27
75803 60 24
76058 39 15
76196 71 13
76483 38 12
76521 33 10
76813 61 24
77049 48 16
77077 57 11
77358 50 23
77397 47 26
78232 56 25
78693 52 18
78702 66 19
79111 52 15
79349 59 22
79683 47 23
79854 69 16
79923 53 17
80139 67 40
80155 59 39
80520 49 25
80621 66 21
81263 84 33
81295 66 26
81312 73 27
81385 60 15
81424 62 18
81487 49 29
81788 18 11
81833 39 0
81907 12 11
87461 18 0
87535 17 1
87794 49 0
87839 25 0
90264 67 15
90337 56 17
90493 76 19
90997 47 23
91527 76 23
91671 42 15
91687 43 15
91746 38 11
91809 42 17
92064 46 17
92753 61 18
92781 76 21
93001 94 27
93062 67 25
93154 52 12
93479 52 20
93505 66 24
94464 62 27
94569 45 23
94641 41 14
95274 67 28
96211 65 23
96338 61 28
96351 57 27
97233 66 27
97424 72 22
97561 55 21
97680 61 21
98247 31 26
99035 42 15
100271 46 20
100431 72 31
100646 67 45
100848 41 21
100973 55 26
101045 64 28
101146 46 19
101632 50 14
102022 42 9
102336 67 16
103232 73 7
103406 69 11
103472 53 7
104029 50 11
105223 44 13
105477 58 18
106079 52 15
107274 53 15
107936 79 13
108030 85 18
108093 71 23
108122 59 18
108492 56 14
108500 59 14
108930 50 13
109197 60 15
109839 59 13
109856 60 13
109906 76 9
109923 100 14
110002 82 15
110037 72 16
110060 45 14
110110 63 15
110498 46 8
110583 66 11
110631 57 9
110690 59 15
110815 60 11
110961 56 12
110973 67 13
110997 59 8
111016 60 8
111047 50 19
111123 51 10
111139 57 3
111203 64 6
111264 79 19
111286 100 24
111337 93 20
111384 95 22
111448 97 18
111459 60 13
111712 74 15
111725 75 14
111771 69 18
111820 72 19
111931 66 10
111983 82 16
111995 75 16
112036 66 13
112065 53 9
112168 55 10
112286 56 19
112311 64 17
112397 67 18
112442 79 13
112535 84 9
112588 73 12
112922 71 9
112932 63 8
113131 93 15
113239 63 12
113249 63 11
113386 57 9
113475 47 14
113766 51 17
113802 63 22
113834 53 15
113863 37 5
113980 60 24
114023 59 15
114039 62 18
114347 73 29
114388 68 12
115016 73 16
115124 59 20
115289 58 9
115691 33 9
115758 63 4
115868 46 10
116198 53 12
116731 71 18
117691 71 17
118683 78 11
118936 91 18
119275 82 11
119287 79 12
119344 39 12
119511 72 16
119933 56 12
120094 61 15
120759 52 14
120943 42 13
121144 66 13
121229 73 21
121328 47 13
121442 74 14
121489 58 17
121758 51 8
121877 53 15
121927 78 16
122036 88 15
122057 74 14
122078 64 10
122170 60 9
122900 66 10
122909 61 10
123896 63 19
124127 56 13
124386 34 3
124434 60 6
124458 62 6
125727 67 12
126018 49 7
127083 43 16
127091 42 16
127420 43 12
127471 55 17
127790 53 9
128134 66 21
128276 78 19
128282 68 13
128335 56 12
128348 35 11
128783 53 15
128828 78 13
130046 88 9
130478 71 11
131131 63 22
131377 53 7
131806 65 8
132142 58 15
132427 99 20
132586 62 7
132994 55 13
133302 72 9
133480 46 9
133782 70 16
134857 55 11
135808 91 7
136165 75 11
137629 72 10
137911 66 12
137932 63 9
138375 77 25
138618 66 22
138950 59 15
139257 45 8
139337 45 7
139361 35 8
139535 51 14
139614 55 8
139635 54 8
139686 63 14
139889 44 7
140019 69 14
140176 65 15
140290 74 19
140703 54 7
141292 42 10
141408 71 13
141451 54 11
141656 70 17
141690 67 13
142311 55 15
142373 56 12
143130 42 5
143509 60 14
143628 74 23
144742 75 15
144909 96 20
145692 77 8
146378 75 16
146464 79 12
154555 28 9
154588 9 14
155076 67 9
155293 58 12
156062 63 11
156219 47 7
156423 51 10
156533 51 11
156942 44 6
157059 69 18
157103 49 17
157470 63 14
157670 61 14
157903 33 8
158313 56 13
158327 69 14
158574 98 12
158725 58 19
158784 64 12
159100 36 6
159355 46 10
160341 70 15
160512 52 11
160705 59 14
160979 51 12
161711 77 12
162545 58 8
163219 93 18
164078 61 19
164490 45 21
165174 65 24
165191 65 24
165511 45 10
165684 64 27
166682 53 11
166925 55 13
167025 93 25
167286 52 23
167522 53 12
168419 48 12
168808 57 16
168848 46 14
169016 53 8
169073 57 12
169240 63 15
169283 45 12
169407 59 17
169474 69 12
169539 59 13
169700 61 23
169717 76 27
169723 81 29
169774 71 23
169940 58 20
170164 61 15
170194 69 10
170369 41 10
170408 45 7
170798 55 14
171118 53 19
171197 101 32
171234 80 24
171266 58 13
171395 65 20
171478 50 20
171575 69 17
171696 64 9
171796 60 18
172097 62 13
172207 46 15
172228 39 13
172243 54 11
172388 65 22
172430 56 15
172574 49 13
172796 54 14
173363 47 14
173419 53 21
174278 56 24
174969 48 10
175246 39 8
176713 49 9
176997 53 15
177839 62 14
178553 63 21
180176 53 13
180263 43 14
180309 39 15
180400 56 16
180975 42 21
181191 48 13
181505 51 27
182645 50 17
182694 58 18
182784 73 19
182919 32 12
183595 66 12
183956 57 10
184127 58 20
184233 62 21
184737 50 16
184884 70 8
185121 45 16
185859 55 20
185934 42 30
186177 39 17
186339 56 18
186609 76 20
186672 54 19
186733 51 14
186750 50 14
186859 64 21
186930 80 18
186954 67 13
187022 56 26
187173 52 9
187434 51 14
187671 51 19
188185 63 20
188265 56 15
188785 44 11
189074 51 12
189129 50 14
189260 59 11
189413 51 13
189537 65 13
189585 51 18
189903 34 12
190796 44 19
190841 69 16
190992 53 20
191295 42 13
191631 62 21
191676 60 22
191809 65 20
191952 46 17
192290 60 20
192457 63 21
192748 65 21
192766 75 23
193802 64 22
194168 54 16
194665 51 12
194820 55 15
194881 48 17
195626 58 22
195693 65 24
195848 37 5
196817 61 25
197576 68 17
197777 59 20
197830 74 28
197864 83 21
198029 60 20
198443 60 18
198509 67 23
198957 55 19
199190 71 18
199256 55 24
199279 68 23
199843 42 10
200410 66 15
200507 54 10
202993 78 6
203032 92 8
203087 59 9
203156 59 11
203296 70 10
203336 85 0
203426 84 11
203674 89 9
203691 75 11
203774 59 8
203813 70 8
204206 67 6
204941 69 10
204973 52 8
205202 68 14
205355 53 5
205400 62 10
205685 51 9
205776 46 12
205880 89 6
206132 69 9
206210 42 17
206225 49 19
206384 48 5
206495 60 14
206632 72 17
206768 54 9
207500 72 11
208996 80 8
210398 55 33
210422 47 22
210494 47 22
211020 59 48
211163 29 24
211458 14 9
211513 8 3
211589 38 19
211613 31 22
211948 38 26
212139 41 22
212292 58 44
212665 71 35
212905 39 25
213205 34 28
213264 26 16
213334 40 23
213973 29 20
214030 32 23
214346 35 26
214433 29 18
214651 50 26
214855 57 32
215477 48 31
215574 59 41
215592 61 39
215712 34 16
215836 59 49
216428 46 35
217042 38 35
217540 30 23
217645 39 39
217978 33 25
218266 51 34
218297 46 25
218762 52 45
218906 46 48
219002 35 47
219221 43 38
220058 53 43
220081 45 40
220364 38 45
220615 46 43
220658 46 29
221042 40 44
221048 36 39
221385 44 39
221432 40 33
221512 36 29
221823 43 26
221983 25 27
221989 22 28
222002 28 29
222059 34 32
222222 32 21
222283 47 26
222870 45 41
223410 33 43
223905 32 41
224094 38 34
224370 37 31
224454 31 34
224484 34 35
224828 43 47
224941 29 47
224946 32 49
225958 17 11
226374 36 24
226406 27 26
226630 33 25
226653 24 22
226737 38 29
226773 41 42
226901 46 48
227253 43 38
227262 46 44
227449 45 36
227788 28 20
227887 34 32
227892 33 33
227961 45 25
229244 33 16
229609 39 26
229803 22 24
229870 71 29
229908 48 20
230364 35 14
230581 51 24
231076 29 6
231359 50 4
231779 70 0
231890 72 0
232061 50 0
232766 40 0
233420 52 4
233930 70 5
233944 54 3
235168 58 5
235726 73 5
236048 79 8
237338 61 4
237416 67 6
237422 81 6
237446 62 1
238164 60 8
238196 79 10
238473 81 8
238517 71 4
238549 46 2
238738 80 6
240502 92 5
240508 110 6
240772 65 2
240784 60 2
241434 85 2
241485 85 5
241494 72 4
241851 73 5
241946 58 3
242114 69 5
242816 75 5
242933 75 3
243542 75 3
243554 73 2
243587 85 4
244257 24 0
244656 89 5
244686 70 4
244691 73 4
244992 68 8
245502 91 6
245577 77 2
245754 54 6
246055 74 5
246267 61 3
246378 82 4
246417 66 3
246828 83 5
246840 102 5
247035 65 4
247073 81 5
247151 69 2
247238 63 6
247405 82 6
247524 61 4
247643 81 7
247945 71 7
248138 70 3
248355 103 7
248577 74 5
248592 76 4
248907 66 7
249589 66 3
249663 76 4
249823 72 6
250294 88 6
251071 49 4
251241 88 8
251665 56 4
251996 59 5
253066 81 5
253688 85 7
254012 69 10
254168 68 8
254654 78 6
254758 69 11
255154 80 5
255924 83 0
256458 89 0
256690 82 0
257143 83 0
257418 74 0
257634 107 2
258522 57 11
258792 55 16
259140 70 22
259274 88 27
259335 74 28
259464 44 31
259809 35 40
260019 33 51
260049 43 52
260178 30 55
260455 40 27
260523 36 31
260590 47 39
260622 42 43
260658 43 53
261094 50 41
261232 39 42
261239 37 42
261337 46 55
261374 30 44
261467 36 38
261718 12 21
262157 43 43
262683 61 33
263517 47 35
263706 46 39
264131 50 31
264360 59 43
264541 48 40
264583 40 44
264696 52 31
264773 43 28
264803 62 26
265960 34 45
266173 58 63
266366 21 35
266374 32 39
267453 26 27
267756 39 38
267780 42 43
267842 31 33
268622 39 40
268833 42 49
268840 42 54
268985 41 43
269145 46 48
269189 61 50
269335 43 48
269936 53 41
270389 13 51
270464 12 15
270623 6 10
270655 10 4
270698 7 4
270716 5 9
270755 22 17
270791 14 31
270950 3 18
270982 10 8
270991 6 13
271025 8 10
271043 7 20
271097 6 30
271227 27 27
271412 41 26
271970 56 39
272081 20 9
272318 3 21
272501 49 31
272657 44 31
272893 41 33
273160 33 29
273582 47 37
273699 45 38
273868 34 34
273950 52 41
274100 48 36
274112 52 39
274131 43 29
274221 40 35
274304 62 43
274667 62 36
275013 33 30
275274 35 35
275287 40 35
275330 28 11
275456 59 39
275503 46 50
275665 40 22
275720 29 24
275828 49 27
275872 68 49
275877 62 49
276008 20 24
276141 53 35
276182 39 30
276189 45 28
276354 52 49
276429 36 35
276489 38 31
277120 44 40
277522 46 46
277568 43 45
277838 41 43
277901 52 42
278609 50 36
278801 62 56
278903 66 48
279083 74 39
279144 67 51
279662 49 23
279773 61 41
279800 47 45
279863 38 38
279932 44 32
280757 43 32
280835 45 26
280877 50 35
280910 62 48
280937 59 36
281014 40 39
281178 45 45
281224 33 25
281460 38 28
282211 56 35
282243 54 38
283146 46 42
283818 59 27
284739 47 26
284864 40 26
284904 37 26
285225 58 32
286542 48 41
286698 36 48
287021 42 43
288039 59 41
288168 46 40
288237 44 42
288867 42 34
288963 41 44
288980 46 46
289179 44 41
289627 67 36
290154 39 37
290323 50 39
290431 33 38
290771 43 40
290807 44 28
291303 65 26
291334 56 31
291641 66 27
291771 42 34
292142 45 30
292181 46 39
292195 52 39
292236 44 36
292681 37 35
292689 33 41
292770 51 32
292799 47 38
292997 49 26
293009 42 24
293178 48 48
294216 43 32
294505 43 23
294525 40 20
294760 65 30
295216 40 48
295290 37 31
295339 53 55
295353 52 56
296895 32 21
296907 37 24
296979 52 31
297063 44 45
297125 37 31
297166 44 36
297178 45 35
297260 35 37
297274 31 35
297803 22 35
297842 18 42
297957 11 31
297989 4 34
297999 6 43
298085 7 44
298122 6 26
298220 30 31
298269 24 58
298372 27 23
298510 38 39
298519 35 40
298546 36 34
298730 36 33
298744 36 42
298857 12 25
305316 27 38
305362 30 35
305386 40 35
305419 36 46
305482 34 33
305540 41 35
305632 44 37
305711 58 28
305767 41 23
305778 35 22
306050 43 24
306072 39 22
306596 44 29
306733 52 35
306758 54 34
306818 64 36
306830 55 28
307151 54 29
307475 57 28
307766 51 43
307912 53 49
308218 43 33
308558 48 42
308824 49 31
308840 52 26
308855 55 30
308903 52 23
309048 47 30
309082 42 23
309156 40 44
309344 38 38
309547 42 22
310041 49 48
310183 40 28
310200 40 21
310229 35 18
310580 51 42
310660 53 39
310826 55 35
310903 49 45
310922 54 38
311020 47 19
311166 49 37
311289 37 31
311564 32 33
311597 37 31
311692 66 41
311788 29 17
311960 52 24
312318 51 38
312648 53 39
312726 34 23
312745 26 22
312795 25 30
313025 6 7
313190 7 6
314093 2 14
314289 3 17
315066 4 29
315347 10 33
315838 5 30
315941 4 35
315947 10 36
316117 48 29
316157 59 30
316167 9 66
316229 8 21
316324 26 42
316812 5 36
316824 5 38
317224 11 19
317622 4 8
