398 8 22
452 6 25
710 5 21
864 19 40
977 8 23
982 6 22
990 6 22
1094 11 34
1142 73 39
1171 71 31
1189 50 32
1265 13 15
1336 19 51
1350 30 63
1355 30 65
1356 38 61
1377 31 80
1389 26 72
1493 45 29
1549 7 59
1578 13 29
1602 9 49
1628 12 31
1633 11 30
1650 12 21
1774 3 20
1786 6 16
1808 3 16
1814 3 17
1837 8 14
1850 7 15
1916 7 10
2666 3 21
2877 29 22
2884 31 21
2950 24 16
2977 18 21
3070 63 26
3147 69 15
3170 60 20
3210 77 23
3312 59 31
3470 65 31
3613 73 35
3632 58 30
3729 66 30
3764 59 37
3859 69 26
3892 52 19
3996 54 26
4012 59 25
4017 58 25
4194 66 33
4235 68 28
4246 67 21
4253 60 20
4268 61 22
4414 91 25
4501 58 25
4683 50 29
4728 78 30
5462 104 30
5484 94 34
5745 66 21
5759 65 22
6592 40 15
8072 70 25
8229 62 30
8449 70 22
8619 83 43
8827 97 37
9575 59 23
9800 61 24
10304 72 26
10572 65 18
10938 44 29
11018 45 26
11044 68 29
11075 71 31
11090 61 25
11200 62 20
11217 53 14
11309 34 33
11393 65 26
11421 60 22
11446 66 15
11455 68 14
11497 57 32
11504 54 29
11543 49 30
11573 64 19
11720 40 17
12279 75 23
12878 44 31
12896 27 23
12932 33 30
12977 51 34
13473 68 25
13522 60 20
13642 64 23
13795 61 33
13950 55 27
14376 68 27
15000 47 17
15758 38 15
15883 82 26
16192 55 29
16295 40 33
16788 4 7
16887 9 6
17491 48 27
17906 54 33
17984 35 31
18107 32 24
18218 43 29
18650 59 39
18798 45 29
18941 57 34
19514 54 29
19728 61 34
19786 82 44
19859 41 23
19886 36 29
19930 64 37
20151 49 36
20388 33 23
20548 57 18
20934 42 31
21109 66 39
21124 66 38
21434 57 25
21503 39 24
21736 52 36
21833 54 24
22280 62 29
22347 58 26
22587 90 38
23509 67 34
23821 90 45
23991 45 17
24160 51 31
24619 41 19
25207 70 25
25213 67 24
25333 64 23
26316 52 31
26386 50 33
26409 58 28
26530 22 14
27535 49 23
28204 43 18
28326 59 29
28923 50 23
28939 64 32
29139 54 28
29260 48 26
29577 70 34
30126 57 23
30198 57 21
30681 34 23
30812 90 31
30961 49 16
31577 65 26
31764 82 34
31845 59 36
31866 59 25
31969 55 27
32226 42 17
32389 43 21
32407 49 23
32424 45 24
32435 46 20
32497 59 19
33143 66 20
34162 78 32
34302 71 21
35167 53 20
35446 81 23
35714 52 35
36436 58 27
36497 58 30
36708 72 28
37204 57 30
37277 74 25
37535 83 45
37561 94 40
37955 75 31
37995 69 26
38171 86 36
38309 46 19
39033 86 22
39178 71 28
39402 72 29
39717 75 21
40088 70 25
40116 63 25
40416 82 18
40599 75 30
40728 66 17
40734 70 15
40812 46 16
41025 97 40
41372 99 25
41595 65 29
41789 75 32
41867 61 25
41946 59 14
42978 51 14
43964 47 7
44406 48 23
45720 34 36
45729 27 31
45774 18 28
45792 9 15
45807 4 14
45864 9 32
46196 63 31
46306 66 23
46425 67 19
46455 71 22
46530 75 23
46741 59 22
46904 70 34
47413 64 17
49568 70 21
50090 64 24
50098 67 22
50213 58 16
50574 70 21
50588 82 20
50646 88 12
50669 71 11
50824 74 14
50849 67 13
50871 66 15
51045 82 29
51100 73 28
51600 29 15
51725 48 17
51756 35 15
51765 34 14
51782 45 18
52112 47 16
52223 93 19
52518 79 23
52956 82 22
53410 82 22
53652 46 21
53691 62 24
53723 62 20
53804 71 29
53887 38 10
53919 51 23
54381 43 18
54520 77 17
54776 87 18
54954 69 17
55116 62 26
55539 107 29
55927 96 5
56033 70 6
56059 79 5
56211 109 10
57065 68 5
57144 61 5
57910 68 9
57918 63 8
57933 85 15
57992 80 16
58129 58 7
58350 87 19
58536 53 13
58626 58 31
58698 68 18
59120 60 20
59157 51 18
59174 50 16
59315 68 23
59336 74 18
59348 81 29
59550 64 17
59641 67 21
59745 71 14
59871 74 17
60042 67 10
60128 83 18
60294 66 16
60438 64 26
60620 58 15
60762 65 18
60780 63 17
61191 69 20
61219 54 20
61293 41 12
62042 67 24
62947 52 20
63197 39 12
63213 43 12
63791 73 24
64171 60 29
64196 55 25
64365 49 24
64484 61 26
64633 59 20
64684 52 22
64826 55 27
65119 49 23
65131 60 25
65485 60 28
65948 62 35
66213 60 23
66549 57 29
66663 58 24
66669 52 19
66823 57 28
67264 34 13
67332 42 22
67699 57 24
67705 61 24
68175 68 36
68676 54 32
68707 68 43
68716 61 27
68818 50 21
68944 63 28
69048 73 31
69078 47 25
69432 74 30
69507 38 21
69633 80 29
69658 70 28
69693 53 15
69698 51 18
69722 45 17
69746 39 13
69752 38 14
69779 44 14
70427 66 19
70467 54 23
70684 62 21
70932 47 36
71055 55 28
72107 82 32
72245 78 21
72433 64 32
74451 67 37
74987 66 22
75321 52 26
75364 60 46
75402 83 49
75891 53 26
75913 42 25
76020 64 31
76275 66 27
76491 66 26
76750 79 33
76878 59 25
78705 46 18
78786 56 26
79087 53 24
79145 79 31
79168 69 27
79224 55 12
79242 51 12
79589 28 26
79616 39 24
79700 72 36
80191 47 17
80725 67 18
80906 59 14
81061 65 30
81185 58 21
81193 61 19
81346 67 23
81386 64 14
81401 64 12
81426 49 15
81455 50 20
81481 51 22
81625 85 31
81652 56 28
81715 48 17
83447 40 20
83521 63 22
83922 63 32
83947 62 28
83992 69 28
84018 61 24
84213 67 33
84234 78 32
84299 70 24
84473 76 35
84486 71 26
84802 81 35
85173 74 24
85829 45 17
86582 69 19
86814 80 22
86867 81 26
87060 60 19
87083 49 16
87361 75 15
87372 80 17
87388 69 20
87632 41 29
87739 61 19
87746 54 20
88121 53 21
88284 81 36
88430 72 20
88591 65 27
89561 50 21
89734 44 28
89881 63 18
90130 56 20
90154 60 25
90196 52 26
90217 53 26
90520 56 25
90562 53 23
90589 64 16
90728 51 23
90790 48 29
90814 59 33
91674 65 30
91949 53 25
92064 51 18
92175 51 17
92299 48 23
92529 62 30
92625 49 27
92942 71 27
93072 57 24
93207 64 17
93707 13 6
94401 80 38
94885 100 27
95370 64 35
95387 63 35
95514 44 26
95522 50 22
95666 61 31
95703 52 27
95796 51 28
96164 57 33
96518 50 32
96845 39 24
96955 59 16
97064 49 19
97097 51 22
97193 50 25
97244 69 24
97271 72 19
97775 76 34
98238 64 17
98261 67 23
98268 60 22
98420 62 31
98540 59 23
98822 56 16
99088 54 20
99207 50 31
99238 64 31
99266 62 30
99294 69 30
99387 36 20
99418 45 22
99543 61 30
99969 45 20
100288 61 19
100481 44 30
100502 45 30
100606 39 30
100665 40 13
101085 45 18
101337 66 28
101653 65 37
101691 50 36
101699 50 35
101841 64 24
102073 53 21
102079 52 18
103053 58 30
103149 60 20
103461 65 20
103594 58 18
103932 51 22
103956 50 24
103983 45 23
104088 58 30
104342 45 20
104486 84 27
104593 56 20
105045 52 40
105069 49 50
105756 30 32
105830 52 34
106024 45 44
106342 30 33
106349 31 35
106829 37 32
106853 46 31
106874 41 34
107060 39 35
107119 51 35
107676 27 31
107875 27 28
107901 17 23
108123 36 48
108413 39 39
108488 56 38
108857 39 48
108896 40 29
108941 50 31
108969 52 47
109031 41 52
109256 31 38
109346 57 33
109979 28 24
110069 36 29
110432 41 36
111287 42 25
111293 44 24
111671 52 29
112140 47 38
112167 37 44
112287 32 34
112348 48 38
112429 42 36
112845 37 44
112928 45 57
113208 46 52
113283 48 39
113721 58 46
113763 50 53
114433 45 29
114447 58 39
114705 33 36
114985 45 43
115022 38 50
115145 44 22
115254 39 30
115443 58 36
115772 47 39
115867 42 22
116010 53 52
116398 46 47
116603 43 28
116621 45 31
116962 31 28
117001 42 31
117202 35 26
117457 45 37
117736 50 45
117769 53 39
118285 33 45
118821 34 33
118839 36 38
118869 40 38
119034 63 47
119522 52 50
120946 35 53
121153 32 43
121660 36 62
121942 34 43
121978 29 43
122448 46 28
123575 40 48
123707 28 30
123811 44 53
124004 36 26
124092 40 35
125300 36 34
125609 33 35
125645 29 35
125744 45 50
126270 41 36
126410 39 27
126526 21 54
126644 35 35
126891 39 41
127051 34 31
128022 51 19
128386 39 33
128460 40 26
128892 32 37
130556 26 20
130697 60 41
130706 51 35
130750 47 35
131075 62 38
131306 44 39
131432 41 29
131462 50 30
131531 55 30
131563 51 28
131698 45 26
131814 40 23
132109 34 38
132162 44 26
132423 57 27
132471 58 26
133053 39 30
133948 23 32
134125 30 27
134131 24 21
134255 28 24
134354 32 23
134403 36 20
134826 52 43
135018 31 23
136031 51 23
136410 31 34
136529 64 51
136604 50 36
136855 42 40
137002 45 24
137475 46 27
137614 45 47
137958 48 29
139642 38 27
139945 34 26
139975 40 25
140458 59 40
140515 50 33
141339 57 30
141354 62 38
142292 64 36
142304 64 38
142310 65 35
142316 59 27
142374 58 27
142397 54 28
143288 51 32
143300 51 33
143312 59 24
143556 55 32
144013 47 44
144341 48 19
144605 55 26
144677 25 24
145255 54 27
145350 40 23
145704 43 32
145943 45 30
146918 23 55
147012 19 52
148144 30 62
148291 18 46
150012 28 63
150019 27 57
150271 28 48
150397 25 68
150765 23 76
151222 21 69
151291 22 54
151390 17 55
151429 11 54
151579 29 78
152143 21 60
152719 19 40
152793 27 59
153217 23 60
153238 26 56
153298 28 48
153538 32 51
154498 22 51
154615 23 53
155119 26 54
155509 14 28
155680 21 50
155724 35 51
155842 18 28
155932 19 39
155968 18 34
156673 27 49
156730 18 37
156745 19 36
157005 16 44
157125 22 50
157282 26 33
157294 29 40
157692 25 41
158082 25 44
158272 27 53
158489 35 59
158504 32 58
158540 24 39
158713 38 48
158778 26 41
158838 35 63
158849 29 52
158856 25 42
158866 32 44
159014 23 33
159300 30 28
159885 12 36
160036 28 47
160046 26 49
160254 28 62
160300 27 71
160743 16 65
161050 21 51
161110 29 45
161922 29 40
161940 26 46
162254 25 42
162459 24 54
163013 37 51
163368 31 51
163377 23 47
163395 22 52
163428 21 50
163641 28 45
163764 15 30
163782 17 44
163793 18 49
164759 17 42
165266 33 52
165944 28 53
166551 27 54
166792 21 52
166821 26 62
166860 27 38
167584 36 74
168756 20 56
168774 24 46
168886 26 63
169347 29 64
169692 10 35
170448 25 39
170484 33 52
170771 18 45
171947 30 36
172767 30 40
173094 35 45
173716 39 27
173900 20 29
174169 29 16
174286 20 25
174388 41 49
174598 10 38
174694 36 39
175262 24 57
175462 24 39
175477 28 43
175525 30 46
175582 20 43
176289 22 51
176450 25 45
176521 20 32
176834 28 37
176894 28 49
177287 32 53
177752 20 39
178111 32 45
178461 32 62
178474 24 56
178636 30 70
178776 11 62
178859 24 68
179018 14 40
179245 16 51
179286 20 52
179337 22 62
179349 28 57
179541 16 62
180204 17 54
180220 16 47
180321 18 40
180468 20 50
180580 9 47
181513 19 41
181544 23 43
181590 24 43
181629 23 47
182384 8 29
182853 17 53
183170 17 46
183245 20 55
183293 26 46
184242 23 52
184344 17 50
184423 26 58
184524 17 46
184566 18 51
184785 20 51
184929 17 41
185526 22 60
185583 16 41
185628 12 39
185676 14 31
185895 20 47
186482 39 78
186579 26 56
186681 25 43
186824 27 70
187221 23 63
187314 23 47
187368 24 59
187628 18 42
187742 24 71
187994 22 51
188259 27 43
188299 21 46
189641 19 53
189665 16 45
189737 14 39
189773 14 27
190289 15 41
190637 19 42
190880 14 51
190982 17 50
191543 26 36
191594 22 48
191803 12 51
191822 12 36
191841 15 44
191849 14 41
191976 18 39
192364 20 50
192380 24 50
192559 19 66
192568 14 47
192679 23 72
192700 28 61
192732 32 72
192754 24 68
192767 20 66
192779 18 72
193766 27 60
194756 18 42
194891 20 78
195278 24 49
196007 23 69
196376 23 48
196607 32 71
196676 10 39
196811 24 47
199461 22 46
200375 28 42
200518 26 43
200917 13 41
201019 30 55
201216 25 44
201642 19 64
201754 19 42
202201 14 19
202336 19 41
202411 22 9
202419 22 13
202427 22 16
202490 13 33
202547 20 29
202581 26 36
202614 28 47
202777 12 31
202854 17 52
202990 16 53
203172 28 58
203320 23 40
203364 25 31
203432 28 49
203531 29 62
203565 26 50
203602 24 60
203670 22 44
203787 25 58
203844 21 36
204285 26 44
205857 19 49
206763 26 32
207264 18 41
208137 30 40
208392 25 40
208560 34 55
208635 28 43
209616 27 62
210455 17 20
210803 23 42
210829 18 49
211717 15 39
211815 15 30
211976 7 21
211997 10 12
212016 20 28
212086 4 28
212153 12 11
212370 33 26
212650 30 43
213079 29 44
213238 37 42
214216 19 31
215796 18 49
215950 17 34
216408 16 44
216976 20 46
217098 32 53
217192 28 43
217286 30 29
217447 37 68
218090 18 51
218211 24 38
218621 19 58
218657 24 63
219247 34 62
219915 24 57
219987 26 41
220005 22 36
220632 32 52
220955 21 48
221013 20 56
221265 23 57
221615 32 50
221799 23 48
222919 25 63
224351 36 46
225601 27 51
226445 28 45
226556 29 29
226662 17 34
226672 15 34
226809 26 50
227162 24 37
227414 7 25
227600 8 51
227606 8 55
227627 11 46
228029 11 36
228628 23 50
228908 25 46
229049 22 56
229070 26 51
229828 24 53
229921 27 69
230195 25 70
230425 26 57
230693 18 56
230717 21 46
230932 21 44
231057 16 42
231161 24 40
231778 24 43
231873 20 40
232129 24 46
232309 35 46
232603 22 53
232666 41 56
232705 33 45
232730 43 67
233272 21 39
233447 26 33
233498 33 57
233620 17 25
233629 14 31
233646 14 34
234412 20 50
234919 22 44
235106 18 65
235541 28 48
236039 37 57
236573 18 59
236804 24 46
237053 24 46
237101 22 45
237362 25 47
237383 25 45
237467 25 51
237502 15 45
237773 14 49
237902 22 37
238444 18 42
238553 20 47
239136 19 46
239163 28 55
239553 24 42
239685 28 43
239722 24 35
239811 16 38
239826 15 33
240177 22 45
240702 21 60
241142 15 47
241450 19 31
241464 25 43
241519 27 43
241704 23 66
242461 24 49
242773 24 56
242896 17 35
243097 21 54
243952 16 37
244010 23 41
244228 36 63
244617 22 37
244902 27 43
245415 16 35
245441 15 54
246194 24 40
246442 24 35
248496 14 48
248908 24 51
249025 20 52
249055 19 49
249823 23 59
250159 13 60
250952 13 45
251133 18 40
251478 25 66
252445 33 40
253439 35 42
253590 21 35
253854 30 52
253986 17 38
254043 11 28
254590 22 62
254670 17 55
254742 16 44
254761 23 46
254827 19 39
255116 23 42
255657 33 50
255987 19 47
256189 21 41
256737 17 44
256760 20 53
257067 29 65
257121 30 67
257163 24 57
257823 28 61
258265 28 34
258532 26 36
258548 20 38
258586 25 50
258625 23 46
258652 31 38
258704 33 48
258925 34 57
259037 26 47
259921 30 65
260719 22 34
260990 31 49
261295 20 52
261688 23 53
261921 19 36
263027 25 61
263327 21 47
263685 26 45
263836 11 30
264961 12 39
264989 10 37
265311 30 56
265523 14 36
265554 18 35
265566 16 38
265944 25 36
266025 27 57
266081 23 40
266208 24 59
266270 17 48
266276 15 43
266334 16 39
266457 17 32
266723 12 44
267969 24 43
268077 29 39
268238 30 49
268251 30 44
268267 32 49
268272 34 50
268635 24 58
268820 18 42
268887 21 44
268943 26 40
269014 14 33
269428 18 33
269926 23 46
270567 17 41
270616 14 27
270712 17 41
270946 26 48
270994 20 51
271165 25 46
271195 31 60
271207 32 65
271558 16 43
271918 22 61
272497 19 36
272695 25 30
272755 17 43
272872 14 27
273298 14 42
273391 19 48
273708 19 43
274206 24 54
274279 24 40
274404 25 51
274603 23 44
274651 32 67
274673 34 60
275041 26 45
275095 25 41
275128 22 46
275170 15 50
275254 18 48
275263 17 48
275548 23 35
275590 26 50
275851 18 47
276094 16 45
276210 26 58
276221 23 49
276283 24 51
276292 21 45
276339 21 50
276502 23 41
276704 23 44
276809 23 52
276830 21 47
277118 17 40
277874 24 60
278204 23 56
278564 21 46
279329 21 46
279706 21 46
279760 20 42
279870 11 38
280230 20 51
280431 24 61
280840 18 46
280884 12 39
281055 18 35
281370 17 44
281547 17 40
281601 23 52
282389 15 43
282683 18 61
283119 22 41
284279 32 44
284447 23 37
284541 19 43
284584 19 48
285042 19 34
285133 12 29
285437 15 31
285531 17 31
285759 19 36
285891 9 41
285897 10 39
286369 16 37
286396 11 26
286975 16 45
287071 18 43
287125 22 59
287293 31 54
288085 23 42
288124 27 64
288133 31 64
288289 34 52
289032 23 32
289051 23 31
289151 20 61
289820 62 33
291118 40 39
291233 40 27
291269 37 25
291274 37 25
291284 35 24
291301 44 22
291382 47 28
291541 52 24
291572 39 25
291675 30 22
291746 49 25
291755 53 26
291813 34 17
291853 45 30
292955 42 17
293486 32 18
293927 31 17
293963 27 12
294053 42 19
294179 40 18
294233 43 33
294521 39 20
294574 43 14
294898 40 23
295055 45 20
295061 48 22
295324 37 24
295598 43 24
295634 44 21
295685 45 20
297461 28 15
297748 45 21
297935 51 23
298114 44 22
298147 41 25
298406 47 14
298735 40 26
299143 40 13
299299 43 11
299343 33 15
300568 52 18
300781 50 22
301785 37 46
301966 29 20
301986 46 29
302498 29 10
302626 41 14
302636 45 15
302642 48 17
302678 38 19
303222 42 26
303344 38 27
303424 47 24
303546 46 24
304092 41 31
304409 39 18
304751 28 32
305092 48 39
305530 32 28
305653 46 36
306274 39 21
306290 47 25
307088 45 25
307134 45 21
307148 34 30
307209 39 35
307458 52 29
307495 51 22
307512 53 27
307546 37 27
307579 29 27
307596 35 25
307779 58 31
308404 44 43
308808 56 40
309954 71 19
310273 63 18
310440 45 7
310488 59 18
310569 50 14
310617 39 11
310701 50 17
310752 40 14
311366 34 9
311526 53 13
311655 49 16
312008 59 10
312035 56 8
312041 47 7
312140 37 11
312810 49 11
313047 66 18
313115 33 6
313185 41 13
313269 48 14
313446 36 16
313684 23 9
313742 24 17
313771 30 12
313808 20 5
314100 42 13
314723 36 6
315152 49 12
315236 64 9
315338 53 15
315554 42 13
315665 57 14
315701 66 20
315914 55 20
316165 69 20
316568 54 17
316711 60 13
316775 74 13
317345 48 14
317873 40 11
318092 52 10
318098 43 8
318116 39 7
318130 37 6
318311 57 17
318800 46 16
318842 43 10
319007 27 6
319124 56 15
319442 47 18
319529 54 10
319978 58 9
320479 61 15
320501 65 15
320527 50 16
320551 62 20
320718 57 13
320818 49 10
320917 50 6
320947 37 6
321200 36 9
321254 30 7
321283 27 4
321333 26 9
321350 21 10
321362 17 7
321379 14 5
321407 11 3
321429 15 4
321468 23 9
321710 26 11
321892 48 16
321906 48 15
321947 66 15
322075 39 7
322183 45 9
323083 50 11
323200 57 18
323341 38 7
323490 64 11
324359 44 15
324479 47 15
324620 35 6
326503 48 10
326669 59 12
326885 53 11
327110 48 12
327544 49 10
327655 51 13
327756 50 13
328294 44 9
328449 57 22
328879 47 11
329076 59 15
330199 54 7
330343 59 10
330620 64 16
330978 59 11
330993 61 16
331125 55 18
331260 35 9
331401 71 22
331440 64 18
332283 42 13
332737 47 12
333266 37 13
333276 37 14
333331 51 18
333376 64 21
333589 46 9
333693 48 15
333976 32 14
334868 42 21
335003 41 23
335051 24 24
335796 36 16
335848 44 21
336982 58 29
337013 63 32
337091 44 19
337761 53 20
337771 78 27
338025 33 22
338063 33 18
338092 53 20
338272 34 18
338500 27 14
338776 50 21
338788 67 25
339097 35 16
339175 47 25
339400 40 18
339708 44 23
339908 33 27
339948 47 26
340336 42 13
340364 47 14
340420 51 24
340432 51 24
340449 58 22
340478 61 21
340593 35 17
340777 49 17
341081 49 21
341086 48 20
341112 44 20
341252 36 18
342113 27 19
342385 50 19
342399 55 16
342926 63 14
343015 55 33
343039 61 34
343447 32 20
343772 17 15
343813 20 24
343826 27 22
343868 26 16
343985 35 14
344227 41 10
345131 61 30
345143 59 29
345273 34 20
345600 50 14
346077 47 20
346283 35 26
346657 45 25
347856 46 25
348165 45 16
348555 40 20
348618 31 26
348634 45 23
348669 41 18
349041 43 21
349080 47 24
349123 41 21
349158 33 13
349584 48 22
349892 39 15
349984 40 18
350009 39 22
350148 42 19
350367 36 12
350769 27 17
351196 31 20
351508 39 15
351568 44 13
351781 47 29
352654 49 22
353281 42 24
353314 42 21
353320 43 21
353572 55 20
353614 46 20
353650 35 19
353758 34 22
354143 35 26
354453 63 30
354853 53 25
356079 51 26
356300 34 13
356324 36 13
356451 20 11
356701 22 14
357227 36 12
357305 20 13
358507 52 24
358590 53 25
358612 37 27
358685 37 22
359003 46 22
359074 34 18
359220 23 18
359389 43 20
359685 39 21
359740 31 16
359777 30 19
359970 35 14
360677 37 9
360839 45 7
361591 40 15
362447 41 12
362465 42 13
362513 57 8
362618 46 8
363031 57 12
363771 39 8
364467 52 5
364955 51 9
365237 62 9
365261 67 12
365309 71 17
365333 63 15
365432 37 10
366384 35 5
366564 55 9
367078 42 12
367086 42 11
367140 56 13
367614 49 11
367729 48 13
367794 59 23
368142 47 13
368230 45 8
368391 34 7
368413 32 6
368753 19 1
369663 35 6
371369 39 15
371526 40 11
371716 46 10
371730 42 9
371873 37 7
371900 44 12
372548 29 8
372796 48 5
372872 45 8
372878 46 8
372905 52 13
372914 54 14
374175 64 7
374476 64 9
374593 72 8
374599 72 8
374619 60 5
374870 45 1
374976 53 6
375097 44 6
375189 58 6
375285 51 6
375463 49 4
375805 44 10
375907 46 11
375973 50 9
376003 54 6
376053 38 6
376640 64 10
376699 72 7
376823 47 4
376868 50 4
377603 40 5
378163 35 7
378278 75 6
378389 61 9
380260 73 2
380824 59 9
380967 50 10
381217 38 8
381339 58 4
381668 65 5
382003 50 5
382021 52 6
382320 69 5
382819 56 11
383590 34 19
383597 6 42
383638 5 20
383996 18 6
384042 36 10
384226 4 11
386857 25 11
386954 28 7
387010 32 8
387020 36 9
387164 37 5
387179 29 4
387194 17 1
387254 16 1
387269 29 5
387284 56 6
388310 33 2
388327 32 3
388667 52 9
388712 53 7
388840 41 7
389008 49 4
389258 46 10
389500 52 7
389552 51 4
390727 39 5
390991 25 5
391469 60 6
391806 68 7
392291 55 7
392349 73 8
392502 61 5
392671 48 8
392834 57 7
392841 55 1
392940 44 7
392973 46 4
393292 59 0
394382 24 6
394643 57 5
394888 72 11
395028 27 8
395527 56 9
395823 48 6
396356 54 6
396598 59 7
396619 72 9
396640 81 9
396812 41 4
396844 42 7
396982 65 6
397057 52 4
397135 49 6
397640 63 4
397729 46 4
397990 67 7
398216 65 7
399595 39 3
399932 64 7
400928 65 6
400956 62 5
401226 56 11
401693 50 8
402159 53 4
402456 57 4
403164 68 13
403895 67 5
403955 59 8
403985 51 6
404309 39 3
404537 49 4
404553 68 3
404717 66 4
404921 45 6
405320 57 3
405502 55 5
405940 63 7
406729 49 6
406955 63 5
406963 63 5
407144 56 3
407206 44 9
407515 35 7
407623 27 5
407743 44 6
407868 58 7
408325 60 1
409108 49 8
409298 48 8
409312 50 8
409674 59 4
410166 36 3
410231 46 3
410461 17 4
410513 31 2
410633 42 4
411268 36 6
411381 44 4
411673 43 7
411700 42 4
411782 40 2
411940 45 10
412347 55 10
412405 51 7
412549 60 5
412600 40 7
413203 25 1
413312 57 7
413487 47 1
414129 39 6
414348 48 4
414903 49 4
415698 57 9
418568 60 4
419473 67 6
419610 68 6
419642 68 9
421126 40 4
422152 43 7
422683 61 5
422719 48 5
423201 38 5
423634 60 7
423646 61 5
423721 48 8
424271 38 9
424719 45 10
424780 74 7
424839 71 7
425003 66 5
425072 52 6
425539 36 3
425656 61 6
425953 49 2
426032 61 7
426078 53 8
426091 41 7
426112 40 6
426142 39 5
426185 42 7
426348 51 4
426402 46 5
426598 55 8
427991 54 5
428182 74 15
428204 73 12
428366 39 7
428511 60 7
428589 49 5
428604 47 6
429774 33 3
430655 48 7
430977 58 7
430996 56 6
431057 12 0
431195 39 5
431253 39 5
431607 52 10
431849 51 9
432051 46 5
432579 45 7
432935 53 5
433537 42 10
435245 41 6
436290 55 4
436364 46 5
436438 55 9
436653 23 2
436731 78 7
436771 82 10
436798 63 8
437071 39 8
437320 39 6
437759 54 5
438314 42 3
438351 82 6
438559 54 5
438943 32 5
439501 48 8
439517 46 5
441259 59 7
442275 37 3
443607 50 0
444585 51 0
445261 56 0
445376 66 0
445400 65 0
445436 72 0
445569 72 0
445693 73 0
446791 66 0
447055 49 0
447768 60 0
448191 57 0
448351 61 0
448432 49 0
448582 51 0
448620 48 0
448683 48 1
448744 32 0
451042 77 0
451088 55 0
451458 62 0
451493 39 0
451513 37 0
451548 40 0
451572 30 0
451865 41 0
453038 56 0
453642 52 0
454216 47 0
454473 41 0
454496 56 0
454556 62 0
454967 50 1
454990 54 0
455660 82 0
455800 40 0
455949 51 0
456491 36 0
456713 51 0
457304 80 0
458013 47 0
458376 62 0
459119 46 0
459207 73 0
459269 75 0
459980 75 0
461041 45 0
461167 66 0
462769 40 0
462864 55 0
463838 53 0
463872 54 0
464018 53 0
464469 67 1
464527 61 1
464903 67 0
465038 51 0
465618 52 0
465654 54 0
466348 58 0
466826 61 0
466831 60 0
467146 51 0
467317 64 0
467387 44 0
467463 30 0
467537 56 0
467683 62 0
467910 48 0
467918 43 0
468082 70 0
468400 59 0
468761 73 0
468805 64 0
469129 45 0
469197 70 0
469243 79 0
469396 39 0
469591 64 0
469996 44 0
470623 36 0
470995 51 0
471123 68 0
472649 56 0
472914 66 0
473031 36 0
473163 37 0
473331 38 0
473497 27 0
473789 18 0
474446 11 0
475213 78 0
475237 83 0
475294 63 0
475357 55 0
476000 69 0
476197 59 0
476444 72 0
476699 87 0
476744 62 0
476816 51 0
477173 49 0
477186 47 0
477422 53 0
477652 56 0
477813 67 0
478003 75 0
478165 52 0
478228 57 0
478348 49 0
478388 60 1
478447 87 0
478734 60 0
478923 69 0
478962 56 0
479261 60 0
479291 55 0
479321 46 0
479703 56 2
479727 58 2
479771 43 0
479808 45 0
479865 38 0
480134 64 0
480161 48 0
480505 55 1
480535 53 1
480646 69 1
480653 62 1
480787 60 1
482293 41 0
482705 66 0
482732 70 0
482784 88 0
482925 40 0
483144 61 0
483869 64 0
484038 38 1
484514 43 0
484829 55 0
485579 55 0
485891 43 0
486270 58 1
486340 57 1
487173 53 0
487904 52 1
488347 64 0
488642 36 0
489405 65 0
490019 43 0
490216 61 0
490328 65 0
490375 74 0
490425 57 0
490546 51 0
490746 23 0
490913 47 0
491014 41 0
491097 72 0
491200 33 3
491503 49 0
492358 57 0
492697 56 0
492848 66 0
493100 64 0
494388 48 0
495386 65 0
495482 57 0
498417 60 0
498895 43 0
499128 37 0
499768 94 0
500842 76 0
501476 61 0
501688 75 0
503054 42 0
503436 62 0
503516 86 0
503745 64 1
503925 56 0
503971 57 0
504073 61 0
504391 53 0
504586 53 0
504748 48 0
505183 33 0
505317 49 0
505636 60 0
506367 42 1
506605 35 0
506815 39 0
506866 44 0
506929 51 0
507010 74 0
507142 60 0
507162 53 0
507214 42 0
507244 30 0
507292 32 0
507470 49 0
507622 45 0
507656 44 0
507661 40 0
507681 40 0
508213 53 0
508650 55 0
509532 67 0
509558 76 0
509772 34 0
510719 45 0
510777 66 1
510875 76 0
511505 49 0
511888 72 0
512620 61 0
512930 81 0
513152 46 0
513241 59 0
513277 69 0
513472 63 0
513523 68 0
513569 59 0
513865 62 0
514176 51 2
514320 62 0
514516 86 0
514632 46 0
514890 73 0
514924 78 0
514939 64 0
515221 48 0
515230 56 0
515360 24 0
515557 50 0
515617 48 0
515684 46 0
515697 43 0
515706 43 0
515852 25 0
516090 61 0
516099 70 0
516407 44 0
516829 70 0
518376 56 0
518420 66 0
518727 54 0
519121 52 0
519238 57 0
519275 69 0
519326 53 0
519422 55 0
519428 63 0
519638 81 0
519813 72 0
519926 58 0
520090 41 0
520102 47 0
520271 37 0
520344 47 0
520489 11 0
520803 32 0
521733 60 0
522719 76 0
523739 58 0
523763 57 0
524031 45 0
524360 65 0
524378 57 0
524492 58 0
524555 57 0
524573 57 0
524716 68 0
524753 58 0
525843 72 0
525958 64 0
526101 64 0
526148 56 0
526365 47 0
526571 55 0
527180 36 1
527241 33 0
527254 34 0
527702 58 0
527735 66 0
527944 57 0
528067 80 0
528477 58 0
528527 42 0
528688 34 0
528798 68 0
528889 47 0
529324 39 0
529468 24 0
529644 48 0
529699 36 0
529757 41 0
529785 52 0
530423 58 0
530462 78 0
530839 78 0
532029 42 0
532364 43 0
532688 69 0
532734 66 0
532755 72 0
533084 40 0
533106 36 0
533468 62 0
533763 44 1
533782 34 0
533891 20 0
534385 61 0
534427 51 0
534880 69 0
535142 73 0
535256 53 0
535329 41 0
535675 41 0
535700 37 0
536306 46 0
536631 48 0
536973 36 0
537790 49 0
537958 57 0
538028 33 0
538244 63 0
538418 48 0
538454 41 0
538460 45 0
538510 48 0
538569 65 0
538639 67 0
538937 39 0
539099 30 0
540001 65 0
540091 78 0
540498 4 16
540522 34 0
540537 38 0
541789 49 0
542127 56 0
542170 59 0
543878 33 5
543951 68 12
545513 28 4
545582 37 7
545625 41 6
545660 54 6
546355 37 4
546917 59 8
547043 42 7
547510 63 8
548644 43 2
549923 15 2
550174 10 2
551052 38 8
551563 59 5
552161 52 8
552203 60 2
552242 45 2
552331 38 3
552592 55 6
553348 47 5
554207 46 7
554467 35 4
554605 46 8
554659 27 5
554812 56 5
554925 35 3
555310 42 8
555400 42 7
556419 46 6
557296 61 13
557466 36 5
557746 48 11
557826 51 8
558264 39 6
558482 50 5
558559 53 8
558868 57 8
559075 47 5
559144 41 5
559523 38 6
559830 58 8
560015 37 5
561105 42 6
561289 58 9
561319 42 6
561330 42 6
562143 45 3
562246 39 5
562273 33 4
562309 49 5
562891 33 3
563212 40 4
563226 51 4
563277 51 2
563299 48 7
563712 27 8
563773 70 13
563813 73 10
563838 68 10
563844 55 6
563865 39 7
564777 44 6
565281 35 5
566147 50 4
566537 69 6
567199 44 3
567900 38 7
568241 32 0
568300 38 4
568334 49 6
568397 63 5
568557 42 6
568710 37 11
568727 39 8
568739 39 8
568806 45 9
568920 40 8
569424 43 9
569429 42 9
569451 28 4
569539 46 6
569944 27 5
570240 48 5
570575 37 5
571320 53 4
571389 40 4
571575 45 7
571785 33 5
571827 52 6
571889 58 7
572247 43 4
573069 57 6
573405 51 2
573585 46 6
574494 51 14
574581 39 6
575402 46 7
575526 28 4
575607 48 7
575794 39 6
576055 55 2
576856 38 4
577265 33 11
577520 31 5
577984 47 4
578579 42 9
579314 27 6
579441 43 2
579468 40 3
579523 11 1
580414 41 3
580441 33 2
580518 36 10
581841 63 9
582479 38 7
582686 53 8
582840 42 7
582903 40 5
582921 40 5
582935 32 7
582986 31 11
583439 47 7
584233 23 2
584257 31 2
584310 49 5
584464 36 4
584543 22 4
584570 30 6
584786 35 3
584810 27 1
584831 55 1
585014 47 4
585158 48 8
585918 61 8
586074 45 3
586338 40 9
587189 47 8
587664 42 3
587750 37 9
588031 45 6
588403 18 89
588413 24 82
588492 47 6
588808 62 7
588926 49 4
588965 65 9
589254 47 10
589530 48 6
590721 50 4
591468 50 7
591691 32 6
591939 22 3
592813 41 3
592912 59 3
592935 54 3
593090 42 7
593266 55 5
593274 45 4
595492 48 7
596460 47 7
596555 38 7
598156 40 6
598577 36 3
599149 35 5
599307 39 8
599372 27 5
599458 16 1
599540 38 4
600439 30 5
601153 34 5
601288 31 13
601354 34 4
601475 41 8
601518 32 14
601530 40 15
601575 29 11
601883 42 10
602018 38 6
602078 48 7
602349 53 8
602381 50 6
602536 44 5
602608 44 7
602919 26 7
602930 28 8
602983 25 12
603047 48 11
604442 28 13
604466 47 17
605916 30 8
605946 36 9
605955 38 11
606099 27 8
606156 40 10
606723 25 13
606732 29 15
606746 40 15
606760 41 12
607367 32 28
607378 25 27
607595 15 13
607650 22 16
607729 23 27
607738 24 26
607777 26 16
607837 43 20
608000 27 14
608113 25 8
608234 42 25
608480 25 13
608593 40 17
608640 45 16
608647 49 16
608882 31 13
609078 21 10
609542 27 13
609665 26 10
609941 32 9
610031 33 20
610088 40 19
610281 43 16
610397 44 18
611558 22 12
611768 39 13
611855 40 8
612072 32 16
612283 35 12
612347 28 24
612765 37 22
612816 25 16
613158 40 18
613305 32 17
613612 36 15
613657 41 16
613996 21 6
614622 43 19
616167 29 21
616222 32 10
616392 40 17
616606 35 13
616643 33 9
616686 33 9
616806 30 17
616814 34 18
616841 34 19
616942 31 8
616954 28 8
617008 23 14
617292 35 16
617417 34 11
617783 34 13
618500 21 18
618584 49 16
618864 27 18
619082 27 18
619116 31 16
619895 37 15
620034 36 16
620306 48 3
621125 48 5
621170 35 9
622043 42 8
622077 39 11
622154 39 10
622187 39 15
622193 41 15
622256 35 11
622313 27 10
622331 29 9
622589 33 7
622610 26 5
623538 33 4
623640 32 2
623953 36 7
624543 30 7
624913 32 9
625744 21 7
626386 43 5
626410 37 3
626509 45 7
626851 38 5
626935 43 5
627052 42 4
627364 40 8
627399 38 6
627749 36 4
627767 40 5
628241 39 10
629006 43 6
629057 49 5
629108 52 7
629435 45 7
629612 64 5
629831 29 10
630259 35 11
630310 38 11
630496 31 4
630722 32 3
630888 39 7
631001 43 7
631046 52 12
631058 50 8
631130 35 6
631148 37 7
631662 31 6
631800 47 6
631818 48 5
632847 35 7
633274 43 7
633335 42 5
633608 51 11
634032 35 8
634076 39 3
634156 39 8
634949 52 9
635354 35 12
635387 43 7
635713 49 9
635785 37 14
635828 41 12
635905 54 5
635977 31 8
637384 53 4
637393 59 4
637588 38 1
637612 54 1
637618 53 1
637663 68 2
637696 47 2
637741 40 3
639054 44 3
640043 30 3
640865 41 4
641154 56 1
642543 38 2
642609 55 2
643074 62 3
644241 41 2
644385 59 4
644862 35 3
644961 60 1
645110 46 1
645738 44 3
645948 40 7
647847 47 4
648030 75 1
648150 35 1
649132 20 2
656033 57 3
656283 43 1
657222 29 3
657856 58 5
658166 55 3
658178 52 5
658383 41 3
658598 61 1
658772 63 3
659636 63 1
659654 65 1
660143 60 7
660474 46 4
660494 44 1
660584 38 2
660679 59 2
660855 54 2
661019 33 1
661287 27 2
661311 47 1
661627 44 3
662217 51 2
662233 41 2
662400 42 4
662415 41 5
662452 48 6
662460 50 4
662485 53 2
662786 37 1
663363 56 2
663480 42 3
664266 44 5
664577 35 2
664917 19 4
665391 46 5
665409 52 5
665568 54 3
666391 47 3
666444 40 3
666606 55 0
666633 56 4
666701 35 1
666733 27 1
667685 42 0
668295 60 2
668555 61 2
669576 46 23
670089 30 14
670226 44 16
670255 36 16
670476 35 18
670630 28 34
670700 35 25
670905 36 23
671581 38 22
672126 34 15
673036 10 13
673427 29 16
674041 45 20
674305 20 14
674458 40 12
674476 31 16
674548 36 15
675036 18 17
675069 24 20
675134 25 29
675139 27 30
675222 26 15
675264 23 14
675318 29 26
675340 28 22
675409 34 19
676278 37 9
676361 27 16
676431 41 21
676794 35 26
677150 32 26
677536 36 11
677709 38 15
677855 19 14
677991 35 13
678098 49 25
678620 29 20
680045 32 23
680344 26 21
680437 31 20
680455 43 22
680598 10 18
680724 22 16
680857 26 12
680885 33 13
680992 27 24
681014 25 22
681122 25 11
681416 27 10
681902 37 26
682265 36 17
682451 39 23
682490 25 22
682508 17 20
682676 37 19
682682 31 19
682913 29 13
683116 35 11
683129 29 10
683186 27 13
683455 23 17
683516 26 13
683595 26 21
683609 23 19
683726 27 7
683831 27 22
684413 42 24
684873 33 15
684977 22 15
685164 36 12
685205 31 16
686066 31 16
686818 36 13
687007 43 21
687244 37 15
687403 31 13
687694 47 3
687808 54 3
687862 49 2
687868 48 2
688267 54 1
688327 51 0
688340 59 2
688405 46 2
688552 59 2
689149 56 8
689387 46 2
689580 36 5
689603 38 3
689929 42 3
689939 41 1
690029 57 5
690915 25 3
692178 29 3
692847 62 4
693231 31 8
693651 29 8
694014 29 6
694026 40 6
694284 32 7
694341 25 6
695006 57 15
695269 52 13
695445 38 6
696400 46 17
696514 26 5
696568 46 7
696637 31 12
696685 33 11
696907 33 9
697007 38 7
697096 25 11
697126 33 13
697480 53 8
697834 46 8
698554 30 11
698671 42 12
699104 36 8
699319 25 9
699328 24 9
699448 44 5
699703 47 8
700069 46 8
700135 50 10
700246 37 15
700819 35 5
700900 40 7
701431 37 5
702809 33 9
703078 31 12
703416 34 1
703642 33 11
703871 18 9
703882 20 8
704926 62 12
704965 47 13
704971 42 13
705131 43 9
705656 34 11
706484 28 9
706685 31 9
706710 40 7
706945 24 9
707269 41 9
707387 34 6
707617 24 10
707989 40 1
708893 22 4
709035 24 7
709404 32 12
709447 34 10
709946 35 6
710544 30 1
710931 24 13
711273 47 7
711366 35 11
711723 51 11
711873 40 8
712280 35 7
713028 31 9
713120 38 6
713390 35 11
713529 40 12
713748 34 6
714438 38 10
714522 36 12
715007 31 13
715943 31 8
716379 31 14
716714 35 9
716739 38 7
716908 47 12
717152 47 10
717914 36 7
718343 48 7
718445 38 7
718499 42 6
718557 52 13
718983 35 7
719676 46 9
719980 47 10
720291 48 8
720412 29 8
720661 35 9
720790 54 18
721155 51 12
722138 48 13
725507 33 9
725684 33 9
727678 47 5
728043 43 9
728866 31 8
729484 43 7
730798 26 12
731503 29 12
732484 31 7
733657 42 9
734124 43 8
734243 30 6
734338 48 12
734718 40 16
734985 34 11
735125 37 9
735208 14 11
735712 46 4
736039 33 7
736192 39 17
736387 33 13
736708 36 11
737125 42 10
737359 46 5
737945 35 8
738231 59 8
739974 44 10
741085 35 4
742118 27 5
744027 30 11
744084 12 12
744198 5 6
744474 6 7
744495 4 9
747961 2 12
748206 12 9
748218 11 8
748708 30 13
748745 17 10
748762 22 11
749331 41 21
749480 28 7
750015 33 9
750499 36 11
751390 53 16
752214 25 12
752849 26 13
752909 18 14
753011 22 8
753050 22 11
753074 27 14
753194 31 19
753247 23 16
753374 44 10
753487 36 8
753551 40 8
753773 40 6
753888 46 12
754017 29 10
754227 38 12
754667 39 6
755024 42 10
755182 23 5
755361 32 3
755532 23 4
755896 31 5
755904 38 4
756114 37 5
756237 31 3
756354 40 6
756450 40 12
757733 42 12
757760 41 13
757955 51 13
758070 36 13
758714 14 10
758844 36 5
758870 36 2
759292 48 14
759331 32 11
759415 52 9
759631 49 5
760623 33 7
762189 46 11
762267 32 9
762365 31 10
762546 24 9
763065 29 6
763143 30 4
763826 39 5
764905 50 8
765164 39 10
766623 37 9
766652 45 9
766814 41 11
767215 39 8
767405 38 6
767702 37 9
767997 28 9
768507 45 5
768730 46 5
769128 33 11
769159 41 11
769480 64 12
769507 70 14
769528 64 12
769680 29 12
769782 52 16
769936 32 8
769945 31 8
770320 34 9
770665 39 10
771004 29 10
772496 45 7
772845 41 8
773048 18 5
773101 26 3
773586 35 8
773614 34 4
774464 48 7
776141 47 13
777066 43 7
777147 21 8
778717 28 23
778722 20 15
778864 22 22
779813 22 20
780875 17 8
780916 31 15
781197 28 24
781291 24 26
781915 28 16
782521 28 25
783218 18 13
783363 30 27
783546 30 29
783802 37 28
783844 26 20
783914 36 34
783963 25 23
784040 22 23
784083 26 28
784101 20 27
784133 24 30
784392 22 18
784424 22 18
784645 27 18
784687 24 23
784716 26 23
784944 21 13
785817 17 32
785907 20 22
785913 21 27
786636 19 24
787116 36 32
787125 36 29
787521 35 30
787659 31 21
788246 15 18
788586 21 18
788934 12 22
789020 17 18
789525 40 31
789906 30 17
790004 16 13
790068 19 17
790371 31 26
790404 22 22
790514 18 24
791138 43 24
791152 44 23
791198 26 22
791226 22 19
791243 21 17
791526 30 30
791536 29 25
791568 37 22
791780 28 21
792109 21 32
792316 25 23
792332 25 24
792354 22 23
792431 35 30
792742 32 20
792774 36 31
792817 28 29
792831 28 33
792870 19 24
792947 28 23
793213 29 23
793225 36 23
793261 37 14
793581 18 17
793722 36 27
793788 20 16
793994 20 18
794106 23 27
794117 28 29
794540 21 23
794811 19 26
794859 13 33
795529 28 28
795676 22 35
796189 29 26
796687 22 36
797394 26 25
797526 36 21
797608 20 26
797892 14 20
798195 21 22
798507 35 22
798548 31 18
799294 20 20
799720 29 24
800031 32 20
800142 27 26
800725 17 33
800800 24 19
800981 23 15
803669 24 19
803918 24 17
804017 23 17
804140 13 21
804555 30 11
806090 27 25
806694 23 20
806729 29 16
806909 26 35
806914 27 36
806955 23 27
807029 31 21
807036 31 22
807046 20 20
807120 21 19
807339 21 22
807478 28 27
807580 28 14
807622 21 18
807628 19 16
807663 17 17
807890 26 16
807939 17 7
807969 14 9
808014 17 15
808032 14 11
808190 22 21
808203 29 21
808260 20 14
808527 25 17
808930 18 19
809052 26 22
809058 28 26
809259 18 20
809424 28 29
809638 40 33
809707 31 25
809945 30 23
810021 18 18
812127 32 26
812539 26 29
812553 29 31
812846 23 25
813807 26 19
814240 32 33
814995 22 15
815060 27 25
815121 30 13
815198 28 24
815453 33 26
815563 22 19
815624 25 27
816092 13 16
816136 19 24
816532 39 29
816848 30 27
816892 24 34
816979 38 30
817984 17 27
818086 21 26
818625 6 32
818758 19 21
819057 25 24
819251 26 22
819561 19 24
819772 31 24
820118 29 23
820159 26 25
820397 22 22
820538 24 25
820571 21 18
820820 20 21
821606 24 21
821798 29 14
822134 29 8
822540 25 11
822685 33 6
823417 45 9
823553 34 11
823741 45 11
824236 46 8
824347 39 5
825554 57 7
825806 42 3
825860 27 4
825876 31 5
826277 44 4
826376 33 2
827656 51 2
827708 56 2
827717 57 2
827984 46 4
828314 33 8
828674 38 3
828794 40 8
828856 31 6
828902 31 5
829419 44 1
829584 32 5
829611 58 9
829624 58 9
829710 65 7
830333 38 6
830740 44 6
832440 42 2
833568 40 11
833673 37 11
833706 36 7
834096 23 2
835905 49 12
836325 22 2
836553 27 8
836665 59 5
837626 52 7
837919 33 10
838040 27 5
838062 26 6
838112 34 8
838286 42 6
838515 31 1
838554 30 2
838574 23 4
838626 41 7
838827 50 8
839162 46 7
839173 43 4
839203 34 5
839448 35 4
839603 47 3
839781 46 6
839790 47 5
840129 44 6
840458 41 8
840695 33 8
840918 39 9
841058 55 9
841217 48 1
841382 52 3
841457 44 5
841496 39 4
841619 32 4
841832 54 7
841928 40 9
842446 44 2
842515 30 4
842546 43 8
843113 45 1
843470 25 3
843896 37 7
844148 52 8
844220 40 6
844328 48 7
845054 31 5
845059 30 6
845194 34 7
845485 44 8
845851 46 10
846191 41 1
846204 46 1
846303 29 3
846578 38 7
846733 35 4
846985 36 5
847051 44 5
847318 48 7
847369 40 10
847387 47 10
847399 39 11
847477 42 5
847900 47 8
847990 39 4
849318 55 9
850251 41 6
850339 50 10
850504 35 6
851173 47 7
852043 17 1
852276 49 7
852574 51 11
852712 37 7
852727 51 7
852760 45 5
852848 55 8
853144 47 8
854265 54 12
854473 33 6
854804 26 2
854855 21 4
856277 48 8
856288 45 7
857622 27 5
858226 45 8
858335 35 5
858773 45 8
859082 33 6
859491 33 5
860136 46 12
860881 44 4
861036 56 7
861861 49 7
862029 44 11
862254 37 10
862285 33 9
862341 47 7
862392 66 9
863634 45 10
863655 47 8
864645 57 2
865293 45 5
865665 46 13
865950 47 13
866019 49 13
866150 41 6
866892 57 11
867029 36 9
867324 16 2
867637 13 7
868229 37 8
868424 48 5
868724 48 13
868993 29 7
869253 53 11
869532 39 9
869635 55 8
870252 42 11
870511 38 8
870546 49 8
870648 47 6
870663 42 5
870803 42 10
870827 43 6
871119 51 16
871494 43 4
872001 43 5
872085 35 6
872718 46 6
873025 62 7
873210 41 5
873365 52 9
873603 43 4
873869 47 9
873906 56 10
874514 38 6
874664 48 6
875173 51 8
875195 49 7
875397 38 5
875714 22 3
875875 28 7
876178 48 7
876351 55 5
876587 38 7
876671 48 12
877034 45 6
877262 56 7
877530 43 6
877544 38 3
877658 44 9
877714 54 4
877827 43 5
877901 44 10
878240 40 7
878580 45 6
879559 38 4
879644 33 8
879660 42 10
879699 40 6
879749 39 3
880138 51 14
880443 40 10
880453 46 9
880628 43 16
880958 47 11
881095 42 3
881837 60 5
882348 55 8
882445 42 9
882586 50 6
882754 46 3
883036 49 3
884200 35 3
884490 37 2
884859 29 5
885261 42 6
885340 38 6
885595 35 17
885755 28 16
886412 29 17
886581 46 12
886718 38 16
886858 41 11
886980 45 15
887352 28 12
887667 42 13
887859 48 19
888445 24 6
888465 28 4
888548 35 11
888585 28 11
888755 35 9
888767 39 12
888927 45 19
888952 48 22
888986 56 20
889286 29 16
889701 45 19
890242 51 18
890456 58 13
890961 56 21
891000 41 16
891176 20 11
891517 49 12
892142 31 13
892318 10 8
892370 17 13
892513 34 7
892739 30 9
892835 39 18
893026 39 15
893238 32 16
893258 34 16
893275 29 13
893354 26 14
893447 23 9
893963 33 11
894109 26 10
894246 34 14
894746 53 12
895071 37 12
895785 44 17
895807 29 16
895898 31 9
896140 49 12
896272 27 10
896838 28 11
897399 34 13
897732 20 17
897768 13 10
897789 18 10
897921 24 17
898663 38 12
898728 33 8
899131 41 9
899487 28 9
899793 30 14
900450 42 13
900637 37 13
900914 35 13
901374 71 20
901383 56 17
901527 35 12
901551 46 14
901592 47 15
901674 21 13
901717 45 11
901750 54 12
901927 21 6
901990 22 11
902422 8 8
902479 13 6
902659 41 11
903112 47 13
903313 45 18
904302 14 4
904494 28 19
904689 29 14
906359 37 11
906379 42 13
906412 47 10
907024 46 11
907678 44 13
908773 25 16
908928 27 26
909075 20 22
909654 23 22
909726 39 29
909879 27 18
910047 38 17
910363 34 28
911670 34 17
912571 31 20
912763 20 31
912891 31 16
914022 15 22
914224 29 23
914854 34 18
915261 39 22
915318 44 19
915641 53 19
915804 27 15
916269 32 13
916733 27 21
916837 24 17
916859 24 20
917116 28 24
917283 33 16
917402 45 24
917413 46 24
917477 24 22
917510 37 24
917538 32 16
917544 31 15
917563 37 11
918028 30 18
918146 24 18
919033 22 18
919164 37 20
919307 32 19
919511 22 14
919640 32 21
919860 22 20
920047 36 20
920076 31 13
920122 23 8
920173 23 20
920178 28 20
920355 24 21
920682 23 20
920712 22 21
921227 43 34
921261 25 23
921268 24 30
921332 35 23
921371 19 14
921466 43 24
921485 38 27
921498 33 32
921787 23 25
921811 26 28
921949 30 15
922633 29 13
922823 28 42
922968 26 20
922983 29 20
923130 34 22
923172 25 19
923453 26 18
923924 34 19
923976 27 18
924003 30 21
924183 39 25
924299 20 19
924593 18 24
924763 36 20
924791 31 20
925036 31 26
925109 36 28
925186 39 28
925235 34 22
925244 33 21
925326 26 25
925382 30 20
925412 28 20
925422 33 22
925440 31 20
925571 38 30
926099 27 38
926186 22 23
926333 22 29
926501 23 26
926538 26 26
926902 22 29
926908 25 28
927038 28 39
927043 30 42
927142 19 17
927294 45 41
927637 21 28
927745 37 36
927763 43 33
927769 36 25
927949 31 26
928777 17 14
928918 36 26
928950 27 26
929005 17 29
930043 24 19
930830 31 19
931206 30 21
931423 32 24
931444 29 19
931612 28 36
931651 35 29
931777 27 24
931783 27 24
931795 21 18
931808 16 16
931836 22 26
932527 36 31
933225 28 30
933711 20 20
934236 42 23
934300 32 23
934333 17 14
934387 40 29
934539 28 19
934802 22 18
934837 12 5
936147 28 24
936582 25 13
936726 33 26
936852 44 18
936863 38 16
936944 27 27
937043 36 24
937754 31 18
939435 48 25
940414 39 27
942827 21 11
942962 27 17
943046 23 17
943295 39 16
943304 39 17
943445 27 21
945069 34 20
945161 39 22
946011 29 11
946094 48 25
946526 35 34
946583 17 21
946862 37 21
947156 41 28
947222 34 18
947242 27 16
947633 36 18
947692 37 17
948389 35 17
948498 22 19
949371 36 16
949590 26 13
949748 32 18
949859 26 10
950069 32 11
950119 31 22
950580 19 19
950690 32 25
951970 29 10
952002 37 9
952438 37 23
952767 27 16
953969 41 16
954097 34 23
954105 35 19
954781 32 21
954803 34 25
955091 52 17
955175 34 34
955196 25 37
955380 33 16
955406 34 22
955552 35 24
955728 11 40
955737 13 41
955760 6 46
955772 4 34
955830 8 22
956018 50 40
956030 44 40
956048 35 44
956053 46 46
956058 49 46
956080 81 41
956098 104 49
956160 75 47
956190 32 49
956233 69 48
956238 28 91
956262 113 53
956274 114 49
956301 139 50
956307 124 45
956361 73 45
956370 67 38
956381 25 71
956382 58 38
956409 37 57
956419 43 63
956460 52 57
956472 57 50
956477 57 54
956487 64 50
956496 67 42
956498 21 89
956501 62 44
956511 72 46
956522 69 54
956529 46 58
956553 50 48
956562 42 45
956576 23 47
956616 8 45
956680 11 59
956700 61 55
956747 116 55
956754 97 45
956790 9 47
956825 20 58
956834 15 59
956978 15 71
956998 16 59
957008 16 55
957085 32 19
957102 27 21
957555 57 22
957616 34 19
957685 35 17
957769 35 17
957814 44 18
957876 31 21
957941 39 26
957970 38 26
957995 30 15
958150 26 27
958354 27 19
958574 14 3
958922 30 20
958928 33 23
960416 32 29
961373 27 18
962690 27 20
963489 27 25
964017 24 11
964147 39 29
964928 18 14
966422 38 30
966429 36 27
966449 22 30
966474 12 15
966492 12 15
966568 27 15
966645 20 23
966763 36 29
967751 25 29
968063 43 28
968410 29 16
968711 44 25
969053 30 15
969554 27 18
969581 33 13
970038 30 20
970732 17 24
970888 30 16
970924 41 26
970972 38 27
971086 26 18
971257 38 20
971263 34 18
971353 33 25
971506 38 35
971545 50 38
971582 37 29
971776 46 33
973281 53 22
973950 28 10
974805 27 26
975147 26 27
975178 36 27
975324 30 20
975365 38 29
975383 41 33
975478 4 26
975494 7 25
975502 3 25
975659 15 14
975951 31 24
975964 36 24
976193 40 19
976609 20 14
976670 23 13
977303 32 18
978048 17 20
978134 28 36
978705 40 15
978712 42 17
978775 50 28
979039 41 27
979583 27 27
981014 29 12
981282 27 26
982207 22 16
982267 35 21
982315 38 29
982532 41 20
982561 34 14
982574 29 16
982640 33 16
982738 27 13
982770 41 19
982895 34 22
982900 34 23
982980 31 22
983054 43 25
983328 27 16
983334 29 15
983434 34 32
983463 47 33
983564 27 18
983630 20 28
983678 43 28
984194 39 12
984323 43 20
985699 28 23
985867 33 27
986483 35 13
987562 27 14
987628 34 23
987689 32 26
987717 33 28
988001 35 28
988016 26 21
988441 19 13
988556 39 25
988688 31 21
988945 42 18
989211 22 23
989508 28 16
991246 26 15
992363 52 28
992713 41 33
992799 25 23
994045 24 15
994437 37 14
994456 32 7
994475 34 7
994484 35 4
994528 36 21
994600 43 20
994742 30 23
994997 29 25
995115 27 29
995269 59 30
995323 38 23
995482 34 21
996110 41 23
996146 43 31
996243 29 12
996288 32 19
996559 39 22
996908 30 14
997376 32 19
997481 20 25
998426 29 19
998669 30 23
999010 34 26
999166 38 37
999173 35 35
999665 28 25
999865 49 29
999934 29 16
1000114 37 27
1000300 32 16
1000982 22 27
1001093 17 25
1001199 23 34
1001411 30 21
1001855 21 24
1002299 21 30
1002747 26 31
1003440 25 33
1003481 21 27
1004218 20 29
1004779 14 34
1004935 33 33
1004953 28 29
1005034 28 16
1006411 31 37
1006514 26 37
1006765 23 26
1007190 28 40
1007547 37 37
1007862 36 34
1008318 36 40
1008492 24 38
1008820 25 23
1009187 21 32
1009429 21 24
1009454 24 27
1009775 18 23
1010275 30 29
1010521 20 36
1011385 26 29
1011755 17 13
1012507 27 35
1012717 20 27
1013002 28 29
1013153 18 25
1013302 20 35
1013389 14 26
1013437 18 33
1014129 19 19
1014683 22 17
1014717 22 19
1014765 30 26
1014817 25 26
1015544 17 32
1015631 35 30
1015670 34 31
1016402 35 32
1016470 18 33
1016510 28 42
1016875 23 34
1017067 21 19
1017078 20 19
1017182 14 23
1017227 21 31
1017309 38 54
1017367 33 45
1017541 9 22
1017841 19 22
1017905 13 29
1018011 18 30
1018204 19 34
1018816 35 38
1019030 12 19
1019206 12 19
1019517 20 26
1020010 14 20
1020139 31 25
1020206 17 17
1020879 26 38
1021623 35 41
1022117 26 32
1022480 35 20
1022519 34 34
1023056 25 51
1023554 25 25
1023625 32 26
1023963 21 8
1024233 8 44
1024241 13 38
1024253 14 38
1024264 19 38
1024476 30 37
1025003 25 31
1025016 27 33
1025508 30 30
1025711 34 27
1025761 27 25
1025826 20 29
1025896 27 25
1026003 29 29
1027014 18 26
1027194 22 31
1027294 22 25
1027356 27 34
1027377 39 26
1027496 29 33
1027592 16 24
1027700 34 30
1028081 32 28
1028156 26 29
1028173 22 27
1028306 18 22
1028709 19 16
1029362 36 37
1029794 23 28
1029833 27 30
1031111 35 33
1031249 34 27
1031264 37 27
1031336 18 28
1031378 28 30
1031468 26 29
1031850 36 39
1031957 16 20
1032202 32 23
1033819 22 23
1035729 33 24
1036096 36 32
1037140 34 31
1037967 27 35
1038020 30 34
1038448 30 26
1038818 32 24
1038956 33 25
1039326 47 38
1039652 27 37
1040037 22 30
1040066 14 32
1040215 23 32
1040497 22 38
1040634 34 41
1041409 25 33
1041725 17 25
1041780 20 19
1041793 21 17
1042167 12 20
1042224 25 32
1042779 30 41
1042935 25 26
1042946 27 29
1042993 35 45
1043338 7 8
1043540 26 29
1043552 23 28
1043618 23 25
1044318 34 38
1044674 29 33
1044968 33 44
1044980 25 44
1045328 23 28
1045994 22 36
1046036 31 30
1046272 25 35
1046478 29 30
1046681 38 34
1046691 33 38
1046734 25 26
1046748 21 24
1046779 24 31
1047126 18 32
1047367 31 42
1047401 34 40
1047947 23 34
1048534 21 36
1048629 32 25
1048809 17 14
1049285 27 35
1049356 17 32
1049489 27 38
1049498 24 36
1049549 22 46
1049570 22 39
1049852 27 36
1049894 12 26
1050868 49 41
1051028 41 38
1051109 24 37
1051506 27 36
1051521 22 36
1051641 32 34
1051661 32 35
1052057 26 30
1052135 30 32
1052255 25 31
1052329 26 27
1052337 27 26
1052405 29 30
1052714 23 26
1052952 26 33
1053167 21 24
1053201 36 33
1053510 34 28
1053693 27 41
1054050 23 27
1054480 16 24
1054659 26 34
1054682 31 44
1054691 33 43
1054930 24 35
1054941 30 38
1054993 33 35
1055178 24 39
1055299 34 38
1055514 25 29
1055892 30 32
1056091 29 38
1056576 29 39
1056582 29 36
1056659 25 23
1056769 26 34
1056817 20 45
1057342 26 29
1057377 39 33
1057403 39 37
1057490 34 45
1057536 32 38
1057670 37 41
1057680 39 44
1057793 40 30
1057840 25 32
1058120 25 30
1058487 22 26
1058501 25 29
1059222 25 34
1059774 10 41
1063456 3 12
1065381 13 38
1065409 10 44
1065421 8 36
1065430 8 39
1065440 10 44
1065485 12 36
1065506 10 35
1065585 12 30
1065613 17 27
1071673 4 26
1071798 9 20
1071856 12 22
1072121 21 16
1072912 38 39
1072991 29 40
1073303 32 36
1073337 38 38
1073694 27 28
1073756 15 19
1074246 28 21
1074271 25 24
1075467 38 34
1075765 12 18
1076057 23 52
1076099 13 25
1076585 25 44
1076751 18 40
1076996 27 42
1077666 26 37
1077687 28 37
1078231 29 35
1079104 25 42
1079119 24 35
1079209 28 28
1079327 29 41
1079782 30 40
1079821 30 32
1079878 32 19
1079916 27 26
1079955 27 38
1080074 20 36
1080095 17 28
1080212 32 38
1080230 39 44
1080302 31 44
1080343 32 57
1080396 27 32
1080444 30 32
1080480 26 30
1082362 28 47
1083917 19 27
1084138 20 29
1084747 24 39
1084791 18 25
1085153 26 36
1085170 26 37
1085564 28 34
1085654 25 20
1085732 35 40
1086616 24 33
1086663 25 39
1086828 24 38
1086892 21 27
1087275 32 28
1088247 34 51
1088428 20 31
1089060 20 30
1089546 20 25
1089558 25 21
1089642 34 33
1089654 45 42
1089737 37 36
1089770 37 33
1089780 42 33
1089883 32 29
1089982 20 26
1090121 45 43
1090308 22 22
1090384 26 23
1090438 23 27
1090657 21 29
1090744 27 25
1090761 28 23
1090771 25 22
1091014 23 25
1091506 42 55
1091611 25 27
1091662 30 28
1091953 30 37
1092001 27 28
1092190 13 30
1092365 22 29
1093247 23 20
1093355 25 40
1093375 17 38
1093869 25 40
1093915 30 44
1094866 28 30
1095198 21 21
1095443 22 36
1095642 23 26
1095960 28 32
1096421 30 33
1096497 20 27
1096573 35 29
1096610 24 36
1096741 33 31
1096832 22 29
1096864 25 37
1097015 30 24
1097443 24 31
1097686 24 27
1098466 42 51
1098505 28 27
1098586 31 39
1098685 12 40
1098964 29 31
1099140 33 39
1099201 26 28
1099317 27 39
1099340 25 34
1099807 22 52
1100282 20 32
1101332 30 26
1101684 27 29
1102029 32 32
1102643 25 22
1102863 29 42
1102908 37 49
1103361 25 46
1104423 25 22
1104470 24 34
1104939 18 21
1105077 18 20
1105267 22 35
1105360 21 18
1105380 14 12
1106230 29 36
1106599 22 29
1106671 40 31
1106764 19 34
1107121 32 49
1107559 31 32
1107571 28 30
1107621 27 30
1107970 33 42
1108000 32 43
1108123 32 36
1108171 31 33
1108651 24 30
1108672 35 42
1108710 40 38
1108970 25 32
1109557 24 49
1110109 25 33
1110289 28 29
1110545 30 33
1110826 32 38
1110846 30 25
1110895 19 16
1111010 19 31
1111187 25 31
1111490 37 35
1112723 31 33
1112816 26 35
1113128 23 26
1113342 18 53
1113623 34 33
1113659 34 38
1114070 18 25
1114193 37 32
1114244 31 29
1114656 25 33
1114909 32 34
1115202 34 33
1115393 30 21
1115489 34 38
1115926 17 23
1116141 26 48
1116233 22 37
1116242 20 37
1116443 20 29
1116659 34 40
1116808 27 31
1117050 24 28
1117254 22 26
1117345 26 31
1117570 24 32
1117612 18 24
1117702 37 41
1117716 36 42
1117840 32 27
1118200 18 17
1118323 37 46
1118338 46 44
1118454 24 36
1118491 23 32
1119447 27 47
1120467 21 39
1120761 13 24
1120768 12 24
1120795 14 29
1120823 26 44
1120861 26 36
1120882 9 29
1120913 7 34
1120919 7 34
1120936 5 36
1120948 5 30
1121036 5 43
1121082 7 31
1121092 7 26
1121270 19 30
1121310 11 27
1121404 21 48
1121620 18 62
1121701 16 50
1121989 18 37
1122406 18 45
1122520 22 51
1122682 22 37
1122814 24 27
1123316 9 29
1123477 19 43
1123641 16 39
1123671 20 39
1123832 17 41
1123903 13 42
1123916 7 40
1123979 22 41
1124366 8 27
1124399 9 26
1124493 33 43
1124531 33 45
1124576 25 61
1124654 6 38
1124669 11 41
1124741 20 50
1124855 17 29
1124987 16 48
1125011 24 52
1125155 5 43
1125161 5 41
1125266 22 48
1125296 32 69
1125592 11 44
1125745 14 21
1125980 5 12
1126118 13 28
1126316 16 45
1126421 23 44
1126459 13 40
1126588 10 26
1126772 16 40
1127261 22 34
1127284 14 40
1127362 16 41
1127417 13 38
1127525 20 41
1127638 10 22
1127889 13 22
1127925 16 38
1128000 17 40
1128005 15 43
1128092 11 34
1128135 11 40
1128188 13 27
1128198 15 34
1128248 20 33
1128482 10 33
1128543 14 47
1128574 7 32
1128609 15 28
1128654 17 28
1128671 17 25
1128727 24 61
1128752 21 55
1128770 23 44
1128823 23 44
1128915 17 37
1128922 17 35
1129141 15 28
1129188 6 38
1129199 8 36
1129257 11 33
1129328 18 43
1129341 24 38
1129404 10 13
1129824 10 23
1130094 6 19
1130676 13 50
1130750 6 33
1131001 19 29
1131085 29 26
1131182 19 29
1131241 18 25
1131372 27 29
1131473 30 33
1131480 32 45
1131513 25 37
1131525 30 35
1131541 29 32
1131633 16 30
1131678 21 35
1131686 23 25
1131910 32 53
1131949 29 45
1131997 20 23
1132011 22 22
1132109 17 29
1132128 25 34
1132138 25 35
1132143 31 36
1132154 30 44
1132196 35 45
1132234 37 52
1132250 37 44
1132376 13 37
1132391 18 43
1132777 21 40
1132839 23 32
1132854 23 32
1133004 18 45
1133055 26 34
1133070 23 37
1133098 26 35
1133106 24 42
1133122 21 40
1133143 25 31
1133224 25 44
1133374 26 39
1133391 28 41
1133488 40 36
1133620 29 35
1133728 31 30
1133815 30 23
1134016 38 26
1134081 42 51
1134193 35 36
1134298 24 33
1134429 37 49
1135719 11 25
1136314 20 23
1136324 16 20
1136450 32 31
1136796 32 43
1137727 30 25
1137832 32 26
1137886 20 20
1138021 32 24
1138048 35 27
1138696 31 28
1139095 43 36
1139393 32 22
1139588 35 35
1139761 27 46
1141313 38 25
1141567 28 21
1141586 34 19
1141625 26 24
1141800 36 28
1142173 44 40
1142704 28 35
1143612 32 20
1143688 33 38
1143787 42 40
1143810 33 32
1144296 29 25
1144715 51 39
1144983 30 36
1145206 19 24
1145264 33 31
1145698 32 25
1147674 43 33
1148199 33 26
1151542 33 32
1151795 39 21
1151984 37 41
1153040 28 32
1153859 26 32
1153954 20 19
1153959 19 17
1154680 37 37
1154941 37 34
1155234 40 32
1155303 37 28
1155599 30 33
1155658 35 38
1155899 32 36
1156526 30 30
1156930 26 22
1157457 20 32
1157771 44 22
1157777 40 22
1158439 38 46
1160265 31 48
1161017 28 29
1161417 28 19
1161540 30 38
1162174 29 33
1162347 30 26
1162419 37 25
1162451 41 40
1162673 31 30
1162720 31 31
1162753 40 36
1162778 42 42
1162821 27 34
1163175 23 28
1163433 44 28
1163604 28 30
1163660 48 31
1163798 37 40
1163871 42 27
1164318 35 43
1164422 25 43
1164860 50 30
1165050 24 30
1165184 35 32
1165454 37 34
1165537 33 33
1165560 47 40
1165904 27 26
1166121 28 31
1166160 20 37
1166193 20 32
1166262 43 30
1166520 44 31
1167102 31 32
1167129 34 35
1167237 39 34
1167423 47 38
1167568 28 41
1167573 28 41
1167764 33 47
1167950 34 34
1167970 34 33
1168065 23 34
1168198 32 33
1168432 39 28
1168598 19 39
1168717 35 27
1168888 34 41
1168901 40 49
1169270 34 29
1169373 25 34
1170677 33 34
1170841 19 25
1170892 36 44
1170923 37 45
1170965 30 41
1171035 30 33
1171923 38 42
1172062 46 24
1172874 41 20
1173292 32 29
1173381 47 30
1174063 21 25
1174240 27 23
1175363 28 31
1175383 29 32
1175597 34 33
1175658 30 33
1175825 24 27
1176058 23 24
1176572 32 34
1176708 29 35
1177195 32 29
1177680 33 28
1177847 31 33
1178185 35 29
1178195 48 31
1178402 27 43
1178488 30 37
1178534 22 28
1178598 29 37
1178675 43 40
1178925 31 29
1178979 25 29
1179000 27 30
1179016 29 23
1179062 39 24
1179117 36 42
1179168 31 27
1179245 32 24
1179250 28 22
1179303 41 40
1179408 30 42
1179489 33 33
1179607 29 29
1179734 29 28
1179867 42 31
1180212 27 33
1180524 30 33
1180538 33 34
1181094 34 41
1181226 28 23
1181565 18 34
1182294 25 21
1182866 27 24
1182926 22 27
1183022 31 37
1183139 34 41
1183187 41 37
1183205 39 28
1183269 18 15
1183295 16 17
1183424 41 36
1183454 32 34
1183709 39 33
1183819 31 33
1184012 37 39
1184384 34 40
1184503 26 16
1184764 38 35
1184785 41 35
1185274 45 30
1185358 35 34
1185726 23 34
1185957 40 41
1186638 30 30
1186823 37 33
1187098 18 21
1187110 19 26
1187203 34 44
1187635 30 22
1187740 45 25
1188019 42 25
1188152 29 31
1188193 25 26
1188414 31 20
1188490 27 23
1189777 21 34
1190648 22 40
1190889 35 44
1190985 34 49
1191111 26 34
1191213 38 46
1191252 26 39
1191276 24 45
1191365 24 34
1191372 29 40
1191525 20 32
1191599 37 41
1192000 43 52
1192284 28 30
1192312 27 32
1192542 40 40
1192619 19 36
1192751 24 20
1193371 35 23
1194324 18 28
1194443 32 49
1194853 46 32
1194880 40 23
1195069 38 16
1195235 50 31
1195647 32 32
1195695 31 15
1195842 37 29
1195965 50 36
1196641 28 31
1196824 49 47
1197597 33 26
1197946 38 29
1197966 39 41
1198581 36 30
1198731 43 36
1198807 34 34
1199547 18 30
1199578 11 27
1200615 25 32
1200708 29 33
1200729 27 34
1200749 25 32
1200754 32 37
1200781 32 46
1200843 28 42
1201065 17 18
1201189 46 46
1201248 33 34
1201260 21 25
1201454 26 43
1201531 35 45
1201593 37 31
1202737 32 33
1203611 44 36
1203621 45 38
1203855 25 33
1204226 19 9
1204315 23 29
1204326 25 28
1204351 25 28
1204737 34 38
1205277 27 29
1206076 25 41
1206231 22 29
1206369 27 27
1209102 33 34
1209323 29 25
1209498 27 30
1209840 23 33
1210002 41 38
1210312 30 44
1210416 42 47
1210551 35 34
1210707 35 24
1211311 23 24
1211331 29 26
1211348 30 33
1211381 32 41
1211390 33 39
1211434 40 45
1211499 36 22
1211528 27 19
1211798 24 20
1211879 32 38
1212124 31 41
1212201 23 39
1212291 26 38
1212299 30 39
1212479 24 30
1212919 30 47
1213951 23 22
1214708 29 34
1214739 28 30
1215220 37 30
1215243 36 34
1215614 38 28
1215984 39 56
1216254 30 46
1216334 29 30
1216479 39 49
1217261 48 37
1217281 37 28
1217523 24 33
1217619 34 31
1217679 25 42
1218020 42 39
1218172 28 44
1218300 33 39
1218373 28 27
1218411 44 43
1218773 45 39
1218945 43 45
1219035 32 30
1219285 44 35
1219443 31 35
1219680 47 46
1220094 24 32
1220124 19 32
1220303 9 39
1220443 20 27
1220586 27 25
1220645 23 40
1220711 17 30
1220756 19 33
1221399 22 44
1221441 31 59
1221640 22 40
1221811 21 32
1221964 22 47
1222063 23 42
1222800 14 39
1223201 12 38
1223226 14 25
1223320 18 55
1223327 27 55
1223532 17 38
1223670 29 45
1223910 18 46
1224314 29 42
1224381 32 49
1224394 33 56
1224407 22 39
1224456 23 51
1224516 33 45
1224968 20 36
1225018 23 40
1225555 34 45
1225597 32 50
1225679 18 38
1226874 19 25
1226899 27 39
1226916 24 38
1227159 33 35
1227183 24 38
1227893 16 59
1227927 19 49
1228048 20 48
1229088 27 54
1229141 25 28
1229198 26 42
1229226 22 34
1229906 18 43
1230053 20 40
1230407 16 37
1230554 29 39
1230720 24 38
1230776 24 40
1230896 19 37
1231124 39 36
1231256 16 32
1231325 24 44
1232488 18 37
1232648 24 38
1232917 19 37
1233138 16 34
1233145 16 33
1233315 25 40
1233872 29 35
1234012 20 46
1234827 25 35
1235094 23 52
1235247 19 37
1235788 20 30
1236524 16 42
1236672 26 43
1238501 24 31
1238804 26 47
1238918 29 59
1239263 17 49
1239362 19 35
1239431 24 56
1239503 30 69
1239560 17 35
1239621 15 25
1239655 22 38
1239695 23 47
1239792 28 53
1239908 22 52
1240065 15 47
1240981 33 49
1241166 21 41
1241936 17 22
1242384 21 49
1242625 21 36
1242659 23 58
1243433 24 47
1243847 23 32
1243874 19 26
1243934 26 41
1244354 39 53
1244378 32 41
1244516 27 47
1244537 41 54
1244806 29 45
1245154 31 50
1245656 18 41
1246241 20 29
1246328 42 77
1246946 19 52
1247134 23 34
1247267 27 49
1247272 29 45
1247280 38 56
1247426 28 43
1247607 24 34
1247911 17 28
1248029 35 45
1248415 35 43
1248727 27 47
1249102 24 36
1249407 16 36
1249828 28 63
1249873 25 50
1249906 20 42
1250224 27 34
1250436 14 30
1250614 28 35
1251298 31 51
1251382 23 44
1251576 41 49
1251862 15 31
1252172 18 40
1252263 31 56
1252477 28 35
1252947 17 38
1253070 34 60
1253376 34 47
1254179 32 46
1254488 22 36
1254518 20 46
1254539 21 51
1254953 31 38
1255099 21 39
1255572 33 36
1255585 27 35
1255655 30 45
1256512 30 52
1256598 27 48
1256798 28 31
1257172 21 36
1257328 24 36
1257547 13 38
1257773 22 47
1258222 16 33
1258749 24 39
1260063 10 37
1260146 36 36
1260342 33 44
1260447 22 37
1260456 20 36
1260867 43 53
1261314 28 34
1261344 27 29
1261413 32 49
1261610 26 35
1261695 31 47
1261709 30 61
1261753 28 55
1262336 32 28
1262826 32 35
1262853 23 35
1263776 34 62
1264642 29 36
1264655 34 58
1264710 31 59
1264762 27 51
1266005 39 31
1266064 40 28
1266073 30 34
1266097 42 29
1266115 40 25
1266143 51 27
1266216 48 38
1266230 41 41
1266241 43 47
1266254 36 45
1266350 32 18
1266359 34 17
1266626 56 34
1268299 65 10
1268444 51 8
1268548 69 7
1268622 68 8
1268692 87 14
1268763 66 13
1268852 74 13
1268920 63 17
1269071 70 11
1269097 56 13
1269686 85 13
1269992 73 16
1270053 49 10
1270257 57 18
1270808 97 23
1270889 47 6
1270946 72 9
1270965 40 20
1270983 11 60
1270999 35 47
1271007 20 60
1271330 27 56
1271403 39 62
1271419 31 43
1271443 10 39
1271455 23 40
1272453 32 22
1272783 38 37
1272916 26 22
1273071 25 24
1273837 35 19
1275221 43 20
1275985 52 23
1276490 35 28
1277488 40 22
1277683 45 28
1277790 38 38
1277852 37 31
1277958 29 31
1279252 53 30
1280197 43 28
1280788 33 31
1280829 30 34
1280987 56 37
1281173 29 23
1281425 34 35
1281731 51 38
1281763 40 43
1282265 48 33
1282455 42 27
1283791 53 37
1285186 50 27
1285417 25 31
1285993 28 29
1286044 45 41
1286119 49 39
1286991 37 37
1287029 33 43
1287123 43 40
1289164 46 33
1289518 38 33
1289791 43 35
1289821 33 29
1289971 25 31
1290358 35 32
1290973 30 27
1291466 35 38
1291577 45 34
1291643 31 20
1291709 34 29
1292319 41 45
1292521 38 33
1292643 15 37
1293310 43 36
1294007 38 50
1294269 34 37
1294443 29 39
1294449 31 43
1294534 30 46
1295013 29 41
1295340 43 35
1295466 39 28
1295517 35 14
1295550 56 40
1296028 39 38
1296091 32 40
1296484 36 41
1296505 42 42
1296648 38 50
1296658 43 55
1296796 27 30
1297099 50 43
1297277 41 51
1297476 37 44
1297552 33 34
1298300 38 35
1298702 38 26
1299431 57 25
1299613 52 21
1300075 34 20
1300249 44 26
1300745 59 26
1300796 48 30
1300809 38 31
1300912 48 21
1300989 72 33
1301700 37 23
1302042 31 29
1302256 50 28
1302286 42 21
1303090 50 31
1303345 90 2
1303357 82 3
1303781 56 1
1303852 77 8
1303953 62 1
1304294 65 4
1304433 50 3
1304489 7 5
1304533 75 4
1304654 92 1
1304690 78 2
1304774 57 4
1304835 59 4
1304949 74 5
1305212 65 2
1305311 56 4
1305590 51 4
1305678 63 3
1305884 53 3
1306284 79 5
1306539 74 3
1306635 54 2
1306716 81 3
1306848 69 3
1306932 47 3
1307043 80 2
1307184 63 7
1307439 49 1
1308551 78 5
1309389 63 6
1309572 64 7
1309590 68 8
1309986 66 5
1310220 76 3
1310265 66 5
1310418 75 4
1310536 57 4
1310637 75 8
1310667 67 7
1310775 85 5
1311498 85 10
1311618 75 5
1311764 62 3
1311866 80 7
1313408 74 5
1314197 63 7
1314352 70 10
1314650 72 12
1314731 64 11
1314743 65 10
1314854 86 7
1315590 68 8
1315787 68 14
1315805 83 18
1315940 76 10
1316142 74 20
1316583 50 13
1316606 52 12
1316951 73 13
1317544 80 9
1318966 62 8
1319512 70 11
1319639 52 8
1319852 48 8
1320591 69 9
1321704 51 6
1322003 47 24
1322094 68 19
1322197 62 29
1324123 55 20
1324322 46 16
1325543 58 24
1325699 61 26
1326162 70 21
1327083 60 10
1327107 40 11
1327581 48 24
1327622 68 33
1327982 57 16
1328206 46 19
1328362 52 14
1328441 44 11
1328589 50 22
1328683 42 19
1330786 55 24
1330991 62 27
1331750 63 24
1332076 67 23
1332404 55 14
1332642 56 20
1332674 48 15
1332788 59 17
1333532 52 17
1333730 54 18
1333745 61 24
1334454 37 20
1334471 31 15
1334774 40 18
1334951 64 24
1334975 58 19
1335421 45 20
1335680 69 25
1335884 76 25
1335929 73 25
1336427 69 29
1336443 61 23
1338338 74 17
1340390 46 27
1341083 60 29
1342222 51 21
1342333 47 12
1342341 50 14
1342358 36 16
1343953 50 15
1344023 64 20
1344144 35 6
1344159 39 10
1344172 42 12
1344218 48 13
1344226 56 17
1344316 47 12
1344380 37 8
1344539 52 16
1344598 45 16
1344788 55 14
1345323 49 20
1345581 56 20
1345641 49 15
1346083 43 13
1346302 51 17
1346318 46 17
1346572 54 21
1346719 58 23
1346794 58 23
1346806 63 21
1348089 54 27
1348434 58 18
1348518 59 15
1348578 57 13
1348764 61 15
1349000 51 20
1349256 28 13
1349462 60 26
1349635 61 22
1350511 58 21
1350568 59 23
1350583 56 21
1350695 40 16
1350832 69 25
1351184 44 18
1351193 41 15
1351412 26 15
1351630 53 21
1351653 39 20
1351663 52 18
1351724 57 16
1352221 48 17
1352386 87 29
1352512 61 28
1352551 54 14
1352641 50 15
1352860 69 27
1353311 54 12
1353532 51 12
1353595 50 19
1353757 48 14
1354171 87 21
1354186 76 20
1354380 74 15
1354456 72 32
1354999 53 14
1355281 54 21
1357502 59 25
1357829 47 30
1358176 68 19
1358533 64 26
1358641 61 28
1359190 60 20
1359604 73 19
1359734 63 22
1359744 66 23
1360946 67 29
1361385 63 19
1361785 57 29
1361810 68 30
1362024 56 27
1362135 59 21
1362375 63 32
1363033 54 20
1363233 44 23
1363307 47 13
1363334 50 19
1363365 60 28
1363506 58 14
1363882 42 25
1364303 65 30
1364477 70 19
1364536 69 29
1364541 71 29
1364738 36 6
1365415 42 12
1365734 68 19
1366273 51 26
1366327 63 22
1366697 92 16
1366832 59 22
1366939 52 15
1367430 70 16
1368016 74 19
1368294 69 21
1368436 58 19
1368464 63 18
1368539 92 18
1368666 56 24
1368709 72 28
1368718 66 29
1369036 44 28
1369104 63 31
1369130 64 26
1369146 66 29
1369335 59 29
1369479 68 23
1369619 57 18
1369973 60 25
1370147 52 27
1370186 46 20
1370210 50 20
1370279 62 20
1370433 91 16
1370498 44 24
1371338 55 8
1371360 66 14
1372073 55 23
1372346 71 21
1372532 59 18
1373275 54 25
1373678 62 24
1373817 55 25
1373925 60 19
1373959 54 15
1374216 22 16
1374430 52 15
1374440 42 11
1374547 53 28
1374624 58 13
1374734 60 11
1374740 60 12
1375045 37 18
1375051 30 20
1375333 73 23
1375456 35 19
1375492 55 14
1375738 63 19
1375783 87 22
1375789 79 20
1375984 54 26
1376521 52 33
1377106 66 28
1377144 66 26
1377355 71 16
1377526 67 33
1378266 50 22
1378602 66 28
1378642 63 30
1378960 67 27
1379110 45 23
1379152 56 17
1379167 75 24
1379534 73 15
1380147 50 12
1380253 49 18
1380479 52 26
1381137 47 21
1381156 44 20
1381399 91 34
1381415 73 34
1381588 45 19
1382119 72 25
1382275 47 30
1382377 60 24
1382892 72 12
1382943 60 12
1383001 50 8
1383049 68 16
1383490 65 22
1383627 23 10
1383659 25 10
1383907 56 21
1384156 61 18
1384163 47 21
1384176 48 21
1384200 60 18
1384210 59 21
1384222 65 22
1384237 56 19
1384306 64 17
1384579 57 24
1384605 52 21
1384612 63 23
1384919 84 27
1385084 38 22
1385380 64 28
1385504 45 11
1385522 51 12
1385612 56 25
1386620 86 29
1386653 78 35
1386797 28 15
1387209 50 12
1387326 44 17
1387852 58 22
1388072 79 30
1388158 36 22
1388221 59 22
1388239 48 25
1388253 63 35
1388258 62 33
1388358 73 20
1388382 72 23
1388422 58 25
1388436 45 22
1388642 62 18
1388671 75 18
1388685 70 15
1388692 74 16
1388737 87 22
1388812 39 11
1388854 60 14
1389099 65 23
1389124 68 26
1389358 46 17
1389436 53 17
1389484 67 20
1389514 70 13
1389586 45 23
1389649 39 19
1389655 36 18
1389781 70 23
1390746 75 16
1390892 68 19
1390901 64 17
1390946 67 19
1390960 68 23
1391042 45 16
1391102 69 18
1391288 56 14
1391633 56 21
1391954 64 23
1392266 65 15
1392325 45 16
1392413 58 23
1393014 36 16
1393495 49 14
1393503 50 14
1393592 64 29
1393606 61 32
1394201 36 19
1394470 39 14
1394684 40 12
1394751 54 12
1394758 46 12
1394968 38 19
1395376 51 7
1395691 55 22
1395937 50 26
1396625 56 24
1396758 60 18
1397938 63 19
1398073 69 21
1398143 64 24
1399209 58 15
1399255 49 15
1399280 80 29
1399301 83 32
1399422 44 20
1399742 66 20
1399755 66 21
1399794 62 28
1400136 72 26
1400187 58 23
1400221 49 16
1400406 54 17
1400532 71 24
1401601 61 18
1401701 50 24
1402522 46 16
1402538 48 17
1403002 76 31
1404538 50 26
1404592 51 29
1405011 65 29
1406230 44 15
1407039 74 34
1407468 57 20
1407516 60 19
1407587 52 28
1408050 61 20
1408236 44 16
1408262 40 14
1409337 56 24
1409413 68 24
1409420 82 33
1409591 48 26
1409620 68 33
1409635 73 35
1409648 77 36
1409770 78 25
1409834 62 24
1409934 44 17
1410098 51 10
1410458 72 12
1410561 68 12
1410583 83 14
1410600 71 17
1410612 89 19
1410858 66 9
1410912 85 10
1412027 82 20
1412342 80 7
1412546 47 6
1412689 92 12
1414547 54 5
1414870 86 5
1414949 63 10
1415321 68 7
1415766 80 9
1415853 87 12
1416064 54 14
1417054 78 16
1417161 69 12
1417172 71 14
1417838 96 12
1417973 55 8
1418270 67 9
1418297 71 8
1418315 73 10
1418363 78 18
1419367 89 8
1420722 71 11
1420864 86 12
1421044 42 6
1421053 37 7
1421234 82 13
1421299 72 13
1421524 83 16
1422854 92 13
1422880 87 13
1423027 53 15
1423105 80 21
1423312 67 18
1423345 77 20
1423808 77 14
1423996 81 11
1424012 82 14
1424212 73 18
1424218 74 18
1424468 12 20
1424524 31 15
1424561 28 17
1424575 27 13
1424701 43 12
1424853 86 18
1425014 73 16
1425701 80 23
1425989 93 20
1426129 69 15
1426442 75 21
1427108 65 22
1427324 77 19
1427713 57 19
1428032 94 26
1428041 98 25
1428287 65 18
1428435 53 14
1428861 79 29
1428982 63 25
1429274 52 18
1429284 37 15
1429381 45 17
1429697 61 33
1429735 72 29
1429901 58 26
1430444 51 31
1431361 54 16
1432152 55 15
1432530 50 11
1433212 48 13
1433427 47 6
1434104 66 14
1434902 38 16
1434979 73 22
1436503 80 17
1436562 68 19
1436704 65 9
1436782 91 18
1437116 80 18
1437124 94 21
1437210 71 12
1437478 45 14
1438041 78 22
1438982 77 15
1439045 62 20
1439146 62 16
1439159 61 15
1439503 77 19
1439600 75 16
1440488 81 13
1440735 82 17
1441038 72 8
1442233 62 28
1442361 54 26
1442433 62 32
1443023 100 34
1443143 55 16
1443643 86 33
1443801 43 13
1444047 64 33
1444554 87 30
1444569 88 30
1445518 63 27
1445614 52 22
1445695 54 22
1446541 47 14
1447090 71 26
1447146 56 22
1447171 64 22
1447397 65 30
1447480 80 22
1448480 69 27
1448707 76 35
1448834 65 20
1449763 41 12
1450109 36 17
1450634 52 29
1450701 63 31
1450973 65 25
1451106 70 17
1451349 57 21
1451403 64 19
1451672 62 19
1451789 69 26
1452376 66 29
1452382 69 28
1452549 54 18
1452914 57 23
1453825 77 36
1453865 54 29
1453985 61 22
1454238 81 23
1454269 76 29
1454516 39 29
1454553 40 24
1454576 41 25
1454982 56 18
1455241 54 18
1455383 94 35
1456112 72 30
1456189 34 13
1456414 82 37
1456482 57 23
1456493 54 21
1456566 42 18
1456571 52 19
1456580 55 21
1456598 63 20
1456618 88 29
1456687 90 30
1456765 39 19
1456866 44 24
1456904 62 23
1457172 77 34
1457415 46 17
1457537 62 23
1457643 51 16
1457880 73 18
1458212 59 20
1458318 57 26
1459252 49 23
1459342 54 22
1459695 68 35
1459797 58 21
1459980 77 37
1460069 55 24
1460126 57 27
1460554 80 24
1460852 101 5
1460899 83 5
1461954 87 3
1462011 67 5
1462372 71 3
1462424 66 4
1462737 73 6
1462753 74 6
1463376 83 5
1463609 99 5
1463757 59 0
1463827 95 4
1463878 100 4
1464117 95 3
1464859 71 1
1464881 68 2
1465082 89 5
1465214 66 5
1465263 73 4
1466032 81 6
1466482 7 61
1466525 28 3
1466539 16 2
1466619 59 6
1466683 71 8
1466693 78 7
1466701 24 64
1466724 13 88
1466803 59 7
1466836 9 3
1467211 50 2
1467241 31 1
1467349 12 3
1468940 90 6
1469396 78 4
1469413 97 7
1469670 81 1
1469692 73 0
1469697 70 0
1469752 88 8
1469778 93 10
1469918 104 5
1470152 69 6
1470480 58 10
1471460 92 4
1471559 65 5
1472677 79 2
1472729 109 7
1473596 107 3
1474450 70 12
1474947 83 5
1474953 83 5
1476182 75 8
1476738 69 7
1477365 70 6
1477540 85 10
1478059 63 6
1478251 82 8
1478338 82 11
1478426 92 8
1478565 86 9
1478609 108 15
1478723 69 7
1478783 84 8
1478821 65 8
1478843 86 8
1478964 70 9
1479018 93 8
1479139 79 6
1479340 64 6
1479373 63 4
1479425 79 3
1479560 81 7
1479683 93 9
1479688 90 10
1479802 50 4
1479825 71 11
1479831 72 9
1479993 71 12
1480041 59 9
1480055 45 9
1480089 85 8
1480194 73 11
1480208 61 8
1480306 61 6
1480414 48 5
1480533 71 6
1480673 74 5
1480779 82 3
1481061 89 13
1481073 91 12
1481402 104 18
1481424 100 14
1481466 64 7
1481651 41 7
1481800 77 9
1482076 116 13
1482194 63 6
1482524 82 13
1482659 101 12
1483222 82 10
1483753 104 12
1483774 112 7
1483954 90 7
1484132 74 8
1484182 78 7
1484191 79 7
1484301 83 7
1484399 91 15
1484418 81 13
1484505 58 4
1484648 57 5
1484672 83 2
1484781 74 7
1484842 108 7
1484912 76 10
1484952 52 5
1484976 52 5
1485079 62 7
1485106 48 6
1485291 41 8
1485321 56 9
1485344 75 11
1485404 53 8
1485459 65 7
1485478 77 7
1485624 57 6
1485664 81 12
1485746 90 5
1485755 85 6
1485762 96 8
1485816 70 12
1485915 7 7
1485976 39 6
1486009 24 5
1486054 30 3
1486144 10 5
1486419 2 10
1486432 3 12
1486694 5 8
1486707 5 10
1486747 8 9
1486988 7 13
1487017 8 39
1487047 9 42
1487061 34 8
1487087 5 19
1487094 12 10
1487181 7 38
1487182 8 37
1487215 27 23
1487240 22 50
1487272 21 47
1487294 19 29
1487387 7 15
1487397 3 20
1487400 5 16
1487415 3 23
1487449 5 10
1487475 8 19
1487488 12 16
1487529 6 24
1487556 4 20
1487562 3 21
