260 5 19
278 5 22
288 4 23
304 6 19
356 2 16
481 23 54
502 21 60
503 13 68
515 15 65
735 16 52
779 13 70
801 9 47
831 9 44
850 8 48
875 15 47
896 11 50
1033 26 67
1066 34 52
1104 8 65
1559 10 69
1583 47 58
1908 16 129
2011 43 152
2292 55 133
2299 52 135
2355 114 101
2389 70 178
2442 50 173
2448 54 190
2633 127 52
2796 101 45
2916 115 52
3032 92 44
3446 64 92
3510 34 100
3533 101 42
3664 112 65
3676 118 63
3710 134 59
3759 92 39
3764 110 46
3842 102 49
3860 103 57
3884 92 47
3923 100 45
4256 114 42
4478 134 31
4612 79 32
4639 34 92
4828 110 49
4869 103 41
5077 52 150
5116 110 57
5147 102 39
5185 69 100
5213 106 47
5456 64 90
5660 45 118
5704 74 102
6058 53 26
6144 81 46
6232 64 46
6238 64 39
6377 66 43
6664 113 54
6752 118 49
6871 118 46
6946 119 50
6963 118 49
6974 107 47
7023 118 44
7132 106 42
7255 116 49
7388 62 25
7528 32 34
7583 18 24
7619 6 31
7625 6 32
7703 7 30
7764 30 26
8172 35 69
8376 37 63
8466 42 80
8628 57 108
8851 47 65
9315 34 65
9708 27 95
9736 29 96
9789 25 80
9886 31 94
9891 27 84
10022 32 65
10027 33 83
10043 29 68
10128 25 77
10176 19 73
10183 20 82
10325 24 80
10378 25 58
10408 30 72
10557 23 98
10589 21 93
10682 18 75
10932 21 94
11138 27 84
11621 18 73
11937 9 62
12358 25 74
12618 26 101
13358 25 89
13540 25 66
13553 33 97
13566 26 103
13618 30 116
13904 17 86
14027 40 126
14120 21 80
14196 15 89
14262 20 82
14307 36 119
14546 15 86
14633 26 117
14705 30 125
14807 27 108
15158 32 97
15680 29 101
15770 35 86
16025 25 99
16109 33 130
16546 30 102
16612 17 103
17032 29 128
17148 13 70
17179 15 71
17220 44 77
17693 66 64
18149 56 62
18561 31 66
18728 69 82
18827 51 48
19240 50 75
19309 43 66
19868 58 62
20164 74 56
20382 80 42
20590 58 59
21344 54 50
21349 55 43
21363 56 40
22205 71 47
22235 65 53
22277 53 53
22745 62 55
22922 51 44
23424 58 51
23448 69 56
23595 87 43
23787 65 56
23904 65 36
24000 85 64
24543 64 47
24593 69 46
24741 60 35
25043 52 49
25123 49 47
25251 65 55
25333 46 54
25536 58 33
25571 57 39
25603 55 42
25650 40 54
26094 62 62
26267 58 49
26463 49 79
26493 48 83
26627 50 56
26643 75 89
27273 53 59
27320 48 66
27357 64 61
27409 59 69
27417 66 75
27432 63 79
27540 79 73
27567 72 55
28185 50 71
28333 24 34
28442 38 51
29294 51 70
29377 57 77
29930 36 42
29995 49 47
30080 67 92
30086 55 64
30126 47 65
30168 44 61
31219 38 46
31503 59 58
31539 48 38
31597 3 25
31696 35 44
31723 50 56
31824 37 58
32025 55 72
32119 48 84
32941 43 64
32955 38 64
33421 58 73
33508 42 52
33535 40 54
33544 44 52
33568 44 40
33643 36 63
33712 57 60
33769 45 56
34071 13 11
34375 53 55
34779 43 43
35137 66 57
35170 53 50
35176 58 59
35195 43 45
35360 43 55
35621 56 45
35828 66 80
35848 46 61
36093 54 56
36347 47 69
36365 44 70
36758 56 68
37059 59 61
37142 58 91
37595 59 62
37670 56 57
37686 50 54
38042 40 51
38202 47 71
38394 59 91
38656 64 57
38691 77 68
38705 71 66
38717 65 61
38747 67 75
38783 39 71
38927 55 54
39029 48 67
39056 49 70
39167 36 55
39221 45 52
39790 55 72
39977 52 60
40118 57 65
40139 47 61
40154 42 63
40161 45 69
40208 57 65
40224 60 58
40417 51 61
40451 51 73
41785 62 77
41905 41 42
42010 44 74
42391 52 68
42619 60 64
42644 60 77
43536 29 24
43601 31 26
44357 54 77
44453 45 82
44534 56 63
44594 61 72
44629 41 75
44837 58 79
44883 49 60
44952 35 49
44979 33 41
45069 60 86
45356 44 70
45446 47 59
45491 43 66
45709 62 85
45750 65 76
45910 48 61
46179 58 62
46525 39 50
47646 53 79
47670 49 67
47858 60 65
47904 43 63
48582 74 79
48821 46 62
48898 44 65
48968 48 52
50076 43 75
50325 52 44
50782 31 39
50818 29 35
50833 42 47
50962 59 70
50974 50 63
51456 47 63
51520 36 49
51810 30 54
51835 42 71
52124 49 47
52813 52 57
52837 70 58
54004 47 58
54173 30 60
54223 39 69
54241 34 57
54277 28 65
54286 23 60
54457 9 51
54571 30 53
54613 16 29
54657 14 37
55126 46 76
55165 40 70
55196 27 54
55352 59 77
55467 31 64
55682 54 77
55724 53 65
56315 53 68
56507 32 50
57693 44 61
58223 32 43
58255 46 69
58271 62 65
58414 27 44
58521 25 40
58593 44 43
58646 50 65
58693 45 55
58732 35 48
58871 60 72
58971 45 54
59072 47 67
59103 52 70
59194 57 64
59233 41 61
59826 44 47
60278 41 41
60302 45 69
61627 47 63
61803 50 57
62100 21 61
62108 17 54
62142 11 54
62208 48 80
62261 41 41
63196 19 35
63647 45 66
63919 30 57
64747 49 67
65619 39 59
66114 54 66
67035 44 97
67176 28 51
67466 27 24
67509 26 28
67541 38 31
67940 46 55
69198 47 78
69576 53 86
69630 38 73
69651 44 63
70174 36 44
70234 43 61
70368 51 49
70384 47 55
70592 38 48
70602 46 59
70626 34 61
70654 42 75
70709 37 49
70750 42 38
70899 49 79
71316 44 67
71331 44 67
71398 29 51
71666 34 53
71710 50 54
71851 59 53
72052 56 79
72105 43 61
72177 50 64
72367 43 69
72677 46 81
72877 51 86
74632 29 61
74827 41 63
75327 49 73
75465 41 55
75565 49 51
75781 36 48
75856 41 72
76396 42 57
77377 12 44
77621 36 48
77924 26 57
78059 38 53
78161 39 51
80574 49 57
80658 36 66
80758 47 74
80799 51 79
81104 51 56
81136 54 64
81144 45 61
81157 40 70
81266 67 77
81387 37 59
81461 40 64
81487 46 64
81575 42 58
81600 39 70
81665 44 72
81704 54 82
81737 40 62
81963 49 60
81983 47 66
82039 43 61
82201 42 62
82211 46 66
82342 49 84
82760 31 58
82890 36 65
83676 33 61
83930 69 90
84019 29 49
84228 41 59
84867 39 61
85354 30 41
85528 33 51
85713 26 41
85913 31 50
86355 27 43
86388 33 48
86423 33 41
86473 37 62
87529 18 46
87603 34 62
87663 34 71
87773 36 63
88216 24 43
88343 55 78
90233 47 64
90722 45 54
91085 32 54
91258 50 61
91617 46 62
92046 46 52
92286 40 66
92475 47 61
93051 50 71
93651 30 62
93689 43 67
93764 42 64
93796 44 60
93905 42 66
93986 34 53
94455 43 87
94520 30 76
94546 36 77
94692 51 64
94806 45 72
94849 29 39
94922 59 57
95015 56 103
96092 46 75
96658 61 62
96733 61 56
96956 37 56
97059 64 74
97094 62 72
97925 51 60
97963 56 47
99484 50 52
99913 37 52
100474 57 47
100913 51 66
101014 50 60
103463 40 45
103531 49 53
103896 37 56
104468 48 36
104642 44 44
104696 56 60
105283 43 37
105447 46 51
105454 42 51
105462 43 50
105471 42 46
105598 50 65
105697 46 60
106022 53 45
106263 52 61
106292 37 35
106303 34 33
106416 37 43
106438 44 53
106454 44 58
106468 48 61
106662 33 29
106770 55 68
107187 53 42
107634 47 56
107832 55 52
107846 62 45
107862 66 57
108060 55 67
108075 52 61
108247 46 69
108635 32 55
108847 32 39
109156 32 56
109268 28 52
109396 35 72
109855 42 59
109939 34 69
111157 18 76
111225 23 111
111285 18 67
112218 40 37
112551 51 41
112587 45 60
112784 35 58
112890 18 20
114141 43 53
114183 44 70
114375 29 48
114441 48 65
114707 26 26
114730 7 16
114973 28 28
115036 11 21
115047 14 23
115366 45 44
115476 34 50
115887 48 57
117463 66 69
118349 37 70
118426 48 78
118765 41 98
118945 34 68
119167 35 76
119185 31 77
119435 30 58
119440 26 59
119521 39 75
119554 53 103
120118 33 53
122388 10 57
122900 39 73
123008 39 82
123166 29 68
123361 42 60
123388 41 70
123420 21 49
123428 17 48
123865 22 50
124113 17 52
124146 28 58
124502 27 68
124895 34 89
125375 37 66
125388 37 64
125712 43 60
125906 45 91
126089 35 79
126246 30 74
126261 35 80
126366 43 69
126544 34 89
126725 38 87
126812 37 71
127619 42 80
127926 47 80
127932 47 82
128822 39 55
128966 35 63
129046 25 61
129209 39 79
129289 34 61
129596 29 54
129612 36 50
130020 43 68
130025 43 71
130527 34 64
130575 37 73
130613 28 57
130959 35 59
131246 19 22
131305 22 29
131312 23 29
131589 14 47
131775 19 36
131811 30 52
131955 48 62
133347 36 49
133862 33 54
134726 45 48
135335 26 30
135449 52 70
135488 54 67
135518 47 65
135973 41 75
135983 45 70
136076 25 62
136102 36 73
136116 34 75
136191 46 68
136203 43 67
136216 41 60
136223 46 62
136256 47 76
136323 55 74
136329 51 67
136778 47 53
136816 33 65
136991 30 55
137495 41 57
137733 46 61
137976 56 62
138040 48 66
138105 52 54
138165 41 68
138181 32 67
138198 35 65
138232 38 68
138260 42 64
138282 37 47
138405 48 52
138758 69 76
138766 64 71
138824 59 58
138855 45 57
138861 44 64
139164 43 56
139601 59 54
139742 41 41
139887 24 21
139899 24 22
140367 29 58
140666 42 43
141055 36 35
141523 38 59
141715 43 54
141874 41 62
141973 36 56
142366 28 39
142427 27 56
142531 39 57
142900 43 64
143240 23 39
143375 48 73
143407 57 65
143857 44 67
143953 35 46
144181 30 58
144229 38 60
144395 42 58
144424 38 53
144821 49 70
144984 37 61
145345 34 57
145556 20 31
145669 59 81
145726 32 45
145858 46 61
145939 48 49
145947 52 47
145973 52 65
146173 37 47
146258 32 31
146554 32 43
147624 40 59
148488 27 60
148656 33 58
149137 53 70
149212 43 58
149635 40 61
150120 47 66
150742 37 64
150967 37 65
151213 34 64
151247 47 62
151360 38 68
151911 23 40
152674 55 59
152983 48 60
153526 49 76
154038 39 70
154133 42 63
154394 37 46
154530 42 71
155100 37 46
155283 45 51
155350 42 55
156316 54 75
156408 42 58
156665 33 66
156830 61 60
156900 56 111
157485 36 74
157554 48 76
157683 26 53
157688 31 51
158438 43 59
158624 40 54
158729 21 44
158810 24 42
158909 19 37
158966 33 63
158996 47 66
160408 30 62
160516 33 55
160941 25 38
161533 24 68
161598 44 75
162324 11 37
162443 19 24
162491 18 27
162525 17 26
162949 36 60
163329 32 52
163842 29 45
163953 31 71
164624 34 50
164728 51 67
164830 36 31
165531 30 66
165912 24 37
166068 36 35
166400 34 45
167065 31 40
167233 46 74
167407 28 53
167699 40 57
168014 25 47
168038 29 38
168053 33 38
168257 33 61
168357 33 61
168398 33 60
168428 29 62
168494 35 72
168527 35 79
168551 32 61
168688 52 56
168695 58 58
168738 32 37
168781 24 50
168858 45 74
168899 38 96
170020 39 64
170029 41 58
170189 43 61
170335 37 51
170368 34 50
170418 40 63
171502 40 59
171532 45 65
171583 45 42
171640 47 51
172033 45 54
172204 39 64
172348 35 47
172623 51 89
173027 39 47
173205 42 46
173730 43 39
174629 38 41
174680 46 51
174902 45 52
175280 42 45
175976 36 55
176483 36 61
177953 47 48
178085 51 62
178133 49 61
178244 22 25
178537 24 37
178590 28 33
179303 35 68
179590 35 53
179950 45 50
180583 37 49
180892 36 64
180970 21 45
181531 34 67
182129 30 47
182171 17 54
182252 10 56
182282 15 42
182462 5 37
182503 5 44
183502 13 68
183547 13 45
183619 15 60
183768 21 37
183892 47 54
184469 46 46
184540 48 63
184594 47 62
184791 42 63
184877 47 56
184955 59 50
185015 65 53
185300 61 64
185472 59 50
185514 47 48
186008 32 42
186092 33 64
186107 38 71
186134 43 70
186682 33 46
186766 43 66
187241 63 71
187318 33 41
187437 42 37
188281 52 53
188291 52 68
188299 45 54
188454 23 32
188569 57 77
188589 56 81
188599 54 87
188623 31 58
189010 26 45
189376 32 59
189487 48 53
189502 43 49
189624 55 74
189631 57 81
189727 40 50
189774 26 44
189994 40 71
190204 46 60
190244 52 77
190609 53 51
190662 38 38
190672 31 41
190822 29 39
190864 36 54
190916 51 78
190944 53 81
190976 56 70
191088 41 54
191148 36 48
191308 39 69
191319 37 62
191415 28 58
191449 39 73
191836 32 55
191851 35 62
192028 39 47
192179 20 33
192313 57 61
192369 28 35
192385 36 46
192457 41 44
192474 30 41
192912 39 80
193086 32 55
193154 29 43
193193 34 51
193342 41 54
193357 35 57
193369 33 60
193388 29 53
193474 50 62
193558 35 70
193755 38 55
193964 35 29
193975 41 34
194150 30 44
194994 37 39
195143 45 49
195212 32 41
195302 44 50
195374 41 51
195710 33 42
196625 34 65
196850 39 61
196910 35 69
197017 47 66
197837 19 35
198115 21 56
198220 20 54
198308 35 69
198350 38 54
198514 30 66
199891 36 102
200585 29 63
200732 29 66
200804 21 75
200909 27 62
200971 34 61
201513 57 30
201770 149 70
201780 142 73
201827 133 72
202095 183 87
202292 170 83
202442 100 81
203183 73 65
203582 67 60
203768 78 94
203834 83 95
204191 35 76
204242 29 72
204318 28 88
204569 21 88
204690 23 60
204740 17 68
204776 21 65
204797 20 45
204875 27 58
205391 25 49
205423 25 63
205481 24 66
206309 22 75
206488 23 64
206732 24 80
207197 29 107
207205 25 88
207410 21 86
207905 17 40
208123 22 92
208240 28 69
208384 25 79
209208 23 54
209529 44 61
209564 47 61
209731 41 62
209792 38 51
210264 24 61
210811 32 61
210829 25 59
210868 34 59
210883 33 60
210967 43 69
212063 28 65
212690 21 58
212852 28 78
213090 31 84
213179 36 68
213426 25 73
213534 19 52
213720 32 43
213750 27 51
214073 31 50
214468 32 51
214611 38 42
214701 45 55
215184 46 68
215699 44 54
215727 44 71
216105 35 59
216118 39 49
216130 36 47
216148 36 57
216272 25 31
216352 38 62
216371 32 65
217216 30 45
217435 35 58
217466 26 60
217535 44 60
217603 38 66
217855 35 57
218001 36 57
218133 34 46
218200 30 46
218687 33 38
218805 37 59
219068 20 54
219373 21 55
219445 29 76
220700 48 68
220835 20 29
221526 23 45
221773 14 40
221831 25 27
222171 31 46
222186 33 40
222261 47 58
222300 35 40
222447 55 58
222459 50 63
223131 33 50
223494 32 55
223518 29 40
223885 32 38
224181 15 35
224815 36 42
224893 35 58
225104 28 37
225238 34 40
225256 36 45
225703 40 61
225869 30 64
225884 28 52
226154 35 58
226218 38 48
226300 28 58
226479 20 47
226676 23 29
227416 38 54
228097 39 79
228442 41 50
228655 46 56
229322 46 82
229424 29 40
229662 39 43
229904 42 54
229998 23 31
230748 35 61
230922 36 60
230997 23 37
231048 25 63
231324 31 50
231517 44 69
231819 29 42
231894 43 63
232642 28 48
232747 50 62
233295 36 57
233312 55 77
233609 43 55
233632 57 60
233827 40 43
233851 35 37
233865 26 36
234048 24 39
234954 34 42
236104 45 47
236191 42 51
236912 49 42
237213 45 55
237540 56 57
238090 41 44
238151 47 48
238180 50 46
238232 53 50
238245 43 46
238369 53 52
238452 50 61
238542 37 42
238647 42 54
238797 55 59
239344 29 39
239839 24 45
239924 53 64
240084 22 39
240630 37 42
240636 39 44
240878 43 71
242421 52 57
242496 54 56
242565 37 53
242691 49 38
243698 39 60
244064 56 60
244216 47 53
244606 60 50
244650 46 37
244698 42 31
244878 29 26
244947 48 37
244974 57 57
245022 80 83
245214 32 35
245349 63 79
245616 60 43
245625 48 38
245667 44 51
245679 41 55
245685 36 51
246100 42 54
246912 37 64
247174 27 26
247249 21 37
247588 49 55
247639 51 50
248707 39 38
248722 40 41
249032 39 40
249144 40 32
249463 47 51
249742 27 44
250031 34 49
250148 40 37
250275 43 51
250512 32 35
250524 28 34
250645 49 53
250694 72 79
250840 44 42
250848 45 43
250950 33 43
251037 45 53
252117 30 29
252162 40 44
252341 35 42
252354 38 41
252387 46 47
252494 33 43
252579 53 39
252651 62 49
253441 30 41
253650 54 44
253709 56 56
253877 37 41
254223 46 54
254398 44 59
254938 49 53
255146 66 70
255327 53 42
255710 47 37
255730 59 47
255841 37 65
256305 41 38
256653 38 39
256658 42 38
257073 52 37
257223 49 51
258874 42 43
259414 66 59
259660 30 46
260087 36 51
260445 41 46
260522 45 57
261274 65 69
261336 61 68
262020 34 40
262346 54 50
262742 50 64
262776 43 54
263533 44 61
263921 29 31
264206 40 50
264332 26 42
264350 28 31
264385 29 45
265284 59 44
265401 54 44
265859 50 41
266113 49 46
266495 56 61
266680 35 37
266690 39 44
266909 45 54
267269 48 51
267335 55 81
267880 63 51
267901 70 67
267946 60 71
268020 45 56
268317 50 63
268539 53 39
269049 48 32
270594 48 47
271527 42 52
271750 39 23
272082 32 46
272334 54 59
272417 45 41
272873 60 54
274310 26 32
275560 27 62
276573 44 45
276811 35 42
276997 20 43
277261 31 36
278264 26 43
278287 35 50
278464 29 27
278759 33 33
279662 46 58
280665 30 45
280832 15 31
281050 11 24
281124 17 45
281131 11 39
281190 27 34
281222 29 40
281651 42 50
281731 48 60
282068 31 45
283013 42 59
284319 43 35
284348 41 37
284361 43 34
284377 52 52
284494 29 60
284690 33 53
284744 45 58
284768 38 51
285052 42 44
285190 42 58
285288 34 38
285494 38 49
285679 36 51
286395 24 37
286454 25 37
286484 6 24
287250 48 57
287448 40 36
287535 55 71
287748 38 50
287874 43 49
287940 61 57
287981 41 45
288042 49 36
288225 33 54
288261 42 40
288318 52 48
288693 55 68
289146 35 43
289904 35 50
290306 36 44
290392 45 70
290578 42 43
291250 40 39
291435 39 40
292938 30 49
293224 33 65
293544 53 60
293659 20 38
293763 43 60
294378 29 49
295089 35 58
295362 27 60
298153 35 52
298254 52 59
298392 32 47
298989 40 58
299473 58 63
300393 39 64
300560 23 50
302274 45 45
302539 29 60
302572 23 45
302692 33 52
303596 36 59
303663 24 57
303866 25 65
304163 25 88
304692 15 51
304752 33 54
304824 30 56
304918 27 93
305055 13 32
305074 17 42
305094 16 46
305106 25 49
306255 31 67
306671 26 51
306729 30 59
307071 32 67
307107 39 84
307114 38 82
307280 27 81
308050 28 42
308073 41 55
308363 22 46
308774 26 70
308801 26 62
309146 33 84
309673 23 46
309730 27 69
309743 35 69
309788 36 71
309879 13 36
309917 16 32
309947 23 50
310274 43 104
310782 24 54
310941 20 42
311000 24 57
311024 27 53
311461 21 78
311705 32 70
312291 21 64
312355 13 47
312398 11 65
312487 19 66
313253 25 40
313642 20 47
313664 30 48
314496 14 38
314754 36 52
314928 29 76
314943 31 67
315237 33 76
315249 37 77
316435 44 77
316534 30 69
316798 37 62
317953 25 54
318097 30 74
318187 32 63
318514 25 39
318625 43 73
319084 37 38
319300 45 71
319327 37 64
319532 39 59
319606 51 76
319614 41 65
319642 40 58
319770 30 61
320252 47 70
320270 47 65
320304 49 82
320342 34 70
320375 35 57
321243 35 64
321312 50 63
321501 36 79
321600 43 46
321807 24 53
321867 16 51
321882 16 53
322157 24 56
322891 48 45
322915 46 46
323224 43 50
323359 24 49
323427 49 54
323475 40 48
323661 47 63
323738 47 50
323781 33 55
323837 36 50
324153 37 58
324363 42 53
324432 34 51
324921 39 68
325176 55 56
325182 51 55
325679 44 66
326346 26 51
326842 49 75
326880 49 57
326988 32 51
326997 37 54
327067 54 52
327454 38 45
327513 43 52
327916 42 58
328381 29 44
328408 37 44
328534 46 70
329052 96 28
329128 48 27
329201 64 27
329225 60 25
329345 93 28
329468 62 15
329561 76 24
329955 81 26
330278 64 17
331002 91 24
331418 58 27
331495 59 19
331739 63 18
332255 85 18
332306 80 24
332501 51 15
332688 69 20
333095 92 21
333110 134 29
333353 58 16
333826 77 39
333954 70 22
333970 54 21
334208 58 25
334547 78 20
334990 75 33
335023 79 39
335864 81 33
336239 68 21
336538 59 28
336790 86 17
337076 71 29
337386 39 14
339437 59 19
339808 89 25
339877 80 23
339941 67 16
340486 76 19
340574 63 33
340664 51 27
340745 64 23
341012 75 19
341203 69 18
341231 62 17
341262 69 21
341320 60 24
341378 62 11
341580 56 18
342756 77 23
345852 61 54
345873 75 53
345903 58 31
345921 59 31
346043 66 28
346145 47 32
346259 69 30
346281 73 34
346307 63 29
346346 70 37
348047 55 26
348115 45 24
348178 33 20
348331 61 38
348874 59 30
348881 54 25
349145 82 39
349425 65 34
349430 71 36
351173 44 21
351298 65 35
351364 66 46
351472 59 37
351586 68 40
352096 66 57
352145 63 47
352322 58 31
352392 60 37
352419 66 36
352427 69 42
352548 67 50
352655 66 40
353435 58 37
353516 61 44
353632 69 39
353923 44 31
354304 50 35
354410 64 37
354899 76 40
354923 78 48
354989 51 36
355228 77 30
355257 56 25
355967 42 41
356028 66 39
356264 47 32
356309 75 41
356579 52 36
357164 32 53
358320 35 47
358744 36 61
363594 10 63
385310 11 96
390946 16 55
391051 22 62
391248 25 77
391276 22 62
391403 29 106
393225 16 75
393709 29 103
394019 27 78
394393 9 29
394776 21 60
395224 22 67
395433 24 74
395676 22 70
395993 21 68
396210 21 88
396285 16 85
396400 17 69
396741 19 60
397110 16 68
397509 25 89
397551 29 81
397722 21 79
399323 21 52
399679 20 88
399761 17 59
399860 26 95
399888 24 80
399921 23 74
399933 22 73
400012 23 84
400338 30 92
400562 28 79
400899 29 70
401732 11 45
401933 12 65
402086 20 84
402908 21 73
402926 23 78
403751 25 102
403989 29 110
404239 13 50
404299 21 86
404308 22 90
404346 20 70
404391 18 73
404688 13 50
404726 18 75
405012 18 69
405209 13 62
405222 15 74
405309 30 81
406899 17 86
406965 31 95
407212 25 68
407523 36 102
407857 15 87
407978 18 65
408267 26 75
409001 13 57
409076 17 72
409247 12 43
410135 23 89
410263 20 52
410303 25 88
410378 30 98
410485 19 72
411467 22 66
411646 20 79
411941 18 63
412183 16 71
412650 25 84
413108 20 66
413152 27 93
413245 19 73
413335 25 66
413363 18 75
413490 15 71
413754 28 81
414036 21 66
414078 21 71
414252 16 68
414531 20 84
414576 27 85
414585 20 65
414729 18 72
414948 18 80
416292 16 72
416689 17 51
416788 14 76
416932 18 90
417043 19 75
417133 8 63
417199 15 84
417372 22 101
417412 19 94
417502 15 91
417541 18 93
417589 27 105
417682 9 59
417781 23 108
418797 18 90
419553 14 102
419613 19 84
420669 13 93
420702 14 80
421164 24 101
421281 19 79
421307 24 80
421456 16 90
421464 21 85
421484 21 87
421560 17 120
421837 10 87
421870 10 66
421885 16 68
422076 9 67
422082 11 68
422295 18 95
422465 23 92
422524 18 82
422541 17 98
422866 25 121
423536 26 105
423609 19 74
424626 24 96
424695 21 124
425070 14 70
425265 14 54
425475 12 56
425544 13 77
425598 18 102
425649 17 93
425670 12 88
425736 19 74
425814 16 103
425904 16 86
425958 18 93
426024 10 64
426045 12 59
426066 9 55
426225 21 92
426291 16 71
426330 22 72
426411 16 67
426893 25 75
427110 17 87
427320 14 81
427725 17 89
427767 16 110
427851 16 95
428220 18 86
428409 13 54
429264 17 75
429324 14 104
431208 20 92
431484 15 69
431739 16 74
432351 23 81
432479 18 97
432518 17 97
432559 21 102
432881 21 104
432911 22 87
432950 20 81
432956 18 77
432974 18 83
433058 23 125
433519 16 57
433949 19 110
435056 11 60
435416 35 91
436668 24 52
436692 21 47
436850 39 85
436876 27 68
436884 28 78
437884 29 69
437956 39 84
438053 31 87
438106 28 59
438121 33 52
438181 25 55
438196 27 59
438469 26 74
438716 40 99
438815 22 67
440300 24 58
440659 29 73
441036 24 37
442850 24 87
443668 45 44
446075 50 41
446397 51 52
446425 55 52
446490 59 48
446503 50 52
446889 69 62
446919 66 54
446937 50 42
447064 61 57
447344 48 61
447371 52 67
447411 54 62
447674 63 69
447966 71 61
447996 66 54
448156 67 52
448887 65 56
449835 65 72
449932 50 42
450126 74 61
450441 57 52
450460 60 53
450804 66 46
450998 46 60
451011 45 51
451088 42 48
451660 60 57
451733 48 35
451921 54 54
452385 53 48
452673 47 45
453030 51 48
453136 57 45
453696 55 74
453720 47 50
454761 90 71
455142 60 49
455303 60 49
455465 59 48
455516 59 38
456710 55 60
456765 39 60
456791 39 41
457501 54 39
457540 59 40
457629 68 50
457667 65 67
457701 58 60
457715 64 59
458352 48 41
459142 78 45
459517 51 43
459581 38 35
459591 41 41
459596 38 36
459618 36 43
459629 40 46
459660 39 52
459711 63 54
459732 62 49
459745 73 50
459805 51 52
459828 69 52
459858 70 47
459870 78 52
459901 71 49
459939 64 43
459980 26 41
460009 25 39
460044 46 33
460077 62 46
460085 58 46
460186 69 45
461317 69 43
461450 78 67
461632 69 53
461653 79 60
462028 70 63
462313 64 40
462478 63 47
462553 71 31
462691 50 28
462840 60 60
462865 69 64
463018 36 52
463054 64 54
463072 64 51
463080 65 52
463262 82 52
464093 54 43
464123 59 41
464157 55 34
465708 46 34
465941 25 27
466366 47 43
467524 45 43
468432 72 49
468500 38 46
468645 55 46
468703 70 51
469206 8 64
469246 31 56
470132 51 53
470356 46 35
470372 56 51
471052 53 52
471084 59 58
471230 50 58
471266 48 51
471718 66 62
471847 59 33
472261 62 57
472388 68 43
472433 58 46
472538 57 56
472649 73 54
472903 56 44
472988 57 46
473192 41 40
473387 58 67
473675 66 51
474176 54 53
474239 55 74
474429 52 45
474813 77 50
474953 73 56
475047 75 48
475192 62 52
475227 60 53
475235 60 53
475254 61 53
475309 41 38
475377 62 41
475535 55 46
475586 40 50
475664 67 48
476090 63 45
477737 55 28
478093 52 32
478584 71 32
478662 67 37
479628 73 35
479685 46 30
479700 51 25
480327 105 23
480808 80 17
481137 80 23
481485 99 24
481715 70 22
481722 72 22
481733 76 21
482711 93 28
482969 107 31
483011 113 31
483113 92 21
483251 68 29
483450 68 33
483676 83 24
484304 78 32
485882 111 46
486036 69 30
486084 90 30
486112 83 26
486475 77 41
486578 46 17
486858 67 21
486928 81 29
487006 93 31
487121 97 34
487593 88 28
487608 98 26
487704 92 42
488331 103 26
488427 66 30
488439 67 24
488487 117 30
488544 105 27
488599 84 31
488706 83 38
489180 79 32
489586 76 35
489788 90 34
489889 79 35
489920 58 32
490068 78 36
490704 93 40
491192 93 20
491577 94 33
491689 83 32
492009 88 42
492117 90 44
493410 109 42
493479 106 31
493557 88 27
493608 67 23
493668 110 40
493704 104 42
493880 93 26
493905 81 30
494502 78 36
494528 99 46
494608 95 48
494613 93 44
494650 90 33
494755 85 30
494769 78 27
494789 85 34
494865 131 48
494871 123 50
494898 92 45
495459 63 42
495611 96 38
495622 103 45
496193 65 23
496217 68 27
496295 57 22
496880 52 35
498027 28 28
498290 73 43
499018 83 32
499216 77 31
499256 75 32
500022 91 42
500493 63 42
500703 59 31
501117 92 42
501225 73 44
501675 76 30
501900 52 19
502798 86 43
504723 77 34
504918 51 25
505385 79 29
505441 53 28
505498 38 18
505505 33 17
505522 58 27
505854 79 33
505936 72 37
506268 84 38
507098 114 45
507113 106 40
507504 70 35
508390 53 24
508897 77 37
508932 72 34
509187 67 36
509900 54 26
509915 67 34
510059 75 38
510216 93 51
510229 77 46
511993 27 16
512304 48 21
512522 60 47
512822 78 48
513293 74 51
513882 73 29
513998 97 47
514014 89 39
514056 78 50
514380 72 40
514600 81 60
514656 67 54
514665 77 67
514843 89 41
515059 95 46
515236 86 43
515272 47 52
515303 69 27
515464 86 52
515472 81 38
515526 91 48
515539 78 39
515840 76 40
515993 51 36
516117 46 27
516252 48 22
516314 69 41
516328 84 44
516354 65 34
516371 73 35
516399 50 40
516433 48 41
516521 65 30
516531 51 23
516552 50 23
516707 72 43
516729 61 46
516756 76 57
516854 63 102
516961 43 39
517030 55 46
517040 75 59
517047 75 66
517059 59 49
517154 67 46
517198 77 50
517248 77 36
517271 65 29
517282 78 32
517294 88 39
517304 83 34
517338 65 29
517383 50 32
517399 60 42
517415 56 44
517428 64 50
517439 61 48
517463 91 48
517538 71 34
517569 80 26
517625 53 33
517630 43 30
517660 52 43
517741 77 36
517753 72 39
517783 91 43
517797 82 46
517832 80 33
517862 56 29
517895 54 14
517934 43 15
517950 49 19
517972 76 32
518043 71 32
518054 81 25
518136 51 31
518141 55 33
518174 60 39
518217 76 38
518234 72 38
518243 79 41
518346 61 46
518400 59 44
518408 59 41
518450 52 62
518497 38 42
518533 29 37
518565 39 51
518682 13 32
518692 21 41
518704 22 35
522796 4 35
523718 6 29
523778 8 40
523803 13 45
523867 11 78
523872 11 97
523953 4 22
524021 6 28
524035 4 32
524073 15 29
524125 17 46
524169 31 43
524180 8 72
524198 8 72
524225 29 63
524242 36 41
524303 13 25
524426 80 40
524448 105 46
524472 70 37
524611 81 33
524732 92 55
524802 64 41
524877 79 34
524887 89 38
525010 75 41
525066 92 50
525079 88 53
525186 66 40
525231 57 34
525346 52 48
525597 6 40
525880 3 27
526558 4 12
526884 3 13
527023 3 13
530317 7 29
530326 8 32
530419 6 26
530449 15 40
530549 4 23
530562 4 25
530568 4 22
530601 30 48
530616 38 47
530646 37 43
530673 3 27
530880 6 34
530885 6 31
530909 2 13
532608 3 8
532659 7 20
532677 4 22
532689 2 15
532767 2 10
532806 5 14
533203 26 37
533296 26 41
533305 6 41
533467 94 21
533956 38 25
534985 24 0
535060 13 0
535159 3 21
535164 24 0
