474 4 22
1067 9 61
1108 13 57
1113 13 62
1187 17 55
1257 10 43
1361 7 40
1433 19 35
1448 14 31
1639 14 15
2610 6 49
3148 13 63
3177 15 60
3235 15 55
3305 26 58
3514 38 56
3562 32 54
3723 32 61
3841 50 43
3985 12 42
4032 37 53
4065 34 53
4374 38 64
4466 38 56
4624 23 45
4960 20 29
5114 46 51
5415 36 44
5525 32 63
5559 40 80
5593 36 58
5623 29 41
6191 29 70
6504 6 49
6563 11 59
6955 30 62
6984 37 68
7945 34 75
10841 48 69
12615 35 46
12770 46 75
13091 32 50
13241 39 66
13427 42 75
13489 38 76
13801 34 74
13822 46 98
14287 40 40
14602 26 42
14702 32 59
14750 31 58
15024 40 43
15279 35 58
15322 34 40
15358 36 32
15424 24 34
15466 38 34
15620 26 51
15635 24 43
15825 31 55
15881 37 48
16236 16 47
16291 26 49
16433 39 62
16439 42 63
16565 23 42
16570 23 42
16616 21 53
16623 25 51
16639 32 52
16651 35 57
16726 51 76
16870 33 70
16902 37 61
16911 41 60
16921 42 65
16932 44 60
16967 45 61
17074 39 73
17092 40 68
17138 31 67
17266 35 55
17317 32 70
17324 29 70
17999 28 30
18298 52 51
18343 36 42
18541 38 48
18613 47 49
19000 35 40
20040 63 47
20954 36 47
21014 31 26
23664 45 71
23696 38 58
24340 38 49
24695 21 66
24979 32 54
25177 23 58
25204 28 61
26098 33 65
26151 27 50
26215 39 43
26500 32 65
26566 30 74
26713 46 44
27287 36 53
27307 37 63
28021 53 68
28815 28 61
29013 51 70
29153 22 65
29216 54 86
29706 28 29
29836 26 32
29964 39 45
30643 45 58
30741 34 52
31397 31 76
31954 25 57
32430 33 67
32498 33 53
32624 39 44
32633 38 44
32687 48 47
33912 26 56
34179 41 67
34217 41 68
34241 44 70
34284 31 37
35011 30 60
35038 30 66
35179 29 52
35251 29 56
35357 19 60
35381 26 47
35467 30 54
35542 41 62
35812 37 63
36196 57 77
36388 42 65
36445 44 64
36705 59 52
36725 48 47
36799 25 42
37945 42 51
38054 43 57
38314 29 42
38736 37 42
38765 31 43
39314 39 66
39804 16 36
39860 27 48
40781 21 26
41049 28 48
41173 32 45
41223 38 49
41607 23 50
41640 33 53
41706 46 60
41834 45 52
42153 36 58
42354 39 57
42524 37 67
42922 40 66
42978 38 63
43098 41 59
43308 41 54
44942 29 50
45374 15 92
45559 9 54
46176 18 86
46661 11 79
47024 14 85
47228 16 93
47613 17 103
47978 13 70
47996 11 61
48078 11 96
48138 15 74
48507 6 53
49254 17 94
49392 11 54
49443 11 61
49598 24 94
49716 12 88
50028 11 65
50142 10 70
50289 21 78
50517 16 64
50673 11 82
50712 9 78
50895 15 64
50904 15 63
51303 14 75
51345 15 86
51355 12 77
53199 24 88
53235 15 51
53481 26 71
53499 23 67
53661 34 81
53703 21 70
53853 32 66
53898 16 60
54481 16 79
55014 22 68
55161 13 63
55215 15 49
55506 18 52
55595 29 84
56073 14 63
56373 15 52
56553 13 77
57037 16 47
57127 26 56
57169 33 74
57312 9 41
57479 28 57
57574 21 70
57788 19 57
57847 22 68
58170 18 83
58708 26 62
58925 29 63
59206 25 47
59336 28 65
59437 17 48
59717 22 65
60207 30 67
60250 27 54
60900 18 58
61647 10 69
62233 25 83
62538 24 80
62626 24 81
62831 16 55
63092 22 72
63468 24 70
63479 19 65
63510 11 71
63825 21 84
63894 18 76
64119 24 85
64486 23 56
64905 25 53
65046 18 74
65777 32 67
66204 28 62
66252 25 43
66507 25 81
66519 22 83
66549 15 71
66633 23 60
67512 22 40
67830 18 78
68158 19 67
68373 26 74
68630 26 62
68644 24 69
69108 17 67
69476 25 83
69868 21 72
70639 23 54
70686 20 60
70709 19 57
70822 30 72
70905 21 69
71489 16 54
71569 24 68
71700 18 55
71826 23 62
71838 23 59
71845 26 59
71875 23 52
71886 21 53
71901 21 53
71908 20 48
72092 15 31
72444 12 28
72471 10 40
73308 12 30
73393 18 33
73874 18 44
74388 23 89
74404 23 93
74630 13 59
74680 17 46
74916 18 65
74998 22 61
75109 22 63
75130 20 70
75208 23 68
75355 14 65
75508 20 72
75717 16 56
75757 13 51
76015 10 21
76069 4 16
76291 17 42
76325 21 34
76745 20 63
77241 13 35
77575 24 64
77703 20 75
78554 24 97
78702 26 77
78894 26 71
79029 22 60
79092 23 73
79892 16 59
79998 18 48
80130 17 57
80755 14 57
80957 23 81
81046 24 60
81136 26 83
81205 33 74
81502 28 68
81739 21 57
81829 24 62
81850 26 66
82003 20 51
82063 22 73
82663 24 89
83512 15 55
83692 21 64
84016 26 58
84099 13 74
84386 28 85
86179 26 69
87815 18 51
87848 17 24
88013 27 63
88079 17 44
88142 16 60
88292 18 43
88409 22 64
88862 16 47
88952 26 49
90074 30 43
90153 37 56
90241 28 56
90424 27 51
90455 23 31
90538 17 53
90830 39 55
90948 19 44
91004 25 53
91310 23 24
92189 27 38
92358 31 66
92610 31 52
92862 33 43
93411 36 55
93516 33 54
93543 32 60
94038 22 30
94165 31 54
94689 26 49
94792 39 67
95407 25 61
95440 26 86
95461 31 71
95518 18 49
95606 23 70
95782 28 42
96148 21 69
96187 28 51
96256 19 52
96289 19 57
96349 32 45
96481 36 79
96571 16 53
97246 14 49
97354 22 69
97540 20 43
97817 13 50
98842 33 76
99934 22 73
100096 17 63
100192 20 55
100207 27 74
100425 22 67
101500 26 90
101584 25 74
101746 12 62
101870 20 86
102373 30 66
103089 18 67
103189 22 53
103203 29 61
103809 19 74
105209 22 68
105274 23 50
105516 25 63
105848 19 40
106146 14 87
106151 14 93
106173 10 86
106189 10 65
106230 7 57
106248 40 62
106360 32 95
106376 24 84
106609 32 85
106978 21 54
107010 22 70
107029 18 66
107850 22 52
107919 16 70
108041 11 56
108075 19 58
108102 19 54
108873 9 43
109826 17 74
110313 15 74
110357 15 52
110519 15 43
110548 15 39
110697 17 51
110718 25 51
110957 23 51
111485 22 84
111497 24 80
112894 30 66
112961 13 74
113637 17 62
113904 18 53
113916 18 59
113985 28 70
114159 20 55
114261 45 89
114936 13 45
115230 19 43
115365 20 57
116009 9 49
116208 13 52
116262 14 53
116289 11 45
116307 13 52
116375 18 52
116565 19 69
116609 12 62
116627 19 85
116675 22 79
116700 19 69
116787 26 55
117172 29 92
117327 13 40
117461 24 55
117621 17 65
117678 23 59
117927 25 75
117936 25 81
118558 23 34
119288 10 38
119342 8 48
119415 7 31
119575 14 68
119580 13 56
120150 17 69
120390 16 77
120724 15 60
120814 21 66
120981 17 68
121261 15 60
121445 17 79
121544 16 51
121920 13 58
122259 13 56
122493 18 70
122679 22 66
122976 18 64
123294 19 83
123567 24 87
123732 14 62
123816 28 46
124161 30 68
125845 22 81
125995 24 62
126094 18 63
126229 19 73
126297 28 94
126390 18 67
127160 12 55
127760 15 52
127956 24 63
128297 21 54
129347 17 69
129668 28 82
130808 14 42
131153 7 53
131306 20 66
131639 19 74
131675 22 73
132101 14 54
132749 24 80
132761 25 88
132972 18 68
133070 10 65
133875 15 79
134791 21 71
135114 8 40
135130 7 36
135164 6 36
135200 9 56
135321 16 38
135383 10 15
135623 22 65
135893 15 72
136133 19 66
136373 18 87
136418 22 90
136863 16 49
136936 17 53
137118 12 50
137263 11 60
137543 13 64
137569 9 51
137723 22 70
137743 25 90
137756 25 80
137860 16 78
138915 11 41
139211 14 72
139247 15 70
139335 8 65
139405 14 65
139410 14 66
139434 10 68
139449 10 62
139457 9 65
139469 10 66
139527 14 73
139806 17 62
139831 14 67
140140 19 69
140185 27 76
140260 12 70
140890 20 83
140938 14 51
141745 12 66
142279 7 54
142414 21 61
143006 13 71
143182 18 53
143886 33 77
144037 9 68
144104 14 66
144109 15 67
144215 15 72
144232 14 72
144292 12 55
144320 17 47
144370 16 58
144376 15 59
144397 10 65
144468 17 111
145253 17 78
145365 19 89
145907 16 78
145960 13 53
146210 22 67
146528 10 70
146666 20 64
147278 15 65
147329 14 52
147611 28 73
147878 18 59
148121 12 36
149015 22 68
149195 11 38
149240 10 62
149279 12 70
149294 13 69
149419 13 61
149666 5 17
149871 13 56
150049 21 58
150088 19 67
150217 14 48
150505 19 71
150895 15 81
151189 15 69
151217 12 65
151405 27 63
152575 15 44
152587 18 52
152956 16 51
152971 17 68
153187 20 54
153463 9 57
153506 24 82
153529 26 81
153634 7 51
153853 18 73
154090 10 61
154267 12 67
154282 9 53
154685 25 72
154770 11 64
154963 20 78
155113 15 39
155202 10 60
155514 13 59
155931 23 88
156078 21 61
156313 25 75
156350 21 85
156774 15 68
157266 20 53
157907 17 59
157974 18 67
157982 17 71
158510 17 72
158516 15 71
159451 17 73
159832 16 72
160109 17 66
160378 14 76
160478 20 43
161062 15 45
161427 25 57
161809 18 55
163906 16 57
163948 17 56
164074 22 71
164425 12 71
164434 13 70
165376 18 60
165390 22 66
165463 11 52
165532 15 47
165552 14 44
165830 4 25
166380 12 82
166633 14 68
166649 14 72
166688 13 76
166704 12 56
166710 11 53
166737 12 49
166754 14 61
166778 15 53
166801 11 47
166815 11 41
166858 9 44
166956 14 43
167121 6 49
167222 18 68
167355 15 45
167548 16 70
167726 17 51
167792 10 41
168948 27 42
169500 51 35
169557 44 26
169581 28 22
169594 25 17
169923 39 41
170269 28 40
170815 38 39
171812 34 25
173426 34 33
175143 27 35
175209 27 33
175860 29 43
176343 23 44
176392 30 41
176488 33 40
176917 28 38
178421 26 53
178496 47 48
178517 47 52
178652 33 41
178818 41 49
178850 44 57
179117 52 46
179238 29 39
179451 48 48
179487 39 45
179538 27 45
180310 33 41
180419 36 47
180550 40 47
180564 38 39
180720 34 53
181058 27 56
181737 32 47
181877 22 40
182168 27 43
184729 35 36
185161 38 51
185560 30 43
185807 29 34
186013 23 27
186018 25 32
186756 29 43
186767 29 45
186946 34 57
186955 32 53
187055 28 58
187445 25 33
187539 34 43
187763 26 38
187832 47 40
187892 38 40
187910 34 40
187940 25 37
188033 46 54
188323 30 46
188667 24 41
189255 35 52
189693 30 33
189995 32 39
190032 37 51
190887 25 41
191034 32 42
191067 25 39
191403 30 27
191547 27 50
192131 20 33
192172 24 47
192234 25 41
192371 26 48
193466 25 42
193478 26 41
193585 33 37
193740 36 52
193951 39 52
193999 52 55
194312 35 49
194395 45 42
194448 38 42
194990 37 55
195197 45 50
195504 38 48
195542 37 39
195590 44 57
195764 35 31
195974 25 41
195993 27 41
196644 32 38
196667 30 39
196691 36 43
196781 25 27
197350 32 34
197530 45 34
197807 47 46
197833 37 50
198317 44 54
199081 26 36
199089 26 33
199194 23 29
199247 45 52
199645 42 38
199887 36 49
200598 13 42
200634 19 32
200649 17 36
200817 23 35
200996 29 38
201033 26 42
201309 17 20
201503 17 10
201662 24 17
201763 19 16
201809 18 24
201819 20 31
202003 34 39
202070 21 45
202317 43 40
202365 43 38
202387 30 30
202426 26 32
203503 28 35
203519 30 34
203581 31 39
203632 38 31
203731 37 49
203743 43 67
203802 35 41
203998 34 34
204031 31 31
204254 39 35
204313 32 28
204462 34 36
204593 32 52
204599 34 50
204626 37 53
204754 24 24
205266 38 30
205276 31 26
205305 39 30
205610 39 32
205721 39 38
205844 37 33
206093 33 44
206351 32 40
206930 22 37
207623 31 23
208296 29 29
208867 36 39
209286 46 42
209292 46 39
209655 37 46
209865 36 36
209892 36 50
210307 40 31
210325 39 27
212148 45 32
212457 39 31
212540 54 56
212852 28 24
212879 49 39
212909 48 50
213395 23 29
213572 39 38
213588 35 37
213650 35 35
213674 37 35
214040 46 36
214082 36 42
215291 28 30
215837 37 37
218236 39 33
218485 37 30
218701 23 22
218787 50 56
218824 41 49
218938 38 27
219304 41 37
219742 25 43
219754 18 42
219766 24 48
219802 20 43
219826 34 42
219835 34 36
220702 24 41
221254 15 44
221634 28 45
222102 32 57
222186 24 48
222225 23 40
222372 24 53
222405 27 35
222480 20 41
222923 24 63
223642 30 81
223743 29 50
223780 18 29
223846 9 38
223859 17 50
223882 24 63
223902 25 61
223940 29 56
223946 32 53
223969 35 57
224001 20 47
224155 15 47
224227 32 57
224260 27 49
224599 35 53
224794 14 46
224837 21 47
225224 24 42
225446 24 46
225610 28 49
225683 26 47
225772 25 45
225848 17 52
226297 28 54
226309 22 52
226424 26 50
227311 32 34
227552 32 48
227873 26 34
228058 20 47
228085 18 49
228137 11 38
228877 27 46
228904 31 60
229012 29 44
229134 28 55
229233 19 61
229362 20 45
229699 28 58
229753 27 58
229778 26 60
230001 24 60
230439 21 52
230738 26 59
230796 29 40
231283 30 58
232053 23 37
232271 26 31
232333 21 44
232656 28 63
233509 24 56
233558 14 42
233761 17 48
234113 17 39
234128 17 38
234308 28 69
234665 25 49
234983 33 71
235196 29 63
235295 26 51
235583 21 45
236362 32 50
236449 24 37
236700 19 45
236894 20 44
237296 17 60
237455 28 37
237542 20 44
237638 36 56
237749 14 28
237773 17 34
237803 17 42
237899 23 44
237941 23 60
238154 12 62
238361 23 45
238935 23 53
239033 29 65
239489 29 57
240092 19 52
240547 22 58
240623 15 31
240856 25 43
240926 27 58
240934 24 58
241366 26 49
242850 21 40
242920 10 39
243172 17 41
243365 22 57
243375 24 52
243398 21 46
243767 27 66
244381 30 64
244703 26 65
245106 24 53
245220 23 54
245241 19 60
245356 20 53
245839 31 60
246673 50 36
246904 45 44
246993 42 33
247031 40 41
249160 44 32
249443 61 39
249464 58 35
249526 33 32
249536 25 32
249551 23 32
249586 22 28
250218 20 14
250293 22 21
250775 38 40
250920 27 43
251254 28 32
251285 25 33
251336 30 30
251578 32 39
251642 49 38
251702 26 26
252116 34 40
252225 35 36
252286 21 34
252483 29 55
252495 27 55
252631 38 47
252730 50 51
252879 33 59
253274 37 40
253691 41 31
254289 36 31
254319 40 41
254331 29 34
254500 33 21
254775 39 34
256491 35 41
256568 33 21
257106 41 32
259555 38 43
260502 41 24
260687 46 26
261061 28 26
261815 42 42
262271 42 24
262481 27 28
262598 34 36
262881 40 53
262923 47 48
263304 33 29
263715 65 40
263730 60 38
264186 35 29
264503 29 28
264753 34 17
264792 34 19
265336 31 21
265516 49 52
265676 31 33
265778 35 39
266604 22 31
266737 25 33
266853 33 37
266942 46 43
267249 51 37
268415 35 32
268826 37 38
268988 35 44
269024 26 32
269030 29 36
269294 22 29
269299 23 30
269930 27 37
270187 24 34
270408 29 51
270657 38 28
270784 45 59
271710 28 46
271752 20 68
271860 17 57
272016 10 43
272154 14 84
272313 9 38
272396 11 63
273110 7 43
273800 11 44
273853 11 37
274014 9 30
274023 12 39
274087 12 59
274293 9 46
274307 10 40
274542 13 55
274647 14 56
274890 8 64
274941 10 57
275242 19 55
275522 17 95
276286 15 65
277935 17 45
278112 15 30
278211 17 71
278283 10 51
278379 13 53
278700 10 52
279063 25 59
279074 21 49
279142 13 46
279384 18 58
279681 10 35
279701 12 30
279718 14 44
279737 14 53
280937 23 53
280952 26 47
281024 8 49
281162 5 25
281226 17 49
281267 14 45
281278 14 46
281297 10 29
281321 9 34
281624 17 48
281689 8 55
281858 21 65
281906 17 53
281934 15 46
281975 12 49
282179 11 47
282212 15 56
282299 6 34
282348 10 32
282362 12 32
282382 13 37
282390 15 39
283055 9 58
283275 19 68
285095 9 62
285221 6 46
286364 9 63
288620 9 70
288789 9 57
291280 7 60
291295 6 54
292495 7 55
292923 9 63
293243 13 79
295675 13 56
296132 13 49
296425 9 52
296782 14 40
296921 23 68
297206 11 36
297544 12 53
297827 15 74
298540 22 51
299712 6 30
300844 13 55
300903 20 59
301042 16 52
301057 15 45
301426 17 60
301442 19 61
301499 12 44
301990 14 53
302784 12 39
302888 9 56
302963 15 54
303518 9 36
303632 17 58
303782 14 54
305116 20 37
305274 36 60
305490 27 44
305533 33 50
305670 22 26
305676 22 30
305781 30 39
305850 21 19
305987 28 31
306330 30 34
307099 22 41
307816 15 26
308028 37 42
308222 31 32
308615 23 30
308748 32 39
308897 30 26
309089 39 42
309269 21 46
309356 28 43
309369 30 45
309698 30 43
310549 31 49
310558 32 55
310828 22 36
311020 28 32
311908 27 48
313391 23 51
313446 29 43
313501 30 41
313521 31 44
313537 31 46
313547 36 44
313675 29 34
313868 33 42
313883 27 38
313990 34 49
314038 42 60
314066 28 51
314101 34 60
314225 22 40
314339 29 30
314356 22 34
314371 30 42
314378 31 44
314475 33 71
314498 33 56
314694 32 32
314746 34 32
315003 24 32
315252 33 29
315352 33 23
315409 35 34
315491 30 33
316024 20 15
316211 25 35
318037 20 12
318222 38 32
318244 28 25
318617 40 30
318644 47 45
318684 55 40
318720 38 43
318928 38 47
319088 30 41
319143 20 32
319172 33 34
319196 34 40
319238 35 46
319245 37 42
319461 22 37
319520 26 26
319605 26 33
319678 33 45
319779 32 45
319810 15 26
319860 23 42
320097 38 41
320124 31 33
320463 29 51
320484 32 47
321155 29 30
321534 25 30
321565 35 43
321765 31 27
321808 30 19
321850 28 27
322352 25 42
322378 34 40
322426 33 52
322578 30 53
322593 31 58
322747 32 42
322943 42 55
323034 18 41
323089 35 52
323141 31 46
323237 25 51
323279 16 49
323292 17 53
323477 25 37
323763 24 42
324023 15 36
324043 17 44
324088 31 63
324292 36 47
324754 24 30
325603 33 36
325836 40 49
327259 25 48
327432 37 43
327940 17 26
327973 21 32
329032 20 36
329086 27 39
329306 43 30
329355 28 40
329533 35 31
329553 34 45
329592 45 47
329618 36 32
329639 30 32
329669 30 39
329816 38 50
329903 23 35
329914 25 30
329936 26 33
330318 32 52
330341 32 45
330395 23 25
331096 30 44
331109 32 41
331115 38 44
331544 44 41
331688 30 40
332039 31 29
332271 27 39
332340 38 45
333047 28 48
333181 24 35
333191 25 36
333203 24 36
333517 21 27
333574 27 44
333856 37 38
333922 26 36
333939 27 31
334530 27 20
334885 26 33
335078 21 33
335218 23 34
335424 36 46
335527 24 36
336539 29 39
336583 26 34
336677 20 37
336712 24 32
336765 26 48
336944 27 25
337085 20 30
337151 22 28
337169 24 35
337251 34 42
337409 37 42
337869 36 42
338003 26 30
338381 32 51
339042 20 44
339146 22 36
339360 37 52
339741 33 44
339750 39 44
340461 22 39
340663 10 22
340687 15 22
340917 18 37
341087 34 24
341120 27 38
341582 19 43
341857 30 30
342029 43 52
342322 26 37
342744 17 34
342844 23 48
343813 28 43
344397 21 37
344592 35 57
344710 24 38
344855 25 34
345271 32 42
346408 23 48
347016 32 34
347181 37 54
347311 11 24
347477 29 56
347482 31 54
347592 23 32
347637 14 27
347756 42 41
347775 38 41
348593 21 39
348869 19 39
349179 22 36
349220 36 49
349487 21 39
349845 22 29
349913 26 34
349926 24 39
349935 22 33
349972 16 40
350012 13 39
350612 26 36
351043 39 40
351098 35 36
351335 34 33
351955 26 29
352329 37 56
352476 21 10
352609 40 34
353010 31 32
353283 25 32
353705 28 23
353973 36 36
354138 27 36
354579 38 42
354750 27 29
354885 55 60
354982 35 24
355607 45 34
355676 33 40
355688 27 38
355757 23 34
356063 24 16
356285 30 35
356558 29 27
356564 37 31
356587 36 26
356633 55 49
356716 28 29
356822 18 29
356846 24 31
356861 28 33
356945 32 38
357234 29 30
357321 37 27
357345 33 26
357591 27 22
357897 31 28
357963 31 46
358047 29 37
358104 31 30
358669 26 29
358704 28 43
358752 18 36
358766 29 46
358933 20 17
360077 33 38
360215 46 36
360480 31 24
360579 36 41
360830 27 35
360908 16 26
360916 19 23
360960 31 23
361021 25 35
361058 25 36
361271 24 29
361351 42 27
361358 45 28
361385 29 32
361419 20 28
361569 24 28
362220 23 28
362477 29 36
362742 32 31
363125 34 37
363179 45 56
363228 34 49
363279 37 35
363314 21 25
363707 32 22
363751 30 30
363815 38 33
363866 51 36
364192 40 27
364276 35 31
364441 38 38
364465 28 28
364537 35 26
364792 26 27
364891 34 25
365037 30 34
365638 31 29
365857 16 25
365985 24 27
366618 18 25
366678 37 39
366952 25 30
367346 35 29
367436 39 39
367598 26 35
367999 28 24
368450 29 25
368522 25 16
368718 38 22
368833 34 25
369095 37 37
369586 44 48
369703 30 30
369717 25 33
370651 26 30
370675 33 30
370714 32 48
370975 24 37
371623 19 18
371997 33 35
372017 35 34
372296 38 22
372366 42 21
372573 56 29
372673 37 24
372846 43 23
373578 43 15
373707 38 15
373787 54 27
374385 35 25
374892 43 28
375042 35 20
375051 34 22
375186 58 22
375220 41 20
375484 44 29
376041 35 16
376716 32 22
376836 34 28
376872 38 33
376878 40 33
376911 49 30
377502 50 22
377738 57 23
378130 44 13
378163 49 12
378193 45 14
378312 47 18
378705 38 15
378759 45 18
378924 53 23
378972 47 12
379653 38 15
379743 48 19
380016 41 26
380223 26 22
380347 42 27
380442 48 18
380607 46 27
380745 38 25
381735 35 25
382446 37 22
382698 43 28
382707 50 23
383512 36 32
383670 34 43
383950 24 30
384053 44 27
384104 27 30
384257 30 25
384505 24 39
384663 22 35
384825 19 36
384921 17 35
385359 33 31
385404 43 50
385423 33 50
385439 34 44
385484 27 32
385564 24 33
385593 27 43
385752 32 45
386352 22 35
386377 23 41
386602 28 23
386738 35 47
386886 30 32
387712 25 31
387721 23 26
387838 29 35
387844 35 32
387949 36 58
387956 37 52
388144 32 58
388291 25 46
388360 21 30
388472 27 51
388480 35 53
388510 45 60
388670 30 35
388686 27 35
389097 21 41
389187 42 40
389248 24 32
389285 16 33
389356 28 51
389614 14 28
389661 25 40
389669 22 34
389704 33 51
389872 28 40
389932 24 30
389961 25 34
389981 27 40
390274 38 45
390324 37 36
390336 30 33
390456 15 22
390474 17 25
390555 24 28
390591 27 34
390604 23 23
390740 12 25
390748 12 23
390784 15 18
390814 21 31
390832 20 30
390892 27 36
390925 27 38
391174 19 38
391300 25 52
391369 26 37
391669 26 49
391813 27 38
391975 30 38
392012 39 39
392165 21 19
392335 27 30
392414 36 28
392634 29 16
392700 25 22
392945 43 20
393732 38 21
393750 26 20
394212 36 26
395149 23 19
396253 31 21
396843 23 16
396942 18 22
397053 18 7
397539 37 33
398667 24 25
398710 37 27
399112 33 28
399131 31 28
399846 35 35
401621 36 33
402306 27 30
402384 34 31
402494 22 28
402503 22 29
403760 31 36
403786 39 29
404865 20 23
405109 44 57
405150 31 38
405244 17 28
405352 22 32
406197 43 25
406409 38 15
406483 51 16
407276 42 18
407539 27 20
407608 29 26
408075 32 32
408267 26 24
408833 49 32
410108 45 14
411132 51 16
411173 64 14
411481 43 9
411631 54 13
412063 59 17
412081 50 14
412102 45 11
412289 46 13
412312 50 17
413033 51 15
413179 51 15
413542 57 17
414810 39 21
415054 14 13
415102 33 9
415121 35 10
415490 45 21
415755 56 15
415983 42 13
416014 37 14
416048 32 16
416861 59 21
416874 51 20
417029 42 14
417208 30 12
417284 62 15
417589 46 8
417745 52 13
418125 50 12
418138 52 11
418149 55 13
418474 49 11
418941 56 20
418992 50 16
419136 43 18
419930 42 14
419959 44 16
420523 67 10
420661 34 15
421074 60 18
421887 46 13
422135 21 13
423079 32 20
423086 34 21
423199 61 13
423251 41 13
423326 47 17
423563 50 22
423590 46 28
423617 38 28
423668 37 14
424307 51 18
424320 53 17
425578 32 21
426136 38 11
426262 39 13
426694 50 14
426709 43 13
427771 49 12
428175 38 18
428238 43 18
429448 47 15
429901 54 11
430375 53 17
430521 38 9
430556 37 10
431023 51 11
432314 24 9
432421 25 8
432551 25 10
432744 37 17
434755 58 11
435104 52 18
435344 38 12
435605 43 15
435665 35 10
435752 60 15
435917 26 39
436137 52 14
436255 37 12
436325 36 12
436664 55 17
436752 45 15
437131 35 17
437280 49 9
437448 43 14
437826 37 17
437937 37 11
438057 49 13
439044 34 17
439209 40 12
439268 46 13
439500 56 10
439530 47 10
439722 63 22
439755 50 17
439823 45 17
440137 45 24
440659 49 12
441271 48 17
441289 50 14
441808 46 14
442201 51 13
442293 48 18
442849 38 26
442891 32 32
442942 41 23
443038 13 36
443212 26 14
443307 32 21
443395 36 22
443521 27 24
443549 41 29
443587 42 20
443653 30 20
444003 25 21
444130 30 23
444155 34 26
444525 37 26
444750 39 16
445104 47 21
445452 35 26
445967 33 12
447067 35 31
447887 26 16
448135 40 31
448765 28 22
448794 26 22
449018 26 20
449383 18 16
449457 32 24
449532 30 34
449573 32 25
450184 41 21
451020 30 23
451185 37 39
451446 31 38
453003 32 33
453140 30 27
453378 20 11
453449 17 12
453525 9 15
453606 16 20
453727 27 31
453824 19 24
454581 32 22
454705 34 30
455370 33 32
455948 33 28
455954 31 23
455966 30 23
456698 31 31
456822 35 31
457106 37 36
457598 38 27
458710 12 9
458730 10 16
458850 32 25
459050 31 15
459371 15 26
459785 25 26
461036 26 13
461084 26 22
461138 25 23
461442 24 22
462805 10 14
462851 26 28
463272 32 32
463302 31 30
463691 30 35
463793 38 22
463889 34 48
464081 27 23
464264 40 33
464657 43 34
464833 19 29
464879 24 17
465323 32 38
465407 29 23
465569 22 24
465635 24 21
466078 25 32
466086 25 33
466374 17 29
466586 36 37
466673 31 30
466769 28 30
467714 22 26
468165 36 26
469301 28 26
469439 41 37
469491 44 41
470579 22 30
472073 32 31
472274 46 29
472307 29 25
472429 35 24
472550 33 27
472582 19 26
473047 40 29
473088 47 33
473354 32 45
473505 27 27
474126 12 28
474873 24 24
475056 27 29
475532 38 24
475545 38 26
475811 38 31
476190 32 25
476715 33 25
476722 30 25
476783 26 32
477977 20 20
478424 37 36
478431 40 39
478611 30 24
478883 30 24
478991 38 43
479067 18 13
479190 36 40
479675 4 8
479769 22 30
481095 23 27
481703 29 22
483500 36 44
483710 30 21
485464 25 33
485519 34 26
485970 16 14
485997 28 34
486123 23 58
488390 24 36
488402 27 27
489423 28 36
489594 16 25
489774 24 36
489798 31 36
490714 11 21
490754 28 26
490785 37 37
490889 33 44
491538 17 26
492296 27 25
492425 27 48
493607 23 38
493722 28 21
494046 29 41
494567 27 35
495110 32 43
495962 34 36
496411 24 23
496551 8 14
496733 19 30
497257 27 26
497329 20 33
497413 25 22
497514 23 30
497912 23 46
497989 17 28
498013 14 30
498213 21 26
498704 25 29
498860 24 39
499094 17 27
499631 40 43
499681 22 35
499761 15 20
500335 26 47
500699 19 27
501176 22 18
501824 45 56
501862 27 30
501919 19 24
501959 16 31
501964 17 31
502220 19 38
502570 7 38
502619 13 21
502964 21 30
504121 19 26
504478 21 30
504518 25 37
504578 27 41
504674 13 25
505106 26 25
505174 29 38
505212 31 47
505800 20 32
505851 22 34
506055 28 41
506861 32 39
506930 29 42
508273 32 31
508287 29 27
508357 34 42
508661 23 40
508710 23 30
508981 19 38
509148 31 43
509370 21 33
509425 15 30
509517 37 41
510328 23 23
510420 29 43
511141 32 39
511220 23 36
511449 20 30
511681 31 46
511782 21 36
512218 13 38
512624 21 31
513034 16 26
513160 28 49
513782 25 27
514669 15 31
514783 37 32
514872 22 29
515108 21 20
515846 24 43
515876 25 36
516078 26 35
516102 26 25
516372 22 28
516456 31 42
516471 28 35
516692 37 35
516880 21 24
516900 20 27
517146 18 41
517385 17 21
517392 22 27
517507 10 20
517538 10 13
517550 18 15
518476 36 23
518487 35 19
520727 43 16
521379 32 23
521446 36 23
521872 33 21
521962 44 18
522722 22 11
522761 16 7
523004 30 8
523121 39 25
523152 33 20
523517 38 24
523749 27 12
523799 17 20
523823 5 37
524168 43 18
524294 29 11
525268 49 22
525655 43 29
526215 36 19
526525 40 16
527687 48 24
528112 43 11
528726 39 16
528776 38 13
528918 49 24
529036 44 19
529119 53 21
529224 51 17
529357 29 12
529381 23 17
529647 57 24
529831 41 20
529997 48 23
530815 31 11
531024 27 17
531353 39 16
531834 51 19
531922 35 13
531944 39 14
531994 54 13
532684 44 19
533672 39 17
533931 42 30
533949 35 26
533992 46 28
534688 27 6
534717 27 8
535226 36 15
535808 40 19
535955 36 22
536326 29 17
536695 44 19
537203 33 21
537985 40 17
538876 45 20
539017 44 25
539947 46 13
541258 65 34
541424 61 21
541782 38 16
541839 30 15
542409 49 29
543722 32 22
544358 40 16
544393 37 12
545272 37 20
545505 48 27
545523 54 23
545810 45 14
545981 27 14
546054 42 12
546450 44 23
546745 61 23
546764 61 29
546796 47 21
546802 48 20
546813 49 17
546856 39 13
547629 40 18
547811 34 12
547906 50 17
548053 37 20
548269 44 24
549282 56 36
549732 33 16
549850 6 18
554184 2 12
555045 30 1
555098 100 2
555149 50 1
555803 25 12
555942 17 12
556065 38 19
556584 38 15
556884 23 15
556995 50 24
557634 31 15
558148 32 11
558376 43 15
558461 29 22
558585 39 15
558714 28 24
558939 44 18
559120 40 19
559227 37 24
559311 41 19
559381 33 17
559786 39 3
559919 41 9
559934 38 9
559977 45 8
560075 39 14
560648 40 29
560835 46 21
561350 54 26
561415 35 23
561551 53 14
561658 38 20
561710 41 14
561772 35 11
561820 40 18
561869 50 26
562162 53 26
562277 48 22
562406 36 23
562421 37 21
562688 26 12
562761 22 10
562946 41 17
564123 11 8
564154 32 18
564277 30 16
564540 48 21
565285 44 24
565387 43 14
565946 40 29
566125 43 25
566458 40 18
566922 33 16
567034 44 13
567061 54 19
567654 40 15
567886 32 13
567954 38 14
568435 53 17
568549 40 14
568570 33 10
568687 46 14
568849 44 19
568891 45 20
568921 34 17
569203 41 19
569266 50 17
569307 64 19
569498 48 15
569515 49 13
569959 43 20
570041 35 20
570364 45 22
570445 36 18
570577 40 24
571194 19 7
572525 42 17
572954 33 21
573224 35 19
573891 40 19
574115 36 19
574187 27 19
574222 29 19
574456 32 16
574502 41 22
574649 43 25
574994 36 17
575186 45 21
575709 39 18
575789 48 20
575795 44 16
575941 40 28
576011 36 17
576092 48 24
576138 36 23
576233 27 21
576451 41 34
576776 42 16
576818 64 34
576949 43 20
577213 41 31
577667 31 18
577673 30 19
577760 44 28
577826 40 15
577915 48 19
578048 44 19
578055 43 16
578481 37 31
578568 46 28
578585 40 24
578649 37 20
578778 50 25
579261 34 14
580023 35 19
580301 21 14
580337 21 11
580605 24 10
580833 37 24
580991 41 20
581226 43 27
581616 34 18
581716 37 22
582276 46 14
582962 39 22
583476 46 30
583533 33 18
583693 44 32
583781 41 21
584298 44 28
584307 39 29
584427 37 14
584466 38 19
584490 47 20
584538 47 30
584727 33 22
585582 40 21
585768 43 24
585783 40 23
585939 34 21
585991 43 26
586844 34 20
587055 63 37
587499 40 19
587685 51 36
588099 40 21
588119 42 17
588464 43 27
588803 29 18
588827 29 22
588843 29 21
589019 39 22
589387 40 17
589441 30 19
589831 21 11
590047 44 29
590053 42 27
590080 37 23
590256 36 24
590320 46 19
590484 27 18
590686 9 2
590842 14 9
590927 31 12
591088 39 13
591492 35 9
592104 29 16
592855 39 13
593007 24 4
593073 12 5
593254 34 16
593545 35 18
593632 37 27
593824 26 21
594328 41 26
594358 42 25
594748 55 22
594796 50 23
594814 59 22
595237 20 15
595453 30 30
595765 36 21
596002 25 23
596326 37 27
596338 40 29
597082 42 19
597311 34 23
598120 25 19
598225 36 26
598369 43 15
598405 49 26
598767 26 8
599619 30 21
600178 36 21
600247 47 25
600418 38 22
600501 46 25
600532 42 22
600619 41 18
600643 35 13
600769 27 19
600796 33 17
600814 44 19
600832 45 18
600853 50 14
601081 40 24
601294 68 45
601346 53 28
601356 33 29
601443 42 17
601460 41 21
601695 44 17
601781 44 22
601867 36 14
602193 42 19
602212 41 13
602394 41 22
602890 72 20
603310 41 16
603899 39 12
604021 49 19
604135 47 15
605273 49 20
606043 37 18
606120 42 20
606425 41 27
606644 42 21
606760 36 11
607513 34 12
607693 37 9
607945 36 13
608009 35 17
608026 36 22
608604 17 14
608797 9 5
609614 44 28
610112 49 26
611081 41 19
611312 45 10
611382 42 20
612059 46 18
612079 32 16
612095 34 20
612116 47 21
612284 43 14
613533 33 19
613542 31 21
613627 32 18
613992 34 18
614547 41 31
614828 38 18
614953 27 6
615147 38 13
615532 48 17
616022 44 23
616276 47 18
616502 34 15
616715 50 11
616916 44 18
617015 30 13
618250 49 23
618328 31 16
619097 29 24
619685 34 12
619754 52 17
620278 39 22
620583 41 6
620621 46 11
621026 28 14
621193 19 2
621325 45 10
621331 48 10
621494 40 7
621698 48 11
621707 52 11
621974 52 11
622786 42 12
622865 48 4
623110 51 8
623287 44 12
623528 47 9
624198 56 16
624480 48 7
624516 46 6
624802 60 9
624902 48 8
624937 49 6
624975 54 9
624992 46 7
625185 53 12
626189 52 12
626372 66 10
626402 71 14
626509 47 13
626998 56 18
627075 43 21
627433 47 26
627490 55 32
627550 44 27
627595 21 28
629064 36 9
629292 50 14
629859 44 7
630496 60 15
631063 15 1
631078 13 0
631532 43 6
631781 73 15
632170 69 11
632254 30 5
632370 42 6
632470 25 2
632723 63 12
633417 49 4
633564 50 7
633569 52 8
633724 61 11
633794 59 11
633837 45 10
633846 39 10
633888 48 7
633951 54 11
634293 57 10
634305 53 12
634521 54 5
634577 54 10
634587 63 8
634595 43 8
634639 45 12
634708 41 6
634775 7 4
634920 29 6
635036 38 7
635074 52 11
635224 60 8
635247 69 8
635317 50 6
635344 34 3
635482 67 13
635539 55 9
635646 52 6
635694 46 12
635772 41 8
635872 30 13
635890 31 11
636052 55 5
636096 54 8
636241 52 5
636335 52 14
636377 62 10
636392 61 11
636425 64 6
636466 50 10
636482 49 10
636702 51 8
636751 62 10
636809 44 7
636899 46 10
636949 37 12
636989 37 7
637061 45 7
637232 51 12
637373 74 11
637395 65 10
637433 47 5
637463 55 5
637476 49 7
637514 53 11
637664 71 11
637749 42 10
637997 54 13
638062 50 12
638118 41 12
638128 27 9
638316 55 10
638363 52 8
638699 34 11
638765 45 8
639116 66 14
639155 43 4
639349 44 10
639573 47 10
639746 67 7
639779 56 8
640088 62 9
640190 63 8
640217 60 7
640247 51 12
640538 32 7
641009 60 9
641436 40 10
641505 16 8
641579 76 9
641659 59 18
641900 57 10
642064 48 10
642155 48 6
642195 46 11
642484 56 12
642789 42 5
643059 21 12
643109 2 18
643122 21 10
643178 38 9
643238 29 5
643446 53 8
643517 67 8
644163 76 6
644357 55 11
644591 70 15
644839 60 9
644980 45 6
646015 35 9
648089 54 14
648683 67 7
649791 43 13
649831 63 15
649857 56 8
650165 46 11
651443 52 14
651939 41 9
652026 39 10
652035 47 12
652247 47 12
652273 50 13
652334 50 10
652561 64 16
652687 42 7
653543 56 12
653558 55 11
653572 48 9
653953 53 6
654637 58 10
654688 64 11
654754 62 7
655703 41 11
655949 48 11
656441 46 22
657152 61 10
657945 25 6
658017 26 7
658047 25 4
658209 47 15
659199 62 8
659369 21 5
660314 50 7
660324 56 8
660369 60 11
660447 60 2
660876 55 5
661314 54 5
661383 41 4
661413 44 3
661649 64 5
661658 58 5
662073 54 2
662499 59 4
663399 50 4
663591 47 1
663821 50 2
663873 73 3
663889 71 4
663951 64 4
664148 61 3
664223 63 1
664703 70 1
664724 60 2
664884 54 2
665233 66 8
665351 36 2
665442 65 2
665577 61 5
665690 47 6
665729 57 1
665842 58 4
665872 62 3
666025 56 3
666191 53 6
666209 50 4
666236 61 6
666454 71 13
666892 53 7
666980 77 5
667685 58 3
667772 53 2
667817 61 4
667920 77 5
668423 59 4
668447 66 3
668474 75 4
668576 62 2
668627 61 1
668885 65 1
669171 70 9
669419 53 9
669770 56 4
669835 61 2
670329 57 7
670827 48 8
670953 64 3
671118 54 9
671376 75 7
671512 34 4
671724 49 5
672705 37 4
673170 83 8
673770 55 3
673782 57 2
673967 35 7
674581 57 2
676099 65 4
676177 58 1
677756 55 11
677796 46 14
677888 45 11
678625 64 12
679609 53 5
679672 46 13
679814 53 21
680058 46 6
680785 51 9
680851 37 9
680901 48 13
681524 25 1
681595 28 4
681750 47 3
681877 44 3
681993 53 7
682089 42 5
682111 46 13
682137 30 10
682184 44 6
682195 49 6
682209 52 6
682217 51 6
682351 49 10
682644 48 6
682870 41 12
682942 17 11
682976 31 12
683135 22 14
683938 60 14
683960 54 12
684320 25 9
684348 28 12
684393 35 30
684659 37 12
685003 40 17
685026 33 13
685152 46 16
685900 36 10
686026 36 16
686062 50 17
686113 61 14
687534 44 18
687599 57 17
687747 50 20
687774 49 19
687800 38 14
687845 49 14
687909 44 12
688192 50 9
688247 34 2
688483 39 3
688783 34 11
688868 24 11
688878 22 9
689037 20 14
689244 43 14
689330 52 18
690320 49 11
690340 41 8
691012 47 9
691728 40 7
692543 42 15
692664 50 14
693203 48 10
693351 47 13
693483 39 21
693626 59 9
694831 52 12
694861 66 9
694890 63 11
695074 24 16
695129 41 12
695136 53 14
695164 52 12
695224 46 21
695251 48 16
696040 31 15
696064 24 12
696310 54 20
696362 52 23
699935 33 12
700697 61 18
701124 46 13
701235 39 12
701887 52 10
702176 53 15
702695 32 9
702709 25 12
703086 37 16
703125 32 18
703357 50 17
705398 46 8
705528 47 12
705546 37 12
705690 49 13
705746 33 9
705858 55 14
706200 65 14
706239 44 4
707186 44 13
707197 45 12
707209 55 14
707249 51 14
707420 35 11
707476 43 7
707893 49 12
709172 60 11
709246 63 13
709656 42 6
709668 45 7
709867 58 8
710159 47 10
710208 40 9
710385 61 3
710826 68 21
710832 68 19
711084 43 12
711454 49 20
711501 48 16
711600 54 16
711942 40 11
712003 38 8
712025 52 9
712176 48 7
712301 45 13
712320 56 17
712771 39 6
713350 58 18
713405 52 14
713448 49 12
714304 53 15
714394 46 9
714410 64 11
714443 66 13
715074 66 7
715129 46 11
715139 48 13
715269 45 11
715303 51 7
715315 45 7
715517 56 13
715735 28 15
715756 40 18
717686 45 7
717928 31 9
718154 30 7
718170 26 4
718258 38 5
718474 45 11
718655 74 10
718711 46 19
718912 58 10
718936 70 8
719131 50 8
719881 66 15
719954 63 13
720415 67 13
720598 43 2
720640 47 3
720742 64 11
722023 52 11
722222 71 15
722251 55 12
722401 24 4
722871 47 10
722909 43 10
723026 45 4
723158 69 21
723394 65 14
723728 66 13
724164 48 10
724407 48 10
724479 36 9
724497 40 6
725465 77 18
725968 61 13
725977 57 16
726027 56 15
727474 44 12
727764 45 11
728699 29 12
728830 45 10
728839 48 12
728970 53 7
730478 55 10
730483 54 10
730527 61 9
730537 56 8
730566 58 13
730769 48 9
730785 50 10
730976 45 11
731006 38 13
733328 51 5
733525 47 11
733902 48 16
734036 55 11
734594 60 14
736606 38 6
736825 39 6
737009 59 8
737888 48 15
739013 42 5
739173 70 14
739248 66 14
739335 59 13
739367 53 11
739405 65 9
740512 30 4
740529 34 4
740683 35 5
740885 63 69
741837 52 19
741972 40 13
742399 55 10
743170 48 10
743302 33 8
744191 48 13
744631 42 9
744682 48 13
744799 43 11
744901 55 11
745021 60 18
745123 34 11
745386 46 18
745527 24 8
745681 75 13
746023 50 7
746077 66 7
746337 59 12
746382 44 12
746438 44 16
747004 55 16
747809 73 10
747893 59 13
748221 59 17
748371 46 10
748524 56 10
748708 44 11
748895 36 8
749012 50 6
749339 39 11
749805 52 14
750491 40 8
750501 39 8
750954 59 19
751610 52 8
751967 54 14
751973 56 13
752027 46 11
752337 58 10
753523 48 14
753562 36 12
753782 59 12
753792 60 16
753812 74 18
753817 77 19
753839 64 18
753951 43 4
754122 65 10
754130 81 12
754152 76 10
754292 51 9
754768 59 12
754883 44 12
754902 61 14
754957 70 13
755140 56 13
755152 52 11
755254 48 12
755260 39 11
755471 52 7
755689 62 9
755771 67 13
755864 48 6
755880 52 10
755893 53 9
755926 59 6
755940 57 6
755999 78 16
756107 43 7
756220 60 18
756361 48 10
756493 53 7
756959 96 13
757099 50 22
757129 47 12
757139 39 7
757144 41 9
757161 51 9
757276 62 9
757305 45 8
757313 37 6
757341 32 4
757354 33 6
757506 48 8
757653 51 9
757671 57 11
757815 63 10
757866 61 11
758052 57 13
758162 53 7
758319 43 11
758337 33 14
759506 50 3
759675 44 6
759854 21 4
760170 38 10
760822 70 12
760975 24 3
761186 47 15
761575 46 12
761832 65 5
762342 53 12
762692 42 12
762700 48 9
762810 59 13
762831 83 12
763784 64 8
764151 68 18
764345 61 17
764469 42 12
764662 72 10
764671 63 12
764913 64 9
765102 47 5
766162 78 12
766230 35 4
766587 61 8
766818 31 10
767042 44 12
767181 51 4
767274 48 12
767525 45 11
767622 49 9
768641 39 9
768865 45 6
769026 64 9
769077 66 9
769119 45 6
769144 53 7
769168 42 9
769207 45 13
769311 36 8
769338 53 13
769429 58 15
769572 61 14
769632 64 11
769650 60 14
769678 72 16
769753 64 16
769767 51 11
769846 39 6
769868 41 2
769951 55 13
770012 50 10
770066 57 11
770859 65 10
770868 75 10
770889 63 13
770919 58 10
771165 63 13
771431 42 3
771639 59 22
771682 60 16
771744 34 11
771785 43 12
771989 57 17
772030 38 9
773588 24 15
773603 24 12
773644 44 11
774140 36 13
774151 11 35
774874 52 9
774970 50 9
775177 62 11
775787 65 7
776078 63 8
776346 47 13
776706 67 7
776862 23 1
777042 64 5
777213 47 12
777366 56 9
777698 49 10
778885 32 31
778933 38 36
779362 47 42
779986 44 15
780082 52 17
780331 36 4
781066 35 11
781769 48 20
783449 28 15
783730 55 20
783745 34 16
783881 38 8
784021 34 17
784989 40 16
786322 48 22
786651 36 16
786862 55 11
786923 68 13
787013 63 20
787031 56 17
787176 39 13
787257 56 22
787284 48 21
788986 54 18
789182 60 28
792511 54 26
792533 35 19
794332 72 32
795086 51 14
795543 42 20
795895 35 17
795961 42 10
795996 36 14
796528 52 26
796723 34 10
796741 30 11
797121 53 19
797323 42 17
798658 57 31
798711 40 15
799382 52 24
799908 56 23
799996 47 19
800765 17 13
801194 44 19
802487 52 33
802697 35 18
803051 45 18
803066 57 23
803073 59 23
803360 54 19
803735 64 21
803792 39 16
804431 25 6
804475 20 9
805207 40 11
805581 75 17
805714 68 26
805891 66 18
805945 57 24
806073 61 17
806236 61 25
806302 53 31
806350 65 23
806386 70 31
806437 53 30
806485 22 14
806801 59 21
806972 73 29
807130 54 19
807560 60 17
808365 55 15
809059 67 19
809141 81 34
809208 57 24
809425 69 29
809487 60 27
809593 49 25
809752 45 20
809965 34 15
810010 34 14
810235 58 30
810827 55 34
810929 45 15
810995 44 30
811244 58 24
813256 51 21
813267 51 21
813451 47 10
813790 66 22
813952 55 21
814087 71 29
814121 48 31
814253 39 27
814484 43 22
814644 30 17
814731 27 22
815734 39 29
815768 39 19
815964 31 16
816567 39 29
816624 35 24
816824 62 31
816851 50 32
816965 37 36
817028 40 30
817097 35 22
817315 23 22
817652 25 17
817768 46 25
818054 43 34
818207 38 28
818420 40 18
818574 55 22
818724 56 26
818801 73 32
818878 44 25
820270 11 6
820547 37 11
821365 74 28
821375 63 26
821381 63 26
821628 41 20
822153 71 24
822351 43 27
822387 34 23
822499 62 32
823214 32 25
823242 51 33
823912 59 28
823981 44 30
824035 44 30
824053 40 21
824116 57 29
824437 42 31
824503 56 30
825043 54 23
825697 52 24
825730 43 17
825748 60 19
825836 46 21
825943 49 22
826039 64 24
826306 67 20
826389 59 26
826708 65 23
826804 51 36
826897 50 20
826903 65 24
826954 77 28
827629 57 21
827689 50 17
827972 51 11
828442 57 22
829150 58 38
829270 42 22
829358 42 19
829468 61 29
829722 45 14
832573 42 12
832768 55 21
834166 42 18
834261 47 16
834634 48 25
834757 51 18
834847 49 18
834877 50 28
835511 57 25
835620 31 20
836087 44 28
837042 61 30
837223 46 27
837343 43 18
837523 47 14
837854 59 23
838258 53 15
838513 55 21
839037 56 28
839205 75 34
840189 45 23
840197 51 25
840573 55 20
840826 58 18
841009 48 22
841296 57 20
841903 58 20
842028 42 19
842091 47 16
842597 41 16
842746 19 24
843133 48 26
843254 29 24
843435 40 23
843611 51 30
843655 49 24
843863 63 22
844058 56 20
844063 57 19
844083 53 19
844473 51 18
844480 50 18
844560 51 29
844649 67 18
844670 62 19
844724 44 17
844829 59 28
845054 59 27
845759 49 25
845915 62 21
846122 52 26
846517 40 16
846709 24 14
846859 43 45
848056 39 27
848334 49 15
848344 50 14
848485 53 28
849506 50 35
849604 38 45
849626 44 42
849723 34 45
850139 40 48
850280 24 33
850619 45 40
850899 42 28
850991 37 33
851072 49 30
851122 41 35
851366 42 32
852180 44 29
852255 45 22
852340 29 24
852422 50 36
852520 43 45
852531 45 41
852654 13 22
852674 22 28
852730 47 52
852731 13 98
852742 34 39
852884 38 34
852891 44 32
853155 60 36
853221 59 48
854484 47 46
854976 45 24
855036 26 36
855123 32 20
855406 41 34
855517 51 30
855708 40 34
856165 35 33
856235 51 35
856402 50 28
856617 46 35
857271 32 34
857359 52 42
857863 47 30
857901 44 25
857962 36 30
858284 33 37
858487 51 40
858884 34 37
859030 34 26
859080 46 41
859271 52 33
859650 51 26
859822 47 36
859926 41 43
860223 56 10
860940 50 18
860958 45 9
861096 65 17
861135 59 18
861834 46 15
861849 48 20
862043 61 16
862411 80 24
863236 41 17
864012 22 6
864213 48 13
864600 53 20
864838 64 19
865396 51 10
866203 67 18
866638 59 15
867115 73 24
867409 65 22
867908 67 19
868666 36 17
868796 60 14
869267 34 10
869865 49 14
869873 52 14
869897 43 16
870258 67 18
870684 54 17
870699 48 15
870933 66 17
871353 58 17
871617 62 17
871744 47 16
871974 60 18
872112 43 12
872117 45 11
872337 62 20
872352 47 19
872382 41 15
874462 45 20
874476 47 20
874610 33 15
874862 52 28
875085 54 24
875265 68 33
875307 34 25
875314 37 28
875394 54 28
875821 38 24
876030 41 26
876324 47 22
876550 56 27
876733 55 19
877251 46 29
877349 47 25
877395 42 20
877481 47 23
877489 49 24
877661 52 36
878260 32 17
878995 29 25
879164 29 22
879229 37 25
879391 46 21
880354 75 26
880692 71 17
880896 48 17
881578 49 19
881947 50 12
882157 45 13
882453 62 20
882669 53 31
882690 42 29
882743 50 25
882903 50 14
882980 65 28
883259 37 31
883280 49 33
883587 36 36
884322 42 39
884459 38 35
884555 49 29
884921 31 29
884937 33 30
886143 56 59
886280 28 42
886324 34 41
887062 39 33
887158 42 52
887529 35 33
887888 57 36
887986 43 42
888095 44 33
888132 49 34
888893 44 33
888970 43 31
890192 30 28
890501 42 35
893064 34 31
893148 64 37
893219 52 28
893501 41 28
894119 43 28
894250 44 42
894279 40 44
895000 48 29
895225 55 39
895288 34 35
895402 11 16
895434 7 26
895473 9 27
901776 40 39
902159 33 18
903650 43 30
903902 40 21
904133 42 40
904198 53 33
904385 56 32
904721 72 31
905202 39 41
905287 31 24
905804 55 31
905867 43 22
906767 21 32
907294 49 40
907403 36 23
907677 33 39
907742 34 42
907800 28 36
907845 27 54
908326 36 43
908360 31 32
908794 35 36
909132 25 37
909152 18 37
909228 21 31
909902 43 45
910366 28 41
910588 32 38
910726 35 36
910851 39 68
911868 30 50
912205 43 50
912212 43 48
912284 38 52
913004 38 48
913014 28 40
913047 37 62
913142 35 40
913244 33 37
913265 41 41
913617 33 35
913721 23 29
913900 41 56
913988 25 41
914000 16 38
914044 18 33
915104 29 44
915172 23 45
915179 24 44
915371 37 64
915398 30 60
916681 30 41
916692 36 42
917148 29 50
917181 35 58
917230 35 51
917248 33 49
917322 26 31
917629 32 41
918066 31 35
918072 32 35
918162 29 41
918447 39 50
918467 33 48
919262 32 44
919271 27 48
919386 20 49
919872 41 51
919941 48 40
920545 29 44
920966 23 31
921105 33 40
921121 25 33
921136 26 31
921172 13 28
921191 8 22
921204 11 23
921212 7 19
921271 11 16
921869 56 61
922172 35 49
922241 58 49
922307 43 45
922467 44 74
922478 54 80
922766 51 59
923004 23 29
923033 22 28
923048 23 32
923111 27 35
923156 33 48
923202 39 40
923493 23 52
923595 25 43
923694 31 58
924231 47 68
924391 33 40
924412 33 41
924454 42 48
924622 34 37
925081 33 40
925171 40 50
925382 33 48
926047 28 36
927685 30 31
928343 40 46
928380 48 55
928430 43 48
928536 38 43
928736 20 31
928831 45 79
929034 44 54
929282 31 57
929298 34 60
929870 40 54
930114 35 53
930313 35 50
930370 35 45
930483 52 54
930592 31 27
930626 33 38
931575 28 56
932533 44 46
932702 34 47
933240 39 42
933252 37 44
933363 32 50
933399 33 47
933923 33 54
933952 34 45
934750 27 38
934763 29 37
936056 30 45
936190 52 62
936328 23 23
936852 33 50
936884 48 71
937043 38 40
937109 25 37
937256 45 46
937709 43 57
938052 25 42
938094 21 37
938708 18 41
938785 23 43
939467 48 27
939730 48 31
940248 69 42
940254 69 41
941597 36 54
941607 41 56
941643 42 60
941764 44 43
941847 26 51
941871 16 47
941886 20 42
942272 18 26
942345 38 59
942801 30 56
942864 33 44
943288 30 33
943504 33 33
943519 29 39
943873 40 50
944104 34 40
944479 40 47
944493 38 42
944504 41 53
944933 30 57
945174 33 59
945555 17 50
945720 33 61
945747 30 42
945762 26 31
946614 28 27
946945 27 39
947128 29 44
948049 41 54
948313 54 67
948327 49 69
949121 40 47
949316 21 38
949468 37 54
950164 43 42
950365 39 46
950560 46 46
950931 23 36
952195 20 33
952482 47 37
952570 26 41
952773 16 49
952830 42 62
952927 18 57
953849 26 59
954026 28 56
954154 46 68
954175 28 47
954208 14 43
954517 33 74
956000 28 53
956510 18 48
956524 21 45
956709 14 25
956799 7 13
957584 31 54
957745 19 64
958318 20 53
958330 21 48
958361 19 61
958770 29 57
958805 26 64
959416 21 40
959883 30 54
960034 19 47
960082 14 30
960520 34 64
960696 26 52
961084 22 41
961183 27 73
961189 28 65
961207 22 61
961234 30 57
961465 26 65
961942 30 66
962224 38 69
962293 17 57
962431 23 66
962515 30 61
963033 26 42
963039 28 49
963543 28 57
964014 43 22
964118 57 23
964291 48 24
964308 59 30
964377 50 35
964432 45 28
964480 51 32
964739 32 17
964818 52 38
965032 48 36
965176 36 21
965785 48 36
965843 64 45
965888 54 51
966156 39 31
966683 32 33
967430 40 29
968143 47 27
968209 66 36
968517 67 47
968615 42 33
968844 43 42
968941 35 31
968949 33 32
968989 19 21
969089 46 35
969182 40 35
971798 38 29
972113 33 28
972487 39 43
973383 44 61
973535 25 34
974187 44 46
974482 41 51
974571 38 38
974593 47 46
974607 50 48
974796 39 27
975144 48 43
975333 43 36
975372 49 48
975528 45 49
975578 56 37
975656 37 40
975700 44 38
975847 34 41
975967 25 38
975973 21 36
976333 60 45
976393 40 40
976447 41 39
976893 54 34
977051 54 39
977259 23 21
977277 31 26
977391 54 41
977568 57 41
977844 66 51
977940 61 44
977952 44 38
978000 40 33
978142 58 35
978181 52 36
978252 40 29
978318 44 42
978367 66 45
978390 67 39
978400 62 38
978408 57 35
978492 44 30
978937 36 35
978970 47 30
978981 42 41
978996 37 37
979011 35 36
979038 39 40
979088 44 30
979107 41 34
979182 45 40
979238 48 43
979419 49 44
979456 46 37
979476 40 26
979941 42 24
980261 21 18
980851 39 36
981183 26 26
981975 50 37
982131 40 27
982174 51 31
982210 46 37
982369 58 28
982773 35 41
983377 45 41
983610 48 32
983648 35 39
983685 35 32
983725 49 31
984193 24 44
984735 26 64
984962 39 43
985071 36 45
985142 38 38
985473 22 46
985536 48 49
985554 50 52
985634 53 63
985664 40 57
985758 54 39
986764 61 36
988090 51 25
988233 52 41
988830 41 35
989144 36 27
989265 48 32
990754 42 32
991014 39 23
991089 39 36
991207 38 21
991236 37 27
991323 33 28
991647 46 33
991703 34 18
991786 59 29
991793 55 29
991830 64 40
991908 45 26
992223 55 36
992260 42 35
992376 42 37
992456 45 34
992522 39 49
992802 40 33
993042 41 33
993367 47 26
993901 56 38
994258 48 24
994375 24 12
994385 27 10
995228 48 23
995662 47 38
995668 45 38
996359 33 32
997111 52 43
997559 63 42
998974 58 34
999131 36 22
999818 53 26
999959 36 28
1000365 57 38
1000437 35 37
1000478 56 38
1000493 63 44
1000509 58 48
1000522 60 48
1000604 53 29
1000733 55 27
1000754 49 34
1000806 61 32
1001212 67 37
1001402 40 22
1001427 36 31
1001583 63 36
1002749 54 38
1002932 56 36
1002955 51 39
1002963 47 32
1002995 75 35
1003067 56 43
1003331 45 29
1004276 68 44
1005821 36 35
1008146 44 30
1008158 49 30
1009107 56 44
1010923 41 32
1011263 60 43
1011292 67 59
1011732 48 44
1012291 45 28
1012856 54 32
1012993 35 40
1013149 48 40
1014151 30 57
1014235 22 55
1014253 22 62
1014288 25 49
1014301 26 61
1014466 29 60
1014823 25 37
1015373 46 60
1015711 37 51
1017240 37 54
1017383 33 33
1017809 27 42
1017872 17 39
1017890 8 38
1017932 21 39
1018730 46 69
1019340 43 55
1020362 39 40
1020376 40 51
1020589 21 33
1020650 31 46
1021467 31 40
1021539 40 49
1021601 28 33
1022332 31 54
1022426 36 53
1024492 47 55
1024513 39 54
1025092 21 33
1025188 38 61
1025878 35 54
1025896 31 60
1026991 37 49
1027050 42 48
1027260 29 40
1027468 33 73
1027549 21 48
1028490 44 73
1028499 46 73
1028739 43 41
1029757 21 58
1029888 11 66
1031061 43 62
1031085 44 55
1031220 37 36
1031292 40 63
1031415 43 53
1032235 37 50
1032358 31 56
1032472 39 41
1033043 24 23
1033882 32 40
1034429 44 44
1034454 39 44
1034670 60 59
1034963 46 36
1035074 32 40
1035205 42 47
1035258 52 45
1035361 39 47
1035399 38 55
1035533 49 54
1035649 43 64
1035661 42 71
1035776 51 65
1035799 48 57
1035822 46 51
1035851 35 40
1035858 29 40
1036304 21 31
1036633 33 34
1036702 37 50
1037827 14 53
1038178 11 51
1038657 42 45
1038877 42 57
1039096 56 62
1040276 44 38
1040762 43 58
1041339 40 61
1041497 49 63
1041579 50 75
1041843 54 75
1042007 44 60
1042531 36 60
1042951 60 64
1044807 38 38
1045008 38 43
1045578 53 67
1046398 45 52
1046535 32 52
1046930 51 43
1047452 28 31
1048531 46 48
1048722 48 57
1049000 41 58
1049485 36 37
1050212 17 42
1050436 25 68
1050522 19 41
1050583 39 51
1050720 15 42
1051020 24 39
1051116 34 52
1051141 34 37
1051251 39 40
1051699 38 45
1051718 50 59
1051777 30 32
1051867 24 26
1052132 25 51
1052309 25 49
1053788 21 53
1053849 24 42
1054619 42 46
1055027 45 51
1055054 51 59
1055482 38 83
1055813 10 56
1055834 6 42
1055849 7 53
1055857 10 50
1055882 10 52
1055912 10 60
1055959 34 52
1056056 33 55
1057130 49 39
1057177 36 27
1057601 54 75
1057992 32 54
1058604 59 65
1058637 44 46
1059307 64 64
1059348 40 45
1059973 45 54
1060096 38 42
1060322 50 64
1060540 45 48
1060645 49 55
1060741 44 57
1060956 54 59
1060979 55 63
1061022 49 56
1061093 38 42
1061135 33 52
1061158 38 54
1061183 38 71
1061237 43 80
1061287 41 55
1061360 55 62
1061371 56 65
1061411 61 58
1061419 73 71
1061445 58 58
1061455 68 80
1061466 64 80
1061509 42 75
1061555 45 69
1061607 32 44
1061933 30 54
1062702 54 49
1062843 63 46
1063207 81 74
1063332 78 49
1063413 69 60
1063418 68 57
1063478 68 49
1063484 66 44
1063508 54 111
1063547 82 53
1063671 81 53
1063800 82 42
1063873 85 53
1063912 94 60
1064000 81 69
1064067 81 55
1064121 85 68
1064148 89 70
1064163 94 69
1064228 85 57
1064251 117 68
1064305 110 62
1064321 82 60
1064476 55 49
1064483 84 54
1064609 110 71
1064672 29 101
1064688 81 46
1064726 85 36
1064797 73 41
1064873 91 58
1064885 103 56
1064927 75 45
1064978 84 61
1064999 81 61
1065008 92 55
1065113 87 60
1065155 57 49
1065195 60 38
1065208 67 48
1065236 62 40
1065248 56 42
1065373 82 53
1065470 69 45
1065482 56 37
1065636 34 50
1065641 27 54
1065647 16 54
1065836 74 76
1065910 62 56
1065923 67 69
1065929 74 71
1065939 79 63
1065962 75 66
1065968 78 66
1065974 74 57
1065988 75 52
1066053 18 128
1066070 50 62
1066079 62 66
1066080 22 105
1066087 86 40
1066184 88 47
1066278 81 61
1066286 88 58
1066403 25 68
1066546 35 124
1066791 34 81
1066887 40 98
1066935 36 85
1066990 38 89
1067268 81 40
1067317 78 42
1067547 85 46
1067745 133 53
1068205 104 56
1068376 71 48
1068939 21 8
1075433 4 9
1081689 5 7
1081752 3 8
1081785 5 12
1081846 3 18
1082067 5 26
1082127 2 16
