281 4 26
295 4 28
439 4 30
446 4 30
12231 3 16
12312 3 17
12517 25 25
12555 4 20
12560 3 20
13578 6 23
13590 6 23
13654 24 23
13773 20 26
13890 5 34
13932 46 26
13937 46 27
13947 51 30
14026 43 36
14180 38 25
14189 50 30
14358 46 33
14510 62 32
14558 67 54
14632 55 30
14917 25 26
14948 40 35
15262 46 32
15368 77 42
15434 60 31
15697 57 24
15922 56 24
16345 48 29
16373 45 24
16501 56 33
16525 57 38
16666 46 33
16733 49 24
16877 71 40
17084 65 26
17123 56 26
17269 64 41
17348 58 28
17595 50 27
17640 52 27
17770 56 40
17871 57 35
17884 56 35
17890 55 35
17998 29 28
18004 29 32
18094 67 41
18131 37 25
18142 43 26
18249 37 31
18672 43 29
18708 43 24
18783 34 15
18826 57 23
18834 56 24
19059 45 29
19131 49 26
19146 52 24
19189 45 24
19272 55 40
19282 57 38
19321 46 32
19327 60 38
19370 39 29
19475 64 46
19725 38 25
19821 55 38
19962 62 33
20553 40 34
20568 44 33
20758 47 29
21387 63 31
21593 48 29
22061 58 34
22436 44 35
22615 49 32
22675 45 34
22747 44 26
22999 45 28
23411 50 25
23937 62 44
24062 53 34
24072 44 35
24086 37 31
24102 37 31
24120 45 32
24327 36 24
24414 45 24
24501 48 23
24531 38 27
24584 46 33
24660 58 29
24682 63 18
24711 55 16
25111 42 30
25258 64 24
25371 59 31
25520 52 31
25565 60 33
25603 71 37
25629 59 23
25649 54 28
25659 55 27
25952 60 26
25992 66 39
26040 64 40
26142 48 28
26160 49 31
26607 71 18
26886 46 25
27230 56 17
27624 53 29
27729 69 44
28181 69 24
28205 66 25
28246 61 21
28251 67 25
28271 59 18
28317 83 30
28337 67 24
28343 67 24
28501 52 35
28513 55 30
28602 22 33
28653 2 17
30047 2 17
30052 4 16
30059 2 17
30446 3 26
30464 5 31
30647 3 22
30653 3 20
31004 3 20
33465 6 18
33550 2 12
33816 2 16
33861 5 16
33888 5 10
33939 4 14
34126 18 12
34137 14 11
49289 54 22
49997 135 78
50176 69 26
50346 62 19
50494 44 16
50526 56 22
50558 52 24
50745 49 15
51092 59 15
51111 56 17
51212 63 21
51291 64 20
52835 67 21
52994 60 15
53345 45 27
53588 42 14
53852 52 19
53882 54 17
53927 58 19
53936 59 20
53988 57 25
54082 60 21
54116 58 24
54232 71 24
54242 60 25
54267 74 32
54402 46 13
54464 45 11
54525 45 21
54721 46 20
54750 58 22
54895 59 15
55498 79 21
55696 66 23
55831 49 20
55872 48 25
55915 46 28
56413 47 17
56429 51 15
56582 75 26
56915 61 23
56987 61 26
57236 43 10
57245 48 10
57409 59 15
57511 87 30
57701 73 19
57815 78 13
58665 76 39
59359 49 46
59602 38 46
60232 41 29
60364 48 49
60560 52 58
60673 67 59
60889 46 38
60960 63 55
61169 59 36
61399 52 52
61405 51 52
61456 53 55
61496 43 41
61525 43 30
63051 57 38
63090 61 48
63099 52 53
63168 41 29
64017 45 45
65105 45 40
65190 36 46
65361 54 45
65894 56 44
66147 37 27
66160 37 21
66253 68 56
66347 41 38
66366 50 46
66377 45 39
66421 44 43
66582 42 44
66600 48 46
66779 40 35
67020 37 30
67053 52 35
68144 60 52
68258 39 39
68438 41 45
68462 45 57
68645 41 44
68805 37 32
68850 39 37
69070 48 31
69334 26 29
69804 28 44
69928 77 33
70250 44 60
70349 43 76
70973 36 59
71163 29 57
71402 27 47
73920 78 41
74402 45 32
74624 56 35
75612 52 31
75789 69 32
76196 72 31
76218 55 29
76487 24 24
76636 65 33
76919 59 31
76970 55 23
77032 71 34
77269 52 26
77311 37 26
77623 36 14
77884 79 28
78128 66 29
78268 49 26
78283 54 28
79939 60 30
80003 48 26
80494 60 30
81023 59 29
81317 62 30
81324 59 32
81331 60 29
81411 39 21
81693 73 36
81711 76 36
81788 53 26
82293 57 36
82638 49 30
82968 57 40
83101 59 37
83194 55 33
83478 50 27
83616 52 24
83673 64 24
83734 49 22
83818 65 26
83852 56 16
84165 49 28
84265 66 32
84280 58 25
84352 66 31
84379 54 27
84676 60 25
84914 43 20
84928 44 21
84968 63 20
84985 75 32
85044 85 47
85378 51 32
85564 60 27
86059 38 27
86411 59 23
86521 43 29
86536 38 29
86557 41 29
86828 44 25
87024 47 26
87176 37 23
87424 62 32
87497 73 41
87525 74 36
87638 61 27
87903 50 28
88161 52 33
88371 59 33
88554 48 22
88689 57 43
88719 57 40
88929 78 49
88956 76 31
88977 77 27
89064 44 20
89091 41 18
89208 62 37
89262 37 45
89400 64 33
89416 55 29
89585 45 32
89724 59 43
89817 74 38
89826 60 32
89913 64 32
90019 61 38
90381 58 39
90714 46 32
90729 54 34
90767 59 25
90807 60 19
90870 54 27
90876 59 24
90959 71 29
91154 64 25
91605 61 23
91704 13 60
92460 43 30
92819 19 14
93184 77 35
93767 48 18
93786 45 19
94249 21 3
94775 46 28
95080 46 20
95973 64 20
96732 37 15
96907 59 35
97355 50 20
98094 78 28
98334 59 21
98442 60 23
98565 75 33
98863 58 25
98901 53 21
99022 46 16
99088 74 20
99837 53 28
99866 50 22
100025 76 39
100142 35 19
100216 80 26
100284 59 20
100304 39 20
100330 40 17
100367 51 16
100604 68 32
100794 63 29
100805 55 27
101018 83 39
101329 70 23
101383 66 23
101440 76 28
101950 62 28
102026 48 28
102228 49 22
102239 51 22
102443 55 19
102723 57 33
102744 59 31
102815 66 26
102853 63 21
103416 67 31
103827 69 28
103977 36 21
104253 57 19
104787 67 23
104793 74 27
104819 86 36
104840 84 33
105048 60 11
105062 69 18
105331 83 35
105745 46 10
105974 71 26
106020 54 23
106049 45 27
106331 23 31
106340 19 28
106643 65 30
106766 56 21
107120 55 19
107288 64 17
107456 67 22
107480 60 29
107496 61 31
107543 48 17
107975 58 17
108097 65 31
108202 73 25
108587 71 27
108614 58 30
108656 60 25
109088 71 20
109142 41 21
109253 55 25
109529 58 23
110225 76 25
110299 53 21
110626 50 18
110789 28 9
110969 11 3
110996 16 23
111326 58 22
111741 41 20
112487 50 18
112546 71 16
112811 84 4
113681 52 15
114008 65 3
114047 55 6
114492 76 20
114548 64 16
115135 63 18
115423 51 21
115495 55 18
115507 54 18
115684 53 13
115834 56 12
115980 40 16
116278 35 10
116434 67 25
116511 60 24
116642 51 19
116659 50 21
116725 57 18
116769 62 14
116844 43 11
116979 89 20
117000 90 19
117056 57 11
117352 66 18
117445 65 24
117482 59 14
117532 80 13
117564 73 15
117574 58 12
117582 63 12
117635 50 12
117649 59 15
117691 51 13
117735 51 18
117756 61 24
117763 68 25
117928 65 18
118365 43 12
118437 85 13
118592 71 19
118755 59 16
118999 60 19
119035 59 21
119146 54 13
119166 64 17
119248 86 15
119263 57 16
119291 79 19
119330 78 19
119374 80 20
119412 58 16
119434 56 16
119453 56 11
119550 62 9
119562 70 12
119584 66 14
119596 72 14
119602 68 15
119629 61 12
119643 53 10
119653 58 11
119684 70 16
119703 74 22
119744 72 15
119900 93 23
119911 85 21
119961 81 21
120018 65 16
120423 69 9
120767 61 23
121185 56 17
121371 90 20
121422 75 26
121595 74 18
121698 72 23
121767 81 20
122199 62 19
122205 65 18
122249 50 19
122388 74 19
122520 36 14
122863 68 19
122886 55 15
122934 61 18
123015 58 10
123965 73 5
124166 68 15
124493 56 14
124793 52 16
124891 83 23
125189 56 16
125391 64 17
125536 54 15
125684 73 21
126126 81 10
126433 53 9
126438 40 4
126496 104 16
126564 91 15
126833 74 18
126926 58 12
126992 55 6
127019 55 6
127172 52 9
127238 55 13
127256 60 13
127357 54 8
127385 70 13
127726 76 9
127736 70 9
127751 72 10
128054 71 16
128678 65 15
128724 60 13
128855 43 14
128947 52 8
129050 64 16
129058 65 14
129074 55 15
129125 66 14
129248 78 14
129260 67 9
129310 99 13
129370 65 19
129435 46 16
129637 65 11
129663 77 13
129679 84 15
129795 63 9
129853 62 10
129882 65 13
130098 87 16
130292 55 17
130348 55 15
130412 69 12
130473 72 18
130563 68 28
130570 66 25
130793 93 20
130824 94 18
130875 81 15
130930 72 12
130985 61 13
131135 80 17
131147 85 18
131152 85 21
131341 74 18
131464 82 25
131469 71 26
131484 52 22
131728 91 20
131841 85 23
131955 66 14
132045 79 19
132072 58 15
132414 78 15
132564 50 12
132844 46 18
132883 41 11
132989 63 16
132996 64 18
133518 69 15
133523 67 15
133767 103 25
133924 74 17
135168 74 7
136222 65 5
136303 31 4
136356 37 2
136579 38 5
137239 83 4
137389 64 8
137425 71 8
137480 61 9
137543 95 8
137613 76 9
137690 65 11
137835 83 6
137912 61 2
137954 50 1
138016 70 6
138290 84 7
138443 70 8
138599 71 10
138776 72 2
139398 63 4
139742 60 4
139883 76 11
140081 81 6
140177 74 8
140414 89 9
140497 59 6
140567 81 10
140831 80 7
140959 92 8
143507 49 0
143588 88 7
145196 92 6
146318 84 10
146803 68 7
149775 94 2
150288 76 9
151944 78 2
152076 99 11
152130 87 15
152784 94 6
153141 83 10
153259 91 10
153267 94 11
153618 88 1
153730 84 6
154170 87 4
154563 100 7
154962 81 3
155645 100 12
155675 75 9
155699 62 9
155707 65 7
155930 98 6
156038 75 6
156053 74 4
156279 80 5
156288 82 6
156322 72 5
156482 29 6
156933 87 5
157054 77 10
157072 94 11
157121 82 6
157160 68 3
157165 73 3
157712 96 1
157759 86 6
157879 74 7
158336 71 4
158429 90 12
158687 95 13
158842 79 12
158855 76 10
158867 84 9
159062 83 3
159127 86 9
159134 73 9
159338 94 12
159662 72 6
159680 74 6
159811 61 11
159860 94 9
159904 101 7
159916 116 8
159966 99 9
160156 53 4
160266 93 6
160276 92 7
160655 74 3
161144 78 5
161153 92 5
161163 96 5
161305 74 9
161335 69 7
161419 58 6
161473 87 8
161490 99 7
161497 104 5
161548 100 6
161553 100 6
161604 94 5
161625 84 6
161672 92 11
161883 87 7
161912 79 10
162249 68 11
162292 77 7
162313 81 8
162643 115 14
162664 105 12
162673 103 15
162693 91 9
163252 77 7
163807 114 11
165752 68 5
166122 75 3
166159 90 8
166821 65 9
167368 57 6
167789 75 6
167837 81 6
167868 67 13
167927 70 12
167978 61 8
169053 67 8
169172 79 2
169448 88 4
169514 81 4
169562 69 5
169567 78 8
169583 86 9
169952 72 11
170054 68 6
170213 98 4
170514 88 9
170520 82 9
170808 93 12
170817 93 11
170846 117 14
170964 63 9
171056 109 10
171089 110 13
171122 85 9
171137 78 9
171148 83 8
171917 86 4
172025 118 10
172036 115 8
172086 73 8
172357 67 10
172408 56 13
172511 73 7
172594 84 12
172627 97 8
172756 70 8
173407 108 8
173500 74 5
173875 57 3
173914 89 10
173971 109 14
174240 74 12
174368 83 8
174523 57 7
174570 70 14
174661 60 7
174675 31 3
174680 26 7
174685 17 7
174786 15 2
174828 78 7
174977 51 5
175005 68 6
175407 89 15
176343 88 3
176877 78 11
177357 71 9
177549 74 12
177677 88 9
179045 79 9
179499 73 6
179876 59 3
180223 67 4
180568 76 6
180610 43 4
180907 62 4
180912 68 4
180992 62 4
181031 64 4
181173 80 2
181438 68 6
181493 51 2
181651 58 6
181888 90 8
182157 60 2
182296 83 4
182351 29 6
182374 43 6
182400 44 9
182629 86 9
182657 69 10
183098 90 14
183254 55 1
183633 103 7
183808 101 6
184191 78 7
184258 81 4
184724 99 9
185091 76 7
185354 87 11
185470 72 12
185989 90 8
186154 76 9
186256 63 6
186355 86 8
187238 71 8
187273 65 9
187705 58 2
187814 82 11
187997 110 11
188921 65 10
189050 85 5
189164 69 6
189272 72 9
189559 68 3
189638 83 8
190120 105 10
190154 87 7
190392 93 9
190447 90 7
190504 67 10
190612 63 3
190888 8 5
191430 73 9
191699 79 9
191732 84 11
191916 58 7
191948 60 8
192639 72 9
192714 69 8
192806 92 6
192858 90 11
192868 93 10
192977 59 6
192990 66 7
193380 106 6
193660 72 4
193873 82 9
193949 60 5
193956 58 5
194092 95 4
194133 82 4
194281 62 7
194304 59 7
194334 44 8
194354 49 7
194378 70 4
194390 73 6
194397 77 4
194414 86 5
194492 89 6
194527 80 5
194592 82 5
194619 69 7
194629 94 8
194799 94 7
194865 103 6
194993 73 2
195033 76 3
195088 95 6
195098 100 6
195129 73 4
195411 59 4
195720 57 2
196067 75 4
196225 84 5
196708 82 3
196748 88 2
196775 87 3
196990 55 2
197217 103 9
197340 61 1
197528 96 5
197562 93 2
197682 88 1
197964 91 4
198471 92 0
198595 91 1
202929 71 2
203100 93 3
203187 66 1
203197 74 1
203289 75 1
204051 91 2
204386 95 4
204842 109 4
205132 77 6
205404 99 2
205947 97 5
206887 99 4
208532 76 3
209308 54 4
209407 89 6
209869 70 3
209904 73 2
210108 58 3
210411 69 1
210707 75 4
210753 87 4
211114 74 3
211454 97 3
211665 75 2
211674 90 1
211730 99 3
211986 82 0
212273 61 0
212340 68 2
212496 33 0
212538 52 1
212602 66 5
212612 63 5
212819 60 3
212854 55 3
212898 93 4
212959 91 4
213514 91 0
213670 99 0
214784 53 2
214813 74 2
214922 110 7
214974 100 4
215078 86 3
215315 80 5
215447 127 1
215463 105 1
215757 76 4
215862 71 2
216021 79 4
216141 116 0
216198 99 2
216654 86 1
216826 75 3
217088 83 7
217253 91 4
217372 93 3
217839 52 5
217900 36 3
218134 25 8
218433 72 7
218460 56 9
218480 3 24
218914 87 4
218943 92 5
219160 64 7
219299 86 5
219623 104 6
219981 87 6
220073 78 4
220142 84 18
220272 75 9
220285 55 7
220407 104 9
220425 80 10
220619 81 6
220645 67 1
220740 100 7
220822 71 14
221486 61 11
221519 61 15
221531 65 16
222572 77 28
223049 53 21
223689 57 19
223816 65 21
224039 62 23
224062 67 22
224178 70 18
224287 67 23
224646 73 22
225426 52 12
225435 56 12
225903 60 24
226371 88 29
226504 55 15
226566 62 28
226862 63 22
227099 66 23
227785 79 26
228043 72 20
228224 81 26
228278 68 24
228602 70 12
228869 45 13
228971 79 29
229106 65 10
229379 71 26
229847 46 13
229956 69 27
231263 67 14
231344 70 15
231597 43 16
232068 80 16
232248 89 20
232476 48 11
232560 51 20
232590 57 23
233471 38 35
234098 35 22
234131 44 22
234708 78 28
234816 34 14
235147 50 20
235173 35 8
235184 49 14
235524 63 33
235633 55 18
235679 48 24
235701 48 33
235728 42 31
235851 53 38
236045 49 33
236178 48 27
236242 50 14
236255 49 20
236271 57 21
236940 38 24
237133 39 34
237267 15 24
237299 10 20
237377 57 50
237409 76 72
237590 39 29
237933 34 31
238137 63 54
238559 81 38
238809 55 40
238923 45 28
239046 59 49
239430 19 11
239647 37 28
239695 39 30
239788 64 48
240145 43 23
240204 46 24
240244 43 17
240269 38 20
240546 28 43
240960 56 29
241017 38 23
241046 33 23
241215 47 30
241656 39 39
241710 53 41
241833 50 29
241839 48 29
242169 53 39
242391 51 46
242512 61 56
242668 43 46
242837 40 29
242932 57 54
243126 62 41
243303 23 13
243342 41 24
243657 47 35
243864 44 52
243951 39 47
244215 37 40
244242 43 53
244263 42 46
244351 41 62
244422 41 44
244602 49 58
246021 45 64
247014 49 40
247137 35 45
247150 40 42
247484 42 48
247783 37 49
247891 44 45
247916 39 46
247967 44 57
250756 33 42
250786 22 29
251252 44 35
251381 54 59
251536 53 61
252092 43 45
252167 49 51
252330 38 41
252801 58 55
253309 31 61
253489 36 60
253612 30 64
253675 27 78
253756 34 67
254263 22 47
254473 37 56
254779 40 64
254997 35 57
255119 25 49
255145 27 52
255273 45 69
256212 29 70
256359 34 49
256487 34 56
256659 28 60
256713 22 54
256724 20 71
256848 35 62
256877 34 56
256940 33 78
257157 38 44
257174 28 56
257298 24 49
257591 30 56
257693 33 62
257705 28 57
257867 31 73
258215 24 51
259187 25 62
259623 31 55
260406 43 51
260596 46 64
260622 45 61
260676 52 72
260763 33 42
261517 42 72
261815 44 73
261967 33 50
262078 38 61
262342 37 54
262362 43 58
263111 33 57
263241 31 50
263319 43 52
263355 35 53
263366 24 46
263393 38 61
263596 34 53
263602 35 57
263622 44 60
264271 53 46
264292 47 32
264352 32 41
265277 45 34
265370 39 37
265550 74 76
265601 71 57
265620 49 33
265644 53 36
265817 64 50
266408 49 37
266518 45 38
267772 53 54
268867 36 33
269189 59 42
269300 58 41
269528 60 49
269746 69 51
270154 56 51
270390 44 39
270488 33 31
270556 43 35
270660 56 51
270682 50 44
270741 55 49
271149 60 45
271229 55 38
271342 36 39
271403 67 52
271461 62 39
271739 52 39
271929 50 43
272178 58 36
272327 52 39
272391 49 55
272425 65 55
272634 44 36
272783 61 38
272797 61 47
272819 54 49
272967 46 44
273148 64 39
273681 53 32
273885 42 48
273913 49 50
274086 48 39
274407 38 36
274427 60 38
274670 77 50
274800 50 51
274851 55 48
274895 51 38
275136 58 38
275167 55 36
275182 57 36
275297 47 41
275417 36 43
275628 24 27
275633 26 31
275670 32 33
275771 35 36
275961 48 38
276115 43 43
278444 31 29
279947 54 43
280737 51 53
282645 47 32
284053 55 45
284201 70 46
284790 16 16
285146 44 45
285405 73 49
285418 73 49
285871 45 44
286226 51 40
286539 52 45
286903 58 38
286924 43 31
286967 17 39
286988 14 39
286995 5 45
287009 9 36
287024 12 36
287069 32 39
287111 31 39
287129 33 32
287165 27 29
287171 24 28
287185 16 18
287201 16 11
287254 7 6
287259 4 9
287274 9 16
287290 8 21
287826 14 46
287839 10 40
287901 9 59
287930 14 81
288039 64 33
288052 68 34
288089 16 139
288096 16 137
288214 11 50
288226 6 44
288231 13 35
288243 20 21
288273 13 46
288277 19 48
288320 62 50
288332 70 56
288338 71 57
288351 88 47
288403 13 75
288576 6 38
288624 12 54
288634 11 57
288636 12 57
288668 10 55
288729 9 38
288807 20 43
288872 8 44
288881 8 43
288970 9 34
