5633 127 27
7311 49 118
7337 151 18
7349 121 36
7436 125 16
7926 60 55
7939 48 84
8153 99 5
8226 100 15
8467 51 35
8480 26 67
8574 31 108
8612 116 16
8727 34 86
8824 127 9
9104 32 75
9177 134 17
9638 73 51
10329 46 98
10495 83 6
10783 108 34
10998 81 27
11172 101 38
11345 92 48
11827 90 39
11996 56 68
12225 60 73
12285 26 79
12752 68 82
12781 66 89
12799 60 79
12824 79 84
12979 37 154
13033 87 78
13166 97 37
13176 44 93
13252 45 77
13332 41 68
13333 39 70
13341 41 75
13389 42 103
13733 89 30
14020 55 72
14106 56 51
14247 40 106
14339 109 34
14371 124 48
14447 38 99
14591 121 43
14627 87 33
14741 101 28
14936 88 30
15042 136 44
15214 86 14
15515 62 25
15862 63 88
16090 106 46
16157 103 32
16170 118 34
16204 129 41
16211 129 38
16247 80 32
16515 70 15
17860 83 38
18373 82 32
18490 130 41
18543 72 27
18763 108 44
19051 93 33
19217 81 33
19247 79 33
19270 56 28
19360 71 25
19599 77 37
19692 78 29
19784 63 33
19881 15 27
19977 9 26
19992 11 26
20015 11 16
20202 10 14
21124 7 21
21207 3 11
21261 4 17
21405 57 28
21460 26 22
21701 40 21
22254 10 30
22439 13 17
23295 2 18
23667 18 31
23700 30 32
23709 32 31
23741 42 23
23857 43 8
24349 62 31
24523 45 27
24626 71 48
24659 63 48
24682 75 47
24727 63 34
24778 44 28
24899 52 52
24937 51 46
24964 39 32
24991 50 49
25107 69 47
25120 48 26
25141 46 33
25206 62 36
25294 61 55
25415 55 49
26055 33 25
26116 57 51
26734 75 42
26751 90 46
26858 70 36
26867 70 33
26958 70 28
26987 88 45
27044 90 45
27230 52 24
27325 37 23
27343 39 26
27442 53 23
27589 43 35
27624 52 32
27649 57 31
27728 72 41
27805 75 48
28181 52 35
28457 63 31
28477 66 33
29194 93 22
29239 74 13
29839 65 29
30233 78 16
30347 79 12
30360 80 15
31209 81 24
31808 80 30
31818 76 32
32032 75 34
32744 80 31
33539 72 37
33661 57 28
34319 37 24
34425 79 32
34587 52 12
35160 103 26
35349 59 18
35517 56 25
36210 76 23
36318 83 29
37741 78 21
37944 62 16
37957 70 18
37978 90 20
38251 69 27
39349 90 25
39706 41 26
39841 57 20
39880 34 17
40144 50 16
40331 65 33
40495 53 24
40841 63 26
41039 74 23
41054 62 20
41157 62 25
41369 61 24
41522 66 29
41573 66 34
41672 59 26
42221 54 24
42393 76 30
42507 69 26
42789 71 19
43271 34 11
43647 58 19
43776 61 25
43785 64 23
43995 84 31
44193 58 26
44372 64 19
44493 40 18
44544 47 18
45102 57 30
45520 70 29
45742 79 37
46802 60 22
47035 26 16
47283 59 27
48271 76 23
50421 68 15
50661 75 26
51731 68 29
51902 64 27
52115 66 24
52242 67 27
52316 59 24
52358 80 35
53967 83 36
54227 64 29
54298 67 24
54672 92 31
55281 83 31
55838 76 28
56017 53 24
56070 49 18
56573 58 25
56683 89 30
56849 91 44
56937 70 28
56988 51 15
57089 76 34
57309 64 38
57737 54 30
57911 55 29
58454 57 24
58717 66 19
58831 73 40
59921 22 10
59949 26 13
59958 32 18
60050 54 20
60090 53 15
60682 67 38
60697 64 37
61214 48 21
61634 91 34
61794 73 27
62507 49 27
62559 71 28
62568 69 26
62670 33 31
63044 70 25
63072 58 24
63138 45 26
63159 72 37
63176 61 46
63184 63 49
63268 56 24
63303 45 31
63651 64 25
63668 68 32
63675 55 34
63691 81 38
63705 86 41
63739 82 38
63898 94 26
64205 69 36
64255 70 28
64313 46 22
64463 70 27
64741 51 30
64823 53 18
64883 67 19
64931 63 24
64965 45 19
65167 66 26
65208 82 22
65238 61 16
65252 35 14
65447 84 27
65615 53 21
65722 35 20
65812 18 2
65849 11 1
65951 39 20
66471 55 26
66704 51 19
66785 83 36
67265 61 25
67344 34 24
67658 89 21
67838 76 20
68098 66 35
69246 47 20
69322 54 25
69780 82 25
69897 51 21
70303 76 43
70534 56 32
70642 65 28
70792 81 26
71353 50 28
71492 72 30
71585 59 31
71728 65 27
71810 51 26
72016 64 34
72055 50 28
72124 60 25
72142 79 42
72547 45 23
72620 92 26
72643 87 31
72826 75 26
72857 80 28
73014 66 24
73225 61 17
73321 58 41
73576 52 29
73758 49 20
73781 59 28
73991 33 19
74489 53 23
76261 48 33
76980 70 37
78475 68 51
78507 53 30
78516 52 26
79308 36 31
79338 41 23
79605 44 26
80077 43 28
80587 38 28
80624 50 40
80652 56 50
80783 38 26
80831 41 32
81256 44 44
81265 45 44
81709 64 40
82235 40 42
82555 46 43
82586 45 46
83722 52 19
84787 68 20
85343 84 22
85438 62 13
85451 65 15
85460 41 15
86137 68 22
86302 78 30
87251 46 10
87398 55 23
88410 83 26
88448 68 22
88775 62 24
89049 54 20
89261 75 17
89486 59 22
90008 68 17
90248 52 15
90305 74 23
92488 83 14
94101 65 17
94561 75 19
94623 72 22
94670 71 26
94726 80 27
94888 60 27
94933 81 30
95751 74 21
95859 61 11
95899 58 18
95978 67 24
96432 55 12
96597 83 21
96750 75 20
96870 45 17
96881 48 15
97005 83 15
98266 80 23
98565 58 16
99075 95 21
99407 77 17
99552 75 18
99603 78 22
99708 69 19
99837 81 20
100033 59 12
100131 61 20
100189 83 17
100224 81 25
100413 73 26
100573 59 15
100830 27 10
100884 12 8
100890 14 6
100920 34 11
102047 101 26
102353 96 28
102924 93 36
103054 49 17
103761 65 10
104045 43 11
104127 85 23
104711 65 13
105546 62 15
105720 72 20
106256 83 23
106287 69 21
106707 61 24
106940 71 16
106965 59 18
106995 77 22
107021 53 17
107114 78 21
107126 65 20
107135 59 21
107168 68 21
107262 81 19
107270 80 19
107325 65 18
107461 59 18
108151 82 24
108692 72 14
109579 50 8
110076 78 24
110215 70 19
110235 60 18
110758 80 18
111316 73 16
111477 68 21
111502 86 29
111531 73 26
111539 78 27
111545 85 26
111662 56 19
111681 61 20
112357 90 19
113149 83 20
113484 76 22
113704 66 18
113974 63 13
114442 52 39
114613 65 33
115501 51 32
115541 49 47
115552 57 48
118302 23 1
118364 14 0
118548 54 0
119285 52 19
119311 58 37
119529 58 34
119692 61 32
119765 81 48
119990 42 20
120010 44 24
120084 77 41
120429 37 30
120663 49 25
120741 69 28
121136 64 32
121145 58 28
121357 52 17
121372 50 23
121552 50 28
121591 63 32
121890 38 21
122160 47 37
122304 62 37
122323 63 35
122339 60 30
122363 66 27
122493 71 35
122636 32 17
123408 35 23
123456 39 36
123939 24 14
124456 41 31
124706 37 23
124957 35 24
125650 83 36
125683 59 36
125992 45 30
126430 52 27
126614 26 14
127277 64 23
127295 58 20
127703 12 2
129849 29 5
132211 45 27
132733 42 39
133049 46 32
133626 53 29
133745 45 36
134056 42 22
134395 54 24
134470 51 29
134710 29 15
134908 38 21
134998 36 26
135802 68 33
136620 33 22
136728 12 32
136760 28 38
136833 23 20
137343 39 29
137572 34 21
137602 43 27
137611 49 32
137636 43 32
137803 62 31
138406 53 26
138483 53 32
138633 70 37
138798 78 28
139199 64 27
139482 41 27
139522 50 25
139534 43 18
139541 54 18
139680 69 41
140057 55 45
140150 43 27
140990 60 37
141500 41 28
141694 56 19
141944 43 23
142407 29 14
143445 55 36
144059 76 36
144163 45 31
144472 36 24
144547 51 30
146284 62 36
146335 45 40
146473 84 40
146506 81 32
146548 53 32
147588 42 19
148476 52 28
151974 29 16
152204 53 26
152875 39 19
152883 34 16
152986 62 27
153039 67 29
153084 87 46
153559 54 37
153795 9 10
153988 52 37
154675 69 45
155368 39 22
156181 68 40
156456 85 48
156719 44 36
156790 61 30
156805 57 28
156835 54 30
156887 84 51
156892 80 46
156899 80 48
156981 43 28
157031 40 31
157046 42 31
157081 66 36
157087 64 33
157122 74 24
157162 64 32
157412 47 24
157647 70 40
157911 43 29
158151 56 33
158375 50 33
158409 50 32
158641 56 32
158664 50 26
159043 65 30
159562 39 22
160252 53 35
160681 36 33
160753 44 22
160891 36 17
160909 64 22
161352 51 32
161783 50 28
162293 40 37
162804 48 36
163122 27 32
163329 70 28
163345 76 29
163928 70 34
165095 68 35
165368 46 25
165386 46 31
165970 52 28
166164 50 30
166437 70 46
166794 57 34
166980 53 34
167709 63 37
167771 64 34
168244 44 25
168511 68 26
168600 32 24
168622 37 25
168631 37 24
168735 56 45
170334 47 18
170544 48 27
170610 55 39
170940 44 31
171189 64 21
171216 84 32
171514 63 27
171576 61 25
172251 65 20
172398 46 29
172419 52 30
172473 54 21
172638 54 24
172842 46 31
172904 54 28
173873 44 22
174432 49 34
174534 60 26
174595 60 32
174703 43 20
174711 36 19
174781 45 26
175520 44 17
175685 47 22
175827 38 26
175915 56 29
176223 53 28
176232 45 25
176305 45 36
176362 52 24
176367 53 25
176436 46 17
176446 46 17
176458 44 22
176526 5 18
176544 16 19
176589 40 16
177300 65 28
177306 69 29
177398 36 24
177825 44 33
177930 52 27
178340 37 17
178946 50 32
179231 50 31
179978 66 38
180610 40 23
180683 51 20
180709 51 14
180992 32 27
180999 29 19
181992 52 25
182166 36 28
182248 39 26
182378 54 32
182436 70 42
182481 66 28
182874 48 33
182904 51 44
183264 48 27
183561 42 29
183699 51 35
184729 58 29
185128 56 26
185223 41 20
185521 49 32
185886 51 38
186615 46 27
187139 57 29
187284 52 29
187451 38 21
187557 47 29
187651 66 38
187984 57 38
188016 45 48
188052 49 33
188106 54 30
188128 47 24
188419 69 33
188427 60 30
188865 70 26
189003 65 19
189581 83 28
189710 68 16
189722 63 16
189950 65 19
190264 69 21
191204 47 12
191555 66 20
192209 60 24
192381 63 28
192713 37 20
192871 39 15
192904 46 15
192912 42 19
192968 58 26
193010 55 25
193028 62 32
193572 17 16
193744 61 29
193863 65 24
194377 35 22
194830 35 22
194849 46 24
194953 58 27
195219 60 21
195392 41 13
195438 38 22
195477 36 24
195498 25 17
195538 17 9
196142 47 21
196193 57 28
196208 52 25
196220 53 22
196292 61 15
196348 54 25
196381 63 38
196502 51 23
197048 65 23
197381 48 20
198426 68 19
198576 64 13
199396 63 15
199528 66 12
200080 66 10
200101 67 13
200119 65 15
200536 66 9
201199 53 22
201586 60 37
201757 45 22
201904 71 33
202431 43 32
202683 43 27
202728 42 35
203021 48 22
203134 65 18
203319 78 29
204918 61 10
204945 77 12
205110 70 10
205137 85 15
205374 82 14
205485 55 13
206074 87 23
207815 35 25
207966 48 18
208005 57 22
208099 71 13
208148 73 22
208153 65 21
208177 65 27
208425 79 25
210122 49 23
210182 55 18
210273 46 23
210503 79 32
210627 52 26
210698 52 28
210915 51 23
211109 77 27
211463 52 13
211571 47 16
211642 38 30
211983 40 15
212408 48 16
212475 38 22
212578 79 30
212619 49 22
212875 37 10
213749 56 25
214092 55 18
214125 45 16
214777 78 21
214797 75 20
214933 64 17
215647 52 16
215676 54 17
215720 51 18
216339 51 19
216361 45 12
217814 72 23
219958 51 17
219994 78 23
220074 66 20
220153 48 25
220189 48 17
220212 51 18
220495 61 15
220593 49 13
220806 46 22
220826 52 15
220883 75 19
220920 72 22
221344 58 18
221736 49 14
222424 31 5
222497 41 12
223166 51 10
223317 60 13
223491 49 12
223529 50 14
223570 48 9
224547 54 19
224931 53 17
225273 53 18
225447 57 17
226113 42 9
226517 54 10
226627 60 20
227278 66 21
227545 61 12
227981 74 20
229334 92 15
229375 89 22
230109 67 25
230469 42 14
230662 52 15
230773 47 15
230863 61 18
231193 49 15
231335 70 15
232540 60 17
232845 47 23
233185 52 21
233644 42 17
233691 50 17
234296 43 10
234538 60 20
234667 66 19
235258 61 17
235972 59 10
236348 46 25
236496 69 31
237492 73 19
237771 64 13
238023 60 21
238157 35 15
238168 48 17
239197 52 18
239876 68 17
240448 71 26
240697 63 24
241253 74 22
241427 52 18
241531 56 11
241675 45 20
241750 55 12
241856 51 15
241957 60 9
242235 53 15
242322 50 6
242379 59 11
242505 32 9
243259 89 12
243311 68 11
243369 92 15
243900 43 7
244213 65 9
244219 65 11
244624 30 5
244762 68 7
245072 66 9
245461 70 19
245506 56 13
245701 34 19
245722 32 21
246122 67 19
246593 54 19
246642 67 16
246664 97 22
246682 79 23
246711 81 28
246837 71 13
246895 52 13
247365 59 20
247414 63 19
247944 59 17
248469 50 19
248958 60 20
249132 66 24
249325 57 17
249643 74 19
249709 75 13
249745 46 12
249878 64 28
249906 79 28
250000 89 21
250022 69 19
250042 67 20
250099 54 18
250121 50 12
250164 90 12
250200 79 14
250212 95 19
250330 58 21
250719 35 15
250775 75 16
250791 80 16
250798 83 17
250805 87 19
250981 74 15
251039 63 18
251078 71 23
251125 73 16
251223 63 16
252111 24 12
252249 26 14
252500 58 12
252581 64 12
252608 60 8
253601 52 9
254173 53 17
254541 90 18
254546 89 16
255268 75 9
255286 71 11
255330 70 20
255477 76 16
255482 72 16
255769 83 17
255949 79 12
256182 84 9
256366 66 10
256450 55 7
256564 70 8
256633 43 8
256726 63 17
257011 58 9
258490 43 12
258590 55 12
258813 74 12
258873 82 16
259002 63 14
259072 48 7
259084 47 7
259167 79 13
259223 84 18
259638 66 15
259826 87 12
259938 64 13
259989 65 16
260324 70 12
260349 68 21
260466 75 8
260624 72 10
260636 89 12
260656 98 7
260727 72 9
260800 69 10
260877 62 7
260965 64 13
261265 72 17
261290 73 14
261398 68 11
261661 56 14
261669 49 12
261941 36 6
262216 62 10
262496 62 15
262697 75 15
263186 74 6
263270 47 15
263308 61 16
263375 66 11
263482 50 10
263506 67 14
264024 62 21
264266 52 18
264508 44 16
265064 31 18
265248 45 26
265753 71 23
266402 64 20
266445 61 24
266553 39 24
266561 38 20
266719 60 19
266914 39 21
267012 41 17
267083 52 14
267142 45 22
267254 53 26
267305 43 16
267346 58 12
267368 42 10
267386 47 17
267464 51 13
267542 62 21
267557 55 17
267572 54 21
267678 46 23
267962 42 15
268058 59 23
268416 62 19
268421 58 21
269224 62 16
269294 47 13
269759 38 18
270391 50 21
270431 58 23
270451 61 22
270605 64 23
271015 14 9
271382 60 29
271470 76 25
271717 46 20
271747 42 14
272194 33 16
272292 64 25
272766 48 18
272787 50 18
273038 51 18
273241 49 13
273298 55 19
274119 48 14
274295 59 26
274881 23 10
274911 23 12
274989 51 25
275294 59 18
275684 67 35
275711 63 26
275816 40 11
275933 65 22
276299 38 18
276593 52 38
277167 56 30
277470 44 23
277501 40 21
278800 64 30
279140 72 35
279750 67 26
280254 57 14
280414 61 33
280751 70 25
281067 72 24
281240 43 14
281527 62 24
281688 56 26
281693 56 28
281897 64 23
282066 59 21
282181 60 17
282611 52 22
282894 44 24
283160 39 21
283334 36 14
283380 50 23
283389 54 21
283400 62 21
283412 55 27
284055 65 21
284588 57 22
284712 51 23
284881 45 26
284913 55 31
285004 63 22
285619 53 30
285632 63 30
285640 64 27
286959 44 23
287178 42 25
288065 62 38
288314 57 30
288496 59 31
288696 53 27
288843 63 31
289094 44 25
289269 42 15
290768 41 20
290869 35 18
290951 55 22
291635 68 29
291752 45 34
291856 42 25
291995 40 15
292221 17 15
292323 50 16
292496 23 20
293028 76 28
293332 26 22
294543 65 19
294620 43 29
295089 41 29
295388 21 13
295784 28 10
295922 57 23
297175 61 20
297460 33 23
297686 42 18
298043 43 28
298332 57 21
298385 51 27
298522 58 41
298590 52 22
299208 58 20
299948 40 27
300305 61 28
300827 42 21
300890 53 27
301601 53 21
302264 43 24
302477 37 22
302938 38 36
303027 48 32
303276 50 30
303378 32 23
303476 62 30
303988 31 19
304007 28 20
304072 45 27
304735 50 30
304783 69 27
304846 56 25
305041 48 17
305077 40 20
305350 48 14
305395 44 13
305509 65 32
305530 65 29
306434 20 5
306467 22 3
306496 25 7
306537 35 15
306707 32 19
307197 51 29
307256 57 20
307998 50 29
308063 38 23
308782 47 29
308947 56 35
309064 64 30
309826 41 26
310132 30 23
310477 44 22
310615 51 32
311312 44 33
311353 55 44
312364 33 27
312637 40 34
312647 38 40
312697 48 40
312775 35 34
313242 43 38
313297 48 42
313345 42 36
313531 64 45
313536 61 48
313581 56 30
313611 50 20
313617 46 21
313884 31 25
313998 63 35
314053 56 27
314067 53 24
314099 55 34
314171 51 30
314189 47 32
314304 25 24
314321 38 30
314369 49 27
314425 46 41
314504 42 28
314526 32 20
314543 26 20
314557 33 22
314574 40 27
314609 45 32
314659 44 29
314797 57 35
315286 40 42
315456 34 39
315488 54 46
315586 59 38
315787 45 39
316366 25 34
316519 17 24
316531 17 20
316675 61 38
317187 20 20
318062 42 24
318922 48 38
319154 41 20
319277 60 24
319332 54 27
320478 36 36
320560 25 27
321007 30 34
321231 42 28
321369 56 34
321396 55 35
321593 40 28
321618 36 27
321708 59 42
321902 41 27
322278 72 40
322709 41 26
322729 51 36
323478 44 32
323541 63 35
323625 32 30
323703 29 39
324393 50 34
324689 36 24
325510 50 23
326472 22 25
326637 25 30
326748 36 36
326803 24 33
327272 33 27
327378 46 24
327995 49 38
328464 68 32
328670 58 22
328779 23 20
329591 46 28
329714 37 28
329798 45 32
329942 44 42
329981 43 36
330873 62 39
331798 39 29
332500 36 26
332922 39 40
333809 34 34
333908 34 28
334124 21 70
334197 9 74
334244 9 69
334513 22 58
334594 17 74
334625 11 46
334685 14 44
335186 9 55
335240 13 79
335260 16 86
335375 12 67
335381 9 68
335862 19 45
336696 18 46
337791 28 46
338274 27 37
338281 26 41
338331 24 46
338336 23 46
338865 23 47
340084 29 38
340360 26 38
340380 24 49
340879 24 48
341611 27 51
342250 30 53
344090 35 83
344371 19 45
344582 21 67
345149 21 58
345833 23 35
346038 30 49
346351 29 57
346610 33 47
346631 34 37
346754 25 46
346763 25 49
346823 30 43
346931 22 39
346973 29 44
347052 32 42
348029 27 52
348147 26 53
348202 33 45
348355 24 68
348472 29 47
348516 20 35
348556 24 50
349044 24 51
349076 27 67
349772 31 49
349790 30 56
350197 28 44
350214 35 51
350219 33 50
350479 21 56
350747 29 52
350774 27 47
351134 34 48
351251 20 42
351602 29 53
351737 17 30
351783 19 35
352367 35 63
352404 27 42
352473 34 43
352767 30 47
352773 31 52
353304 27 45
353318 30 43
353589 25 48
353652 20 51
353994 44 73
354028 39 79
354136 15 24
354180 28 45
354300 37 62
354310 37 68
354327 39 51
354420 27 42
354477 36 48
354493 28 34
354531 43 43
354917 23 42
354962 27 44
355752 35 56
356226 36 54
356234 38 51
356879 40 57
357686 34 46
358123 22 49
358697 35 52
360133 21 41
360187 23 41
360223 32 48
361332 25 53
361361 18 33
362321 31 76
362343 38 71
362379 27 49
362424 21 40
362453 24 40
362500 32 44
362523 37 57
362535 38 54
362555 41 63
363051 19 54
364151 27 42
364191 21 33
364201 21 30
364640 31 34
366198 12 40
366554 29 59
366820 21 45
367607 31 77
369232 30 52
369649 24 67
369660 21 61
369688 31 61
369850 26 43
369932 18 34
369949 16 33
369991 18 46
370148 23 64
370412 31 67
371446 24 42
371512 37 56
371946 29 41
374783 28 70
375172 24 35
375189 21 35
375321 25 45
376194 29 44
376325 22 37
376496 22 27
376575 45 53
376617 26 46
377006 29 39
377146 54 33
377928 20 33
378234 25 35
378389 37 51
378435 21 45
380003 61 5
380188 74 18
380290 59 12
381547 69 17
381852 76 15
382211 67 15
382969 74 16
383163 30 12
384706 99 21
385707 58 11
385966 60 11
386624 53 8
386644 46 5
386703 47 11
386785 74 12
386830 93 9
386888 52 7
387170 81 17
387327 44 9
387333 44 7
387889 52 8
390307 57 17
390685 49 11
390782 79 15
391155 73 13
391215 57 18
391631 63 13
391638 56 13
391824 47 16
391882 69 24
392425 83 20
392982 68 12
393672 44 10
393704 55 12
393973 64 10
394187 26 3
394464 53 15
394557 59 11
394757 49 17
394770 64 16
394889 59 11
395127 46 16
395194 62 17
395367 55 11
395783 45 6
395827 62 8
396457 62 11
396490 74 13
396561 44 8
396636 68 15
396649 80 18
397058 61 18
397190 81 20
398770 52 10
398800 44 12
399512 101 24
399595 75 14
399680 71 21
399720 67 15
400108 62 15
400951 44 16
401158 34 6
402434 60 14
402469 70 13
402514 72 19
402657 67 20
403247 61 18
406331 49 14
406610 49 11
406702 60 17
406749 50 14
406900 44 9
407052 41 14
407135 87 16
407539 69 19
408097 59 9
408264 51 20
408329 66 18
408821 51 18
408830 49 20
408835 49 19
408933 71 26
409067 51 13
409288 49 15
409420 79 27
409636 65 16
410591 68 13
410636 64 17
410864 50 13
411344 71 15
413010 39 18
414358 69 24
415184 59 8
415200 66 8
416292 71 17
416435 47 13
416628 70 19
416658 65 25
416690 67 22
416696 55 19
416929 52 19
417041 77 18
417502 60 17
417862 76 15
417904 50 16
418982 55 7
419095 79 20
419218 57 8
419320 74 17
419468 60 13
419768 41 15
420289 83 22
420313 61 22
421187 50 18
421265 61 22
421495 57 18
421706 47 12
421910 75 27
421991 75 28
422327 62 23
422583 51 26
422639 65 25
422717 62 16
422979 45 23
423594 63 20
423876 81 23
423928 82 24
424532 66 23
424553 87 30
424710 29 18
424753 35 21
424887 66 19
425007 46 15
425676 71 22
426222 49 24
426257 65 21
426584 51 21
426621 64 20
427413 65 23
427687 82 17
428550 61 21
430105 72 23
430300 74 14
430649 7 13
430726 66 20
430911 83 23
431001 63 18
431123 27 14
431721 30 12
431778 36 20
433496 50 16
433580 63 25
440356 49 21
440385 61 26
440403 51 25
440410 50 25
440451 49 25
440463 38 25
440481 46 28
440655 50 19
440942 60 25
440951 64 25
440968 60 24
440974 61 26
440992 62 20
441072 50 22
441157 79 32
441237 56 28
441318 41 24
441493 58 20
441582 37 14
441639 53 18
441716 92 29
442085 100 35
442137 73 24
442197 67 14
442240 49 19
442602 70 32
442682 42 20
443398 67 21
443780 35 16
443831 48 14
443836 49 14
444006 89 27
444038 85 30
444086 61 28
444103 64 28
444318 82 26
444363 78 26
444652 38 24
445555 47 20
445585 58 24
446689 72 18
446836 60 20
446977 83 26
447017 64 19
447027 62 21
447037 60 24
447051 52 21
447120 61 15
447707 41 24
447898 73 18
447997 71 20
448058 51 26
448073 48 25
448357 63 29
448481 39 26
448664 5 26
448749 4 15
448921 2 10
454922 36 29
454951 38 25
455025 47 12
455037 39 7
455103 40 10
455110 47 17
455139 48 18
455269 56 15
455397 66 18
455840 55 10
457679 58 19
457786 60 27
457825 66 21
458505 43 21
458857 62 15
458936 56 22
458994 52 20
459116 53 25
459215 53 14
459533 39 20
459737 41 25
459917 68 19
460080 63 19
461157 73 23
461336 47 25
461474 39 29
461701 56 31
461886 64 26
462270 61 15
462771 54 19
463001 64 20
463185 92 28
463284 45 19
463815 81 14
464060 57 25
464352 67 21
464946 61 23
465027 45 15
465081 45 18
465105 49 18
465199 80 20
465204 76 19
465240 58 18
466240 48 13
466548 51 28
467441 60 21
468815 85 28
469353 64 18
469386 85 32
469432 77 25
469471 47 14
469526 63 20
469998 64 28
470208 43 16
470332 66 23
470428 84 12
470875 62 15
470965 58 13
471468 72 24
471910 66 25
472003 51 22
472441 77 24
472745 80 35
472930 73 23
473106 62 10
473400 65 23
473416 62 30
473456 52 20
473491 47 20
473608 54 21
473867 55 21
473974 65 15
474020 69 19
474154 36 13
474163 37 13
474404 52 28
474511 52 15
474541 44 14
474637 62 28
474668 63 21
474895 44 10
475422 55 17
476448 58 24
476791 80 26
476823 59 25
476964 53 21
477003 39 24
477165 63 17
477362 46 20
477476 57 34
477652 40 26
478059 24 36
478144 27 34
479226 24 54
479241 28 46
479397 39 62
479628 34 44
479676 31 42
480008 36 52
480102 21 31
480789 33 40
480826 35 33
481233 38 40
481350 14 33
481413 21 46
481493 40 52
482709 32 55
482841 29 42
482990 33 58
483036 46 64
483042 46 58
483246 28 49
483579 35 37
483816 23 43
484290 47 57
484926 52 52
485040 37 73
485055 44 63
485061 50 64
485463 35 69
485571 51 53
486165 37 47
487020 35 33
487474 40 58
487960 35 44
488103 27 24
488637 25 47
489078 29 50
489201 27 68
489318 26 51
489414 27 66
489681 24 34
489707 30 51
489815 42 54
489914 34 56
490209 44 64
490396 18 48
490474 34 63
490539 30 47
490603 45 51
490672 35 37
490738 36 47
490786 46 51
490831 37 69
490846 28 67
491200 40 52
491365 37 56
491499 34 51
492019 37 38
492193 32 60
492325 35 56
492391 31 38
492537 47 73
492744 28 63
492791 14 51
492885 19 44
493055 24 64
493218 46 55
493548 28 43
493688 39 75
494674 30 54
494679 30 56
495103 11 64
495109 16 61
495115 22 57
495261 39 45
496037 37 49
496140 62 52
496483 35 36
496777 61 59
496914 11 9
496961 34 31
497066 21 27
497341 25 42
497361 22 43
497424 15 35
497725 11 45
497731 7 39
497828 27 37
498016 48 36
498504 41 36
498605 56 52
498612 53 49
498664 48 41
498692 29 34
499277 51 57
499303 52 54
499407 44 53
500099 48 59
500495 30 35
500600 39 49
500825 39 46
500858 42 45
500939 34 48
500973 35 40
501008 37 58
501065 39 63
501095 48 45
501379 54 58
501458 36 36
501686 32 32
501809 45 70
501907 43 32
502025 39 45
502199 53 26
502628 46 29
502652 38 29
502697 21 20
502796 39 37
502825 65 41
502838 74 45
502909 36 29
502967 37 28
502985 36 31
503097 65 63
503107 64 55
503140 62 42
503245 54 45
503317 63 45
503352 78 46
503374 64 38
503402 68 37
503559 55 42
504007 66 38
504045 48 42
504366 62 44
504432 42 27
504699 73 43
505323 57 39
505521 63 38
506166 58 56
506313 40 36
507120 36 33
507157 57 37
507280 33 32
507318 47 40
507861 49 23
509035 52 32
509423 57 33
510164 43 48
510426 60 38
510438 59 39
510643 40 24
510915 32 23
511293 61 41
511500 67 51
512254 51 33
512260 49 34
512563 46 39
513073 52 34
513334 57 37
513640 56 49
513871 65 49
513961 46 35
514106 68 36
514205 52 44
514570 41 37
514612 46 42
514750 42 26
515020 48 41
515533 56 42
515701 58 26
515725 46 20
516758 54 38
516763 59 39
516829 44 35
517192 73 43
517231 62 39
517653 57 39
517858 44 38
517876 30 35
518469 51 48
519905 54 38
519977 46 30
520424 66 34
521105 40 50
521144 33 38
521207 31 42
521291 39 51
523011 32 24
523191 49 36
523272 41 42
523285 46 49
523308 43 36
523329 58 41
523749 37 55
524070 42 52
524178 45 48
524433 50 49
524593 27 39
524729 64 60
524788 21 49
524938 47 64
526611 51 68
526749 40 49
528114 54 53
528496 32 49
529551 60 56
530416 53 63
530512 23 31
530559 14 40
530584 27 42
530788 39 45
531552 39 48
532054 25 58
532291 36 44
533079 46 34
533439 40 51
533879 33 47
534025 22 37
534354 46 53
534425 43 55
534469 38 54
534875 46 39
535202 37 30
535244 35 47
537541 57 66
537688 43 54
537714 48 43
537742 33 33
537842 55 64
537934 34 45
538251 21 39
538697 35 47
538817 30 47
538994 48 60
539141 35 54
539198 30 53
539511 28 44
541295 37 37
541493 39 49
541508 42 46
541517 46 56
541595 41 33
541702 40 57
541841 50 61
542756 38 44
542903 53 71
543984 23 41
544626 39 49
545226 20 34
545889 46 39
545907 41 45
546174 46 60
546837 38 62
547034 46 64
547338 56 63
547468 26 44
547600 64 70
547786 48 49
547900 44 67
548014 34 59
548065 32 48
548188 42 63
548361 44 47
548407 36 43
548436 34 56
549060 34 72
549610 63 30
549883 78 33
549890 85 32
549926 83 37
550188 76 22
550454 89 33
551379 60 32
551461 53 22
551487 64 21
551679 79 30
551793 50 14
552500 44 18
552539 58 21
552622 79 25
552833 38 19
552972 88 36
553102 68 21
553110 64 19
553129 52 20
553194 72 36
553209 72 35
553262 72 30
554028 52 21
554170 42 15
554188 46 14
554289 121 44
554722 57 23
555520 54 25
556126 74 35
556576 70 26
556648 97 38
556817 77 26
557163 80 39
557488 75 18
557620 61 27
558330 58 9
558372 64 15
558558 130 20
558603 67 11
558634 58 13
558795 80 16
559062 83 18
559161 79 24
559382 77 19
559413 86 19
559461 66 19
559582 72 17
559610 80 19
559716 54 17
559828 80 19
560136 71 16
560193 63 12
560232 61 21
560258 85 20
560566 72 16
560630 88 24
560739 79 23
560765 52 36
560837 72 13
560885 86 13
560921 74 19
561671 70 10
561688 82 11
561705 67 20
561968 87 19
562021 92 22
562130 79 14
562186 56 21
562220 49 12
562279 106 20
562332 85 14
562392 62 18
562433 53 15
562735 56 11
562795 71 12
563154 99 23
563168 89 22
563695 67 13
563780 94 17
564158 70 12
564224 54 10
564264 88 11
564350 96 23
564794 90 14
564820 86 23
565085 85 13
565418 81 10
565983 76 26
565997 70 24
566111 99 26
566213 44 15
566530 45 9
566720 92 20
566899 86 20
567177 65 18
567232 78 18
567337 70 16
567439 60 14
567962 87 25
568385 31 23
568393 29 23
568492 34 18
568505 25 20
568512 20 23
568925 4 13
568966 2 14
569063 5 10
