6210 7 8
6225 11 8
6307 17 5
6374 8 8
6436 9 4
6461 12 5
6543 10 12
6635 32 18
6658 4 10
6804 13 9
7462 5 18
8160 18 32
8178 5 28
8935 6 30
9074 14 39
9183 26 35
9193 25 43
9352 3 13
9508 6 18
9991 14 36
11880 3 16
12021 16 43
12068 6 35
12231 10 54
13809 13 32
13828 8 35
14088 19 50
14593 22 40
14679 39 71
14960 28 45
14990 29 38
16769 26 39
16885 45 69
17008 18 89
17186 30 62
17246 38 77
17370 37 41
17384 32 44
17550 42 54
17680 42 25
17921 61 52
18169 29 55
18339 38 52
18385 35 52
18568 54 70
18626 42 72
18660 32 52
18956 45 51
19183 32 46
19332 48 54
19754 24 41
20252 30 41
20319 56 51
20482 38 36
20592 65 31
20799 45 36
22219 23 31
22323 75 45
22371 57 29
22426 62 44
22662 80 49
23354 23 13
23363 24 14
23420 58 27
23456 76 40
23513 31 14
23981 62 45
24009 63 39
24098 62 45
24143 58 39
24201 67 52
24575 61 25
24635 60 41
24668 72 46
24728 82 34
24851 37 37
25616 58 35
25841 45 22
25871 35 15
26005 77 55
26137 53 33
26747 52 36
26815 49 34
26838 53 49
27036 70 49
27050 73 42
27079 52 29
27222 62 53
27227 55 51
27255 52 47
27322 71 40
27335 77 41
27359 71 27
27379 67 27
27384 61 26
27424 45 23
27631 77 52
27798 45 30
28066 51 31
28106 54 33
28673 80 37
29576 52 41
29874 45 48
31324 45 37
31519 31 23
31851 57 32
33109 44 38
33133 44 49
33184 51 35
33928 63 29
34699 58 31
35152 40 29
35254 70 36
36273 42 32
36417 50 35
36438 56 38
36598 62 33
36842 87 47
37120 74 42
37642 23 24
38149 29 31
39477 65 22
40808 48 39
41488 47 43
41671 42 38
41698 32 29
42096 46 33
42492 50 34
42976 63 31
43074 52 37
43737 55 36
43770 55 32
43777 62 32
43818 60 39
43908 59 24
44595 57 36
44649 62 36
44718 42 29
45103 33 20
45439 49 30
45797 42 36
46063 52 57
46153 51 49
46256 38 40
46651 37 31
46659 36 27
46670 31 22
46680 42 30
46749 45 37
46778 39 33
46793 40 33
46886 58 58
46891 65 62
46981 52 41
47214 57 35
47577 42 38
47881 62 45
47988 59 48
48015 50 46
48192 57 34
48303 61 43
48378 52 54
49194 39 32
50089 45 38
50395 52 37
51016 41 42
51762 28 36
52191 41 39
52239 54 50
52578 44 36
52627 56 35
53026 43 50
53064 49 54
53122 52 42
53221 50 46
53240 42 37
54035 33 39
54105 42 43
54122 38 42
54127 37 45
54171 25 54
54216 11 74
54293 12 58
55035 8 49
55057 10 46
55081 23 53
55219 21 38
55243 34 47
55254 35 41
55269 36 37
55300 27 32
55308 26 30
55324 23 26
55365 40 48
55416 43 49
55449 37 57
55508 36 51
55565 26 42
55571 24 35
55577 17 33
55583 20 31
55597 30 34
55630 35 30
55654 32 39
55689 23 47
55705 31 66
55714 30 57
55730 22 61
55830 15 44
55842 15 30
55864 15 27
55880 17 20
59706 24 51
59716 24 46
59771 32 51
59811 28 46
59842 25 36
59862 32 36
60560 44 44
60653 61 46
61313 51 45
61406 46 36
61853 46 44
62439 37 44
63195 33 35
64201 50 43
64314 62 41
64602 38 36
64956 70 52
64977 58 43
65298 49 44
65462 57 36
65898 33 32
66697 37 50
66852 37 39
67040 41 37
67142 43 37
67153 45 36
67204 53 45
67213 32 38
67240 37 42
67247 35 38
67280 41 49
68143 53 35
68481 58 22
68509 60 28
68601 57 30
68709 55 47
68726 42 32
68887 61 37
68976 37 20
69489 49 42
70444 56 33
70467 51 31
70946 68 25
71100 58 32
72027 44 41
72719 44 39
72876 75 35
72904 69 36
73344 34 51
73416 63 56
73728 49 55
73818 41 57
74434 38 36
74481 44 37
74797 43 45
74909 44 45
75067 54 54
75159 30 20
75333 39 31
75441 69 61
76119 38 31
77409 52 40
77529 51 36
77542 46 33
77556 47 32
77584 57 41
77645 60 51
77718 60 38
77826 63 26
77880 65 29
78463 40 33
78472 39 34
78724 42 36
79117 51 34
79291 49 43
79867 52 38
81610 46 46
81634 42 40
81787 59 40
81829 45 41
81874 47 46
81955 38 31
82087 56 38
82327 60 33
82471 48 47
82880 39 33
83018 44 24
83045 43 32
83315 46 43
84209 55 48
84224 59 49
84530 58 43
86210 58 42
86646 58 30
86885 49 43
87269 40 33
88517 47 39
88628 36 25
89354 56 43
89663 50 47
89860 43 41
90840 30 39
91332 65 33
91347 57 35
91757 68 47
91772 60 52
91952 55 30
92050 52 50
92130 60 57
92251 43 34
92755 48 28
92773 55 27
92815 53 37
93622 43 36
94342 33 54
94607 39 44
94711 46 40
94776 35 34
94783 28 27
95722 40 39
96268 32 18
96307 34 24
96394 68 30
97391 49 29
97528 53 36
97645 55 30
97844 35 33
97880 41 34
97960 59 47
97967 52 42
97974 47 47
97979 57 52
98006 43 40
98196 50 50
98443 43 47
98567 74 40
98587 52 36
98773 58 43
98818 51 46
99167 70 42
99263 43 39
99548 59 44
100404 29 21
101375 31 27
101431 26 21
101466 47 30
101957 57 28
102035 45 50
102068 48 49
102089 56 51
102146 57 34
102371 52 33
102392 59 30
102451 49 46
102532 37 30
103135 38 31
103177 45 43
103315 40 46
103742 44 34
103753 47 28
103989 46 26
104992 54 41
105055 41 42
105204 68 39
106450 59 32
106564 60 25
106785 54 20
108433 50 23
109589 55 27
109689 59 27
110053 54 33
110069 58 34
110149 69 35
110209 42 29
110217 43 29
110366 52 31
110809 30 17
111032 66 31
111425 49 26
111725 30 16
111821 52 32
112137 74 41
112421 50 22
113435 52 27
113616 45 30
113909 44 24
115242 73 31
115846 48 19
116066 36 31
116267 44 29
116396 39 22
116675 51 26
116687 57 27
116750 66 30
117628 58 32
117867 59 22
118152 54 34
118605 62 21
118761 70 32
119043 48 26
119349 39 30
119700 68 35
119979 71 25
120519 48 30
120615 54 35
120780 68 41
121174 77 41
121390 50 32
121427 59 33
121457 43 28
121591 51 36
122311 52 35
122472 44 29
123036 59 32
123535 29 17
123551 34 17
124089 48 23
124261 53 32
124271 57 30
124374 55 29
124629 35 24
124692 58 23
124731 67 29
124871 63 23
125005 54 20
125268 71 10
125373 72 16
125801 52 15
125809 56 16
125852 46 19
126261 44 13
126401 85 22
126599 49 18
126608 52 17
126678 57 18
126716 67 17
126953 52 14
126959 55 15
127422 74 3
127484 78 6
127948 58 2
128004 37 3
128170 22 0
128818 70 2
128845 64 1
129056 79 6
129211 76 6
129250 75 8
129517 73 5
129559 60 3
129619 80 3
129682 96 5
129706 99 3
129793 73 4
130147 65 7
130165 72 7
130222 78 5
130994 77 6
131237 90 4
131379 68 4
131743 27 1
132347 72 3
132766 81 6
132898 68 6
133043 83 6
133088 54 0
133168 80 12
133229 81 7
134102 71 1
134414 72 5
134870 77 5
135251 98 5
135927 93 4
136233 104 7
136254 97 7
136776 59 5
136881 80 8
136923 56 9
137001 54 2
137367 83 7
137571 71 7
137745 87 12
138198 60 8
138213 58 11
138910 58 4
138956 37 3
138961 36 3
139031 76 9
139137 89 8
139538 66 6
139554 60 6
139624 65 4
139817 84 6
141472 79 5
142612 84 7
143198 81 3
143969 66 4
145374 70 10
146104 47 2
147019 68 6
149104 68 19
149295 56 20
149809 50 19
149851 59 19
149991 56 28
150061 58 26
150215 41 9
150280 57 30
150628 47 15
150890 67 22
150937 63 25
151326 61 24
151487 41 23
151693 55 32
151791 70 30
152583 46 22
153357 61 14
153383 60 18
153406 52 18
153940 58 14
154105 37 10
154216 74 18
155290 62 28
155327 61 20
156037 39 20
156184 87 24
156255 73 24
157159 48 15
157606 49 21
157663 69 21
157864 70 24
157998 60 21
158108 36 26
158448 58 24
159273 50 18
159287 55 18
159399 55 29
160505 93 21
161048 62 11
161079 51 10
161483 57 24
162309 63 22
162641 80 19
162654 73 19
163488 39 24
164353 51 17
164821 56 18
165124 44 25
165176 13 5
165201 20 7
165280 50 20
165290 48 21
165301 49 25
166006 58 24
166144 57 26
166513 55 13
166732 39 13
167479 75 36
168110 43 58
168118 38 54
168236 49 28
169337 52 28
169714 46 25
170212 34 28
170356 39 40
170673 37 31
171615 62 33
173530 53 26
173535 57 29
173731 60 48
173842 47 31
173887 46 40
173911 45 42
174163 37 37
174350 29 19
175573 46 26
176065 67 38
176323 37 30
176457 37 37
177553 59 46
177674 43 37
177707 52 51
177845 30 28
178371 50 27
178569 56 38
178895 47 35
178908 46 31
179020 24 27
179126 60 42
179140 44 40
179912 30 43
180261 42 41
180337 43 35
180722 42 31
180905 45 32
181093 46 35
181150 48 39
181726 30 30
181942 42 23
182062 43 39
183175 38 37
183516 44 25
183944 34 29
184421 25 24
184960 56 36
185384 60 30
185537 26 27
187039 74 48
187186 30 26
187411 33 38
187462 50 44
188447 33 24
188594 18 17
188685 40 29
188721 44 35
189094 64 47
189115 64 39
189213 50 50
189658 17 78
190292 31 36
190364 41 25
190457 54 36
190570 33 30
191397 26 29
192062 41 24
192134 53 31
192217 51 31
192248 55 44
192806 50 38
193073 37 29
193373 9 63
193397 23 67
193411 30 35
194280 50 48
194503 50 26
194680 46 24
194724 33 19
194840 41 46
194934 35 27
195037 37 29
195152 46 34
195277 54 38
198163 39 34
198345 52 39
198428 51 35
198537 35 34
198563 37 31
198806 46 49
199467 45 31
199517 41 29
200033 42 29
200290 43 42
200851 34 25
201832 35 26
202028 46 27
202087 38 32
202224 39 40
202828 46 29
203329 51 29
203358 45 30
204318 30 31
204324 35 31
205107 59 43
205790 28 27
205934 39 47
206001 56 34
206238 38 31
206345 54 62
206387 52 49
206417 36 33
206557 60 43
206564 53 40
206598 56 46
206617 59 43
206731 58 41
206796 51 26
206836 49 30
207067 49 36
207262 68 41
208435 46 22
208453 51 25
208766 52 37
208839 45 30
208906 46 21
210489 24 32
210684 21 32
210925 26 37
211056 18 22
211141 22 43
211397 23 42
211754 24 37
211850 30 32
211874 25 41
211889 29 56
212021 23 40
212087 29 34
212129 25 42
212213 31 36
212264 23 28
212285 24 33
212371 27 38
212495 23 50
212732 33 59
212813 22 43
212867 37 46
213032 34 37
213167 37 42
213314 29 41
213601 36 56
213750 32 38
213837 28 35
213861 34 45
214117 30 32
214438 29 46
214611 51 45
214621 47 46
215299 36 39
215378 44 58
215384 34 57
215413 41 56
215600 35 48
216372 20 45
217236 29 44
217516 29 38
217653 30 36
217669 29 31
218153 28 49
220372 34 29
220808 29 42
221080 31 22
221130 31 32
221410 24 14
221620 24 39
221815 24 33
222283 53 39
222346 32 35
222358 30 36
223146 40 32
223153 39 42
223168 50 37
223231 47 33
223968 32 34
224088 33 40
224402 43 43
224582 36 37
225254 55 34
225616 40 35
225644 43 33
225751 38 45
226045 41 33
226118 47 41
226453 38 26
226782 44 41
227418 40 34
227551 48 37
227596 42 34
227691 38 35
227744 49 33
227869 30 47
227877 32 41
228598 24 16
228846 33 27
228929 36 23
229021 28 25
229138 58 31
229363 51 32
229497 65 32
229594 26 14
229726 73 45
230197 55 31
230832 42 35
231159 43 26
231204 59 36
231289 45 32
231438 64 29
231451 58 20
231675 55 35
231700 56 36
231814 34 26
232434 52 31
232450 62 26
232544 31 30
232625 61 34
233325 38 21
233370 41 20
233696 50 20
234441 73 37
234619 44 16
234768 50 27
234969 52 25
234987 54 27
235045 50 15
235454 42 32
235575 48 26
235594 39 27
235604 47 30
235874 43 30
235902 40 27
236238 46 34
236768 31 32
236848 33 28
236954 29 37
236982 59 54
237006 58 42
237189 37 35
237527 39 35
237629 26 20
237680 50 28
237701 55 25
237752 40 25
238064 34 36
238119 49 28
238499 55 25
239700 30 31
239871 51 24
240033 69 38
240805 40 27
240918 39 32
240992 46 25
241789 35 31
241949 30 21
242253 36 27
244299 41 27
244564 51 26
244801 61 43
246061 50 39
246361 32 24
246544 40 27
246713 49 36
246772 61 44
246800 43 39
247046 67 37
247624 14 58
247630 10 75
247807 41 37
247846 41 37
248216 42 32
248409 41 25
248422 51 29
248460 43 25
248487 40 27
248503 50 18
248529 57 34
248743 40 25
248951 27 25
248986 33 25
249001 36 29
249205 38 25
249443 54 31
249771 49 37
249791 46 34
249827 50 27
249838 51 28
249993 63 44
250270 56 33
250471 59 34
251022 39 21
251183 45 22
251716 41 42
251968 60 27
252950 37 26
253076 45 27
253532 47 31
253574 47 35
253628 45 25
253643 38 18
253658 39 21
253670 32 19
253706 42 22
253850 41 32
253894 42 30
253967 52 44
254266 39 25
255217 42 29
255856 30 27
256167 34 30
256329 24 17
256624 36 28
256926 53 25
257360 46 25
257508 45 29
258657 48 13
258951 62 25
259233 37 27
259820 46 24
259825 50 25
259936 55 32
260000 50 29
260040 48 23
260091 49 19
261571 40 34
262420 64 25
262807 38 32
262927 53 26
262950 41 23
263098 41 31
263115 40 31
263125 54 36
263412 61 29
263693 53 28
264653 38 26
265084 32 21
265147 36 20
265181 47 25
265749 45 32
265810 49 25
265887 48 31
265928 48 25
265984 31 21
266306 59 30
266422 61 30
266444 46 32
267239 44 26
268234 29 27
268524 42 24
268714 34 27
269275 33 30
269320 35 30
269665 46 28
270113 51 37
270139 42 28
270334 43 24
270493 51 21
270565 33 16
270889 46 22
270910 53 31
271099 42 18
271244 46 15
271300 46 34
271536 55 25
272438 49 35
272618 43 24
272732 59 30
272875 51 26
274168 44 27
274531 46 26
274555 47 24
274708 56 22
274864 48 26
274933 35 37
275139 35 27
275629 43 30
275718 45 30
275726 42 26
275766 40 23
276999 51 30
277131 39 15
277188 57 24
277197 59 21
277249 45 15
277557 54 24
277591 51 36
278749 50 24
278904 45 29
278921 48 32
278950 46 26
279185 41 19
279225 34 17
280895 37 17
280949 42 22
281309 48 41
281377 52 25
281440 39 17
281682 48 36
281736 41 36
282005 36 19
282119 33 27
282156 27 23
282197 41 20
282405 36 29
282489 42 39
282520 35 23
282575 49 25
282628 48 29
282711 35 28
282812 32 14
283144 52 20
283394 43 28
283572 29 27
283692 47 24
283875 56 37
284053 39 35
284194 38 19
285546 45 20
285617 39 40
285623 37 40
286214 51 26
286335 54 37
286344 51 37
286387 61 41
286684 43 29
286810 29 18
287101 50 28
287455 35 26
287684 77 29
287756 43 19
287776 30 18
287794 27 19
287824 43 34
287899 56 36
287930 60 46
288250 53 26
288502 40 32
288887 43 30
289423 45 19
290020 37 30
290191 30 27
290221 39 24
290386 38 31
290479 31 28
290497 34 22
290653 39 22
291166 33 28
291251 42 35
291484 55 20
291637 56 20
291672 53 19
291712 49 18
291818 39 17
291941 36 18
293571 54 15
293648 50 17
293759 62 11
293811 61 27
293879 50 17
294206 34 14
294245 39 19
294825 38 16
295680 48 17
295813 37 13
296013 54 19
296230 50 20
296523 38 16
296813 62 14
297510 61 14
298102 44 21
298181 14 2
299282 51 18
299473 59 17
299479 40 14
299485 38 14
299641 62 19
299877 61 30
300152 62 16
300185 67 15
300363 47 16
300878 40 14
301765 46 21
301807 38 11
301814 36 11
301987 52 15
302035 45 17
302149 50 12
302974 55 19
303528 42 12
303618 34 15
303776 43 17
303945 34 10
304227 47 16
304288 60 10
304876 50 11
305085 37 9
305188 86 22
305247 68 18
305474 68 25
305993 56 9
306078 66 10
306207 37 11
307154 62 28
307226 68 23
307244 47 18
307694 43 20
307772 29 13
308295 60 19
308332 50 17
308379 47 14
308644 36 14
308664 41 12
309121 49 14
309241 43 13
309601 73 19
309766 43 9
310591 30 20
310675 57 19
310799 52 21
311386 55 13
312015 44 9
312842 50 17
312906 40 8
312964 50 15
313400 52 19
313456 40 21
313485 36 21
313528 45 24
313540 44 19
313697 59 19
314282 38 15
316788 75 2
317250 61 2
317422 58 0
317484 73 3
317512 74 6
317584 51 2
317593 55 1
317611 72 3
318064 64 2
318072 65 2
318121 66 1
318173 64 7
318439 80 4
318454 70 4
318798 70 1
318814 67 0
319400 47 0
319432 38 2
319458 38 5
319534 75 4
319627 75 7
319671 43 5
319801 60 2
319927 62 3
319972 65 3
320976 52 3
321686 73 4
321995 82 8
322001 84 8
322907 59 3
323678 51 3
323948 89 4
324299 39 2
324467 92 2
324740 64 0
324775 66 3
324854 71 1
324866 60 1
324876 43 1
324899 55 4
325223 59 14
325496 84 2
325838 74 8
326081 61 5
326273 69 2
326549 46 1
327152 55 4
327479 56 3
329329 79 1
331688 80 2
332354 61 3
332420 66 1
332428 70 1
332461 81 1
332600 44 4
332719 82 6
332856 57 0
332948 56 3
333006 74 4
333147 72 3
333288 54 5
333614 60 2
333922 74 2
334430 78 4
334551 63 5
334556 62 5
334602 49 3
334639 66 3
334758 82 3
335121 61 3
335260 64 4
335413 42 5
335626 45 1
335716 86 5
335761 87 3
336613 40 2
337016 63 2
337027 67 2
337125 73 4
337297 60 5
337550 60 6
337942 69 2
338571 63 5
338731 51 5
338909 50 4
339394 54 1
339406 53 3
339550 81 5
339787 46 3
339971 84 4
339998 54 1
340058 55 2
340358 57 2
340396 48 3
340470 58 2
340759 55 2
340869 74 3
340986 64 3
341148 67 3
341262 52 0
341529 68 4
341613 68 3
341910 72 0
342426 66 1
342681 79 3
343095 64 1
343119 70 1
343244 68 10
343337 63 7
343509 73 7
343543 61 5
343549 61 4
343566 61 4
343757 69 4
343845 53 1
345170 50 5
345743 60 3
345761 68 6
346055 60 4
346493 56 8
347159 85 11
347634 35 10
347671 51 10
347886 42 14
348244 43 21
348426 36 14
348589 58 10
348594 68 12
348849 39 11
348890 41 13
349165 57 24
349191 47 22
349557 49 15
349641 29 13
349703 41 9
349760 60 11
349771 59 12
350073 39 19
350215 51 17
350293 57 15
350320 43 17
350350 53 13
350503 53 19
351116 42 18
351623 56 18
351632 57 13
351689 43 18
351737 48 13
351854 48 9
352151 54 19
352175 44 17
352524 38 17
353084 35 11
353318 47 10
353384 44 6
353443 51 16
353741 26 12
353840 56 17
354029 77 17
354086 55 11
354104 48 10
354190 66 18
354287 52 12
354376 46 18
354397 36 17
354457 59 21
354506 44 10
354515 50 13
354540 46 21
354839 41 17
355015 35 13
355273 45 20
355439 42 14
355643 39 17
355978 45 20
356170 37 19
356362 40 13
356497 61 26
356527 61 24
356920 51 19
357413 42 22
358168 46 20
358315 46 22
358489 39 21
358866 61 17
358966 50 20
358981 47 16
359047 50 5
359739 53 15
360039 41 19
360217 49 21
361808 48 16
362059 46 16
362168 59 21
362413 71 25
362637 65 23
363128 50 12
363315 50 18
363591 57 14
363648 54 17
364191 54 20
364742 42 19
364762 44 21
365034 55 24
366442 48 9
366607 36 16
366817 57 10
366883 52 15
366991 46 12
368027 44 30
368314 35 25
368639 37 37
368810 36 25
368915 31 26
369135 42 29
369179 42 31
369234 42 31
369549 42 44
370691 43 14
371143 42 18
371600 45 18
372353 47 15
372469 35 19
373375 41 25
373414 61 28
373420 59 32
373550 40 12
373960 39 16
374743 8 57
374758 45 16
375269 38 19
375972 51 22
376259 49 19
376419 52 16
376793 41 19
376906 43 27
376924 34 26
377038 23 9
377423 42 14
377506 50 23
377753 59 20
379221 32 32
379230 35 33
379924 35 25
380534 33 40
380573 38 39
381527 26 31
381566 21 20
381787 36 21
381940 24 25
381946 25 25
382507 39 43
382582 31 43
383016 35 29
383861 27 36
384107 41 32
385186 30 41
385259 30 25
385841 42 36
385847 34 33
386849 42 32
386906 30 21
386939 30 33
387144 27 31
387314 32 29
387484 41 34
387748 30 34
387839 22 30
389388 26 25
390295 28 30
390682 49 33
390839 29 19
390925 38 33
391018 37 43
392866 26 31
392910 40 45
393073 30 25
393413 25 28
393930 35 31
394152 33 33
394896 35 38
395940 34 34
396045 31 22
396213 32 27
396915 49 42
397314 38 36
398063 20 34
398167 38 35
398241 25 34
398298 36 38
398322 50 36
398391 35 38
398397 38 36
398601 43 48
398796 46 22
398862 31 29
399863 11 17
399890 13 30
400284 32 30
400619 31 32
400922 37 29
401111 30 23
401135 28 25
401141 29 24
401499 28 24
401664 17 20
402116 26 41
402197 32 27
402604 30 33
403093 45 46
403406 35 38
403733 19 34
404240 28 31
404638 31 34
404937 35 31
405000 26 35
405009 23 38
405469 33 26
405554 29 28
405773 33 29
405780 36 34
406014 34 39
406320 21 36
406805 26 32
407821 39 32
408479 37 31
408593 27 30
408728 39 36
408775 38 39
409121 30 33
409157 26 32
409790 33 30
410120 33 24
410673 34 31
410944 33 37
411036 25 36
411303 26 41
411522 17 18
412349 42 23
412746 33 27
413415 31 40
413507 23 31
413827 28 28
413846 30 31
414285 30 35
414370 27 36
414679 27 30
414723 28 33
414767 26 37
414806 26 40
414823 25 34
415470 18 27
416341 32 38
416413 27 36
417125 13 46
418462 41 33
418504 42 39
418891 39 43
418930 34 36
419034 31 16
419107 32 34
419249 20 26
419383 39 29
419522 40 33
420347 21 26
420413 29 20
420534 13 16
420579 14 17
420669 18 23
420732 25 23
420803 24 23
420822 32 29
421032 28 28
421053 23 31
421172 30 41
421201 36 40
421796 31 39
421967 26 38
422180 28 22
422366 28 35
422891 43 36
423543 39 35
423666 22 28
423768 29 44
423906 28 23
424112 29 32
424190 36 51
424198 30 37
424493 35 36
424700 24 29
424854 24 31
424949 25 42
425352 25 30
425361 27 33
425409 27 40
425420 28 35
425561 30 28
426479 29 23
426810 45 46
427128 41 37
427156 39 46
427223 29 27
427276 20 17
427404 23 32
427439 17 27
428173 32 27
428194 27 28
428773 26 26
429432 28 32
429509 26 30
429710 25 37
429941 27 29
430537 33 27
431758 22 45
431818 25 41
431867 35 33
432230 21 39
432357 29 48
432666 43 44
433359 22 22
433453 41 36
434445 38 26
434674 45 33
434725 28 42
434928 33 37
435052 25 43
435347 31 37
435458 36 26
435524 32 31
435770 35 35
435854 37 27
435998 26 20
436361 47 37
436664 36 37
437156 26 47
437626 35 36
437906 29 30
438056 28 25
438083 41 32
438176 27 21
438200 24 29
438239 24 33
438530 25 34
439127 33 33
439319 47 26
439647 33 30
439677 21 39
439721 21 45
439765 23 26
439896 26 30
440114 34 31
440958 30 21
441062 37 33
441179 28 42
441635 22 30
441965 33 37
442001 42 35
442097 35 41
442944 23 24
443544 29 34
443925 25 24
444773 52 36
445204 34 21
445679 25 28
446866 20 28
447106 31 25
447328 37 42
447460 30 22
447528 34 34
447971 37 36
448026 37 29
448169 19 27
448278 38 39
448852 25 35
449201 19 33
449390 29 32
449663 28 30
449742 26 38
450777 22 29
451685 33 25
452098 35 26
452522 28 32
452936 27 24
453220 39 31
453231 36 27
453405 36 25
453692 22 26
454292 35 51
455046 32 39
455364 41 30
456017 23 25
456123 8 13
456850 48 31
456934 26 38
457213 33 36
457618 39 26
457684 26 20
458048 24 30
458437 52 34
458530 44 31
458729 45 35
458766 31 28
458901 26 29
458910 27 29
459061 35 35
459415 21 34
459631 28 24
460405 49 24
460615 40 24
461129 41 44
461732 26 34
461861 35 30
461965 32 39
462277 29 28
462322 38 28
462427 49 37
462517 37 28
462913 39 28
462976 35 26
463039 28 32
463407 34 32
463486 39 29
463786 34 27
463844 33 22
463898 26 17
464354 19 20
464817 27 39
464832 28 34
465730 54 31
465847 30 19
465862 28 16
465887 42 23
466536 47 22
466664 40 26
467156 44 12
467180 45 12
467313 35 24
467324 38 26
467330 38 24
467656 35 28
467693 37 35
467750 35 20
468432 46 28
468442 47 27
468551 42 29
468713 56 34
468862 41 17
468956 25 28
468968 26 28
469277 19 10
469366 37 18
469416 36 16
469474 21 6
469542 41 30
469600 56 25
469827 42 27
470104 48 24
470673 40 24
471124 44 26
471240 35 19
471518 38 23
472032 29 24
472326 46 15
472347 41 19
472605 37 17
472707 42 30
472719 40 30
472725 43 28
473277 41 17
473313 38 20
473385 46 22
474073 31 21
474160 34 22
474623 58 26
474816 41 21
474829 39 22
474842 38 26
474901 49 26
475000 32 31
475047 34 18
475057 25 18
475631 44 19
475807 44 15
475825 29 13
476005 46 16
476240 35 27
476245 32 24
476256 23 21
476264 24 20
476908 45 22
476971 32 29
477115 36 28
478578 40 16
479182 35 30
479497 32 19
479601 59 27
479803 30 14
479895 64 33
480160 39 27
480417 38 21
481055 27 18
481403 26 15
482314 42 16
482457 29 6
482578 29 20
482659 52 15
482954 48 26
483035 28 18
483504 40 27
484205 40 16
484881 42 26
485544 43 20
485682 44 25
485691 50 25
485970 45 27
486189 42 20
486807 41 17
487486 41 21
487738 29 19
488003 37 28
488364 34 11
488437 27 28
488684 40 24
488705 39 22
488713 43 22
488727 50 27
488733 44 27
488740 43 27
489160 47 32
489289 34 19
489591 20 15
490377 33 18
490763 41 22
491172 41 28
491310 45 22
491444 28 20
492149 42 31
492361 26 22
492790 23 15
492819 28 23
492946 29 21
493655 40 33
493895 44 23
494066 39 24
494280 47 25
494756 33 25
494779 34 18
494894 50 22
494951 42 20
495187 45 23
495482 29 20
495912 47 30
496063 22 17
496105 40 18
496227 55 21
496276 48 22
496534 39 35
496549 37 35
496666 52 24
496693 61 26
496912 35 19
497200 25 14
497257 41 16
497301 34 12
497315 33 11
497767 38 20
498868 36 23
498890 33 21
498904 29 24
499078 46 30
500042 39 27
500526 44 14
501084 40 16
501205 47 29
501272 39 24
501816 32 23
502675 37 9
504062 38 31
504083 33 43
504247 41 34
504893 34 16
505103 47 33
505190 46 24
505283 34 16
505706 51 15
505739 39 15
505766 52 21
505843 28 25
506155 34 20
506192 36 21
506671 31 25
506802 34 33
506874 57 26
506937 44 21
507209 38 28
508042 34 22
508053 31 20
508128 46 19
508579 42 24
509125 42 21
509146 38 21
509174 34 18
509188 36 17
509194 36 15
509282 24 21
509484 38 15
509502 25 12
510526 34 14
510604 48 28
510631 34 25
510788 39 32
511324 48 17
511423 24 21
511693 49 27
511783 53 24
512074 45 31
512107 55 37
512224 38 18
512372 43 28
512929 44 30
513647 40 19
513772 52 26
514103 45 19
514274 32 23
514295 34 19
514418 46 24
514468 30 23
514638 30 20
515223 34 22
515244 33 21
515854 43 27
516145 33 28
516401 44 26
516478 41 19
516853 33 15
516885 31 11
517053 38 25
517172 46 29
517467 45 25
517518 47 25
517695 51 29
518237 20 8
518339 25 14
518390 37 20
519032 37 27
519617 71 21
519632 76 21
519674 59 16
519790 41 11
520235 33 18
520529 42 19
520553 54 11
520730 52 20
521333 45 18
521417 52 17
521636 74 18
521717 57 12
521778 41 18
521787 41 18
522147 41 9
522206 37 12
522792 50 18
522923 47 20
522997 40 10
523033 33 8
523504 35 19
523726 31 13
523894 37 17
524552 42 23
524558 42 23
524582 39 26
524739 36 22
524913 14 16
525150 7 35
525379 18 24
525855 24 43
525902 10 22
526281 30 27
527530 48 45
527802 31 32
528074 25 43
528233 26 32
528495 8 21
528710 21 34
529157 16 40
529294 24 38
529849 18 39
530598 24 35
531630 23 48
531703 17 40
532267 20 37
532817 25 44
532837 28 51
532956 18 35
532967 11 35
533187 22 41
533209 16 36
533548 29 47
533568 19 42
533593 26 42
534482 24 49
534517 31 50
534604 22 40
534907 21 32
535291 25 54
535574 15 37
535789 18 46
535873 27 73
536011 15 48
536158 34 46
536218 22 40
536299 18 46
536554 18 48
536671 23 29
536755 19 37
536779 18 34
537034 25 54
537071 19 49
537130 15 45
537142 13 33
537592 20 49
537822 18 37
538035 13 50
538124 21 33
538204 31 50
538426 23 31
538432 18 35
538809 17 33
538894 16 28
538933 29 50
538993 18 43
539134 9 21
539218 29 60
539309 16 32
539386 24 28
539517 24 33
539554 28 37
539636 17 43
539704 28 32
539790 29 53
540006 19 47
540042 23 50
540324 16 39
540348 21 48
540468 34 52
541036 27 43
541475 23 29
541594 25 34
541912 21 32
542149 23 45
542386 29 55
542571 21 40
542649 25 49
542769 29 38
543010 21 46
543160 21 37
544677 25 50
545295 24 53
545835 24 41
545876 19 32
546526 20 50
547266 22 38
547883 25 53
548029 29 38
548486 21 43
549073 17 45
549208 20 45
549244 19 45
549433 16 50
549462 19 56
549478 18 46
549496 17 36
549787 19 40
550057 22 33
550215 25 36
550255 29 40
550332 17 38
550362 15 51
550755 19 39
551622 18 56
551694 28 61
552207 27 39
552310 8 65
552319 14 56
552888 22 45
553728 17 47
553836 22 43
554195 21 55
554258 23 42
555271 17 53
555811 27 49
556564 14 45
557016 23 44
557494 20 40
557608 25 49
557653 31 44
557689 28 36
557850 18 47
558283 28 58
558455 12 24
558534 26 47
558902 20 46
558930 27 46
559955 20 31
560039 31 39
560144 23 44
560236 25 52
560344 8 20
560359 13 19
560452 20 42
560464 24 47
560615 12 29
560667 12 39
560680 7 31
566993 6 36
567096 12 63
567106 14 65
567136 16 42
567240 13 42
567250 17 53
568254 13 35
568423 23 55
569407 21 49
570468 20 40
570491 22 38
570705 24 27
571902 19 52
572521 24 45
575354 35 36
576535 26 42
577142 24 47
577472 26 50
577583 34 49
577595 26 48
577639 29 52
577799 23 25
577890 26 44
578278 27 23
578478 20 40
578551 9 25
578662 29 52
579069 25 48
579848 28 50
580158 32 51
580505 40 42
580581 26 42
580911 16 38
581105 24 37
581165 34 41
581292 17 29
581346 25 40
582126 22 43
582145 26 48
582599 20 33
582837 25 53
583519 41 36
583638 25 54
583924 29 42
583957 27 36
583975 24 40
584047 23 27
584283 16 28
584294 14 26
584390 26 33
584403 21 30
584503 18 25
584512 21 24
584690 19 32
584840 31 39
584884 25 21
585171 23 24
585252 33 58
585322 22 26
585361 31 22
585409 35 52
585466 33 62
585559 25 39
587096 16 34
587752 23 45
588154 32 53
588528 22 31
588713 19 28
588807 32 51
588910 26 39
589460 34 33
589633 23 38
589675 32 38
589827 22 21
590042 20 40
590113 18 40
591136 26 41
591289 24 35
591474 28 38
591573 32 30
591713 25 42
591811 22 45
591982 24 29
592237 18 38
592744 29 34
593011 28 30
593053 24 35
593506 42 44
593590 14 39
593968 21 32
594016 28 37
594064 37 49
594592 24 31
594856 29 44
594903 33 43
594955 21 32
595629 17 13
595675 29 50
595907 23 38
596786 35 45
597263 21 28
597299 40 53
597932 24 40
597968 20 30
598052 34 45
598154 21 39
598331 31 38
598588 22 29
598631 25 28
598799 27 50
598894 27 53
599139 29 49
599499 27 49
599819 32 65
600771 35 44
601324 28 50
601769 39 56
602439 21 38
602528 14 14
602912 17 32
602939 23 34
602944 23 32
602954 19 25
602959 22 29
603041 16 22
603529 35 49
603541 36 52
603553 32 51
603574 25 43
603713 22 29
604069 30 34
604625 24 61
604820 21 50
604934 20 30
605107 33 47
605159 32 30
605469 24 39
607825 30 33
607920 25 29
608110 26 53
608126 18 48
608133 20 48
608404 30 41
608698 30 27
608913 39 23
609219 30 44
609412 24 43
609432 38 59
609501 20 37
609595 38 51
609836 27 43
609856 24 52
609919 34 45
609964 19 24
609983 16 29
610152 18 42
610400 22 39
610795 19 39
611440 33 47
611461 31 54
612160 27 54
612169 29 46
612253 25 42
612310 24 30
612391 34 42
612694 24 38
613151 20 32
613268 34 32
613351 24 28
613780 27 42
613811 22 36
614069 27 52
614087 22 46
614573 18 38
614637 28 43
614718 17 46
614789 28 59
614928 20 29
615831 30 39
616061 24 42
616184 34 36
616325 21 43
616636 26 44
616674 24 51
616752 23 28
616889 28 17
616937 37 16
617289 24 51
621742 4 29
623603 7 17
623751 21 17
623901 19 34
624090 22 36
624851 37 49
624881 22 37
625040 28 31
625379 50 41
625423 32 36
625610 23 39
625705 51 57
625904 26 32
625952 36 35
625975 29 29
625991 42 39
626335 24 40
626507 24 30
627026 52 30
628275 32 16
629279 34 20
629420 54 41
629429 59 35
629756 45 50
629951 15 21
630231 25 20
630519 38 23
630762 61 27
630803 36 29
630953 47 27
631064 51 33
631208 37 11
631236 38 22
631264 38 27
631993 47 32
632135 44 20
632396 38 20
633307 48 38
633548 47 41
633675 46 19
633868 38 19
634952 38 28
635519 37 21
635525 37 21
635941 34 16
636209 24 14
636311 29 20
636320 33 23
636390 46 27
636401 45 26
636455 48 20
636722 36 23
636889 36 28
637146 35 31
637152 29 25
637686 30 26
637866 38 33
637938 37 25
638505 49 36
638778 35 22
638784 37 22
639385 33 20
639493 39 20
640833 38 26
641412 34 23
641873 35 23
642276 45 37
642762 33 32
643026 49 28
643857 19 12
643903 28 6
643965 14 20
644201 25 14
644206 23 14
644456 36 21
644636 50 38
646207 67 16
647778 26 14
648049 39 11
648792 36 13
649034 34 12
649144 44 20
649978 47 15
650185 63 14
650610 34 15
650802 31 12
650892 43 18
651171 45 22
651232 42 17
651270 47 17
651453 54 12
652836 47 18
652875 51 16
653127 44 10
653181 59 11
653523 45 24
653592 45 22
654185 53 24
654212 62 16
654276 43 11
654282 43 12
654330 28 11
654368 11 15
654388 21 8
654595 38 18
654735 50 20
654748 50 26
654913 52 11
654929 52 15
655367 46 10
655404 41 7
655526 7 4
655560 32 11
655925 46 14
656594 75 22
656783 41 16
657203 55 13
657421 51 13
657650 48 17
657661 49 23
657967 51 20
658396 44 15
658559 53 12
658711 29 8
658768 52 20
659320 56 17
659587 53 15
659721 57 13
659737 63 11
659877 42 11
660145 53 17
660445 56 16
660483 40 14
660518 44 15
660973 60 11
661218 63 14
661404 46 9
661780 69 20
661817 65 20
662097 46 20
662277 48 13
662515 39 25
662871 48 22
663126 53 13
663165 57 19
664146 54 18
664422 56 17
664577 48 12
664733 48 19
664765 47 15
665097 50 21
665198 49 17
665239 46 15
665916 63 15
666754 48 22
667752 57 12
667794 54 6
667833 61 11
667894 68 12
667953 52 15
668240 75 22
668275 65 23
668854 76 23
668869 67 19
668875 67 19
669032 52 21
669256 79 15
670927 41 14
671662 56 14
671809 70 16
671931 53 14
672187 43 16
672241 44 14
672502 61 14
672520 57 13
672553 51 13
672635 44 12
672802 63 17
672844 61 12
672854 51 12
672986 80 16
673085 60 20
673241 66 16
673842 61 14
674644 49 8
674700 53 16
674953 52 22
675001 49 24
675153 68 18
675191 63 24
675491 47 11
675521 69 15
676017 35 33
676076 51 15
676241 5 11
676279 22 13
676300 31 14
676305 29 15
676361 42 18
677344 56 11
677560 32 9
677679 47 11
678015 62 12
678627 51 11
678883 41 9
678981 66 14
679293 55 15
680650 56 15
680862 55 11
680873 44 12
680975 46 17
681601 56 7
681844 39 12
682228 43 17
682375 68 14
682534 37 15
682561 68 20
682697 55 16
682773 56 13
682845 57 19
683262 58 14
683282 43 14
683468 60 18
683721 47 18
684158 62 15
684290 71 15
684315 67 13
684386 77 21
684572 53 16
684800 62 11
684809 59 10
684880 29 16
684885 33 13
684904 50 12
685125 58 18
685362 54 13
685518 79 20
686380 70 13
686626 48 11
686644 43 14
686947 61 12
687016 52 20
687205 50 10
687686 41 12
687743 80 23
687831 84 17
687991 71 13
688306 63 14
688332 64 16
688349 63 12
688362 83 16
688390 63 12
688433 64 11
688441 55 8
688541 60 5
688773 58 17
688787 69 14
688842 61 16
688850 53 16
688866 48 15
688890 52 17
688917 42 15
688942 45 22
688983 51 20
688995 57 17
689010 51 14
689034 58 14
689055 44 15
689062 41 15
689119 44 14
689853 66 33
689874 72 34
689900 44 18
689958 61 12
690256 67 27
690449 48 14
690774 71 11
690870 55 13
691038 61 13
691224 49 13
691290 50 13
691884 32 11
691890 32 11
691965 62 15
692357 48 14
692479 56 11
692610 66 12
693082 60 13
693573 63 11
693633 68 14
693738 64 18
695466 68 21
695641 73 14
695860 62 15
695870 55 13
696337 45 8
696513 56 16
696930 45 6
697535 48 13
697884 55 10
698278 73 18
698304 59 16
698385 54 17
699295 65 20
699417 49 11
699598 44 14
700389 52 9
700507 39 7
700545 38 8
700717 61 10
700729 62 9
700755 73 6
702036 7 11
702568 71 18
702810 44 15
702987 95 16
703230 41 14
703307 61 14
703601 63 9
703650 64 12
704259 61 14
705552 54 8
705573 77 10
705597 78 10
706014 48 11
706182 60 13
706614 63 10
706626 70 12
706764 65 12
706773 60 12
706810 71 9
706818 63 7
706989 52 7
707808 58 7
707922 72 14
708219 74 9
708582 70 9
708606 67 6
708652 68 9
708792 40 10
708962 60 19
709085 72 10
709091 80 13
709307 74 12
709331 70 8
709381 45 11
709532 75 14
710477 57 12
711237 59 23
711944 37 11
712073 77 19
712088 21 73
712103 10 69
712970 41 29
713450 28 36
713533 34 28
714490 46 35
714517 46 30
715314 48 34
716181 44 32
716425 47 31
716778 29 26
716820 35 25
716876 45 30
716997 47 29
717384 64 30
717461 62 30
717543 38 17
717774 69 41
718394 45 28
718602 45 35
718860 37 19
718865 37 19
719011 31 25
719109 30 39
720488 39 49
720575 39 28
720716 43 32
720764 35 28
720776 35 30
720794 30 34
720920 29 24
722333 45 43
722530 43 53
722558 38 42
722924 22 30
723013 38 31
723965 56 33
724028 36 21
724179 32 34
725307 43 37
728292 38 32
728550 46 29
728613 40 30
728694 35 36
728991 22 21
729141 46 35
729424 34 28
729531 47 30
729969 46 48
730029 60 45
730704 31 30
730793 37 31
730865 46 33
731363 37 28
731466 33 27
731564 37 36
732544 38 33
732599 43 30
732672 33 25
733482 42 29
733542 44 28
733657 46 38
734136 30 36
734245 31 33
734379 38 29
734460 48 40
734480 41 31
734492 41 28
734727 45 31
735134 38 31
735297 43 41
735519 46 49
736335 50 41
736460 44 51
736686 41 23
737116 59 42
737131 48 37
737409 48 38
737747 42 41
738088 40 32
738153 50 49
738405 29 31
738643 46 43
739404 61 39
739438 43 33
740054 43 38
740696 36 38
740777 27 37
740791 30 36
740949 50 36
740969 37 36
742062 40 36
743752 38 36
743893 46 35
743914 50 41
743980 49 42
744234 45 46
744274 42 57
744523 36 47
745206 28 42
745545 48 34
746823 31 49
747375 39 35
747448 52 58
747490 44 42
747504 42 40
747833 51 53
747900 45 43
748237 32 39
749003 35 31
749139 48 36
749890 54 52
750516 58 34
750878 32 39
751229 52 57
751594 39 30
753359 20 29
753510 37 36
753977 28 37
754040 47 46
754135 26 27
754453 38 34
754525 40 31
754849 45 34
755191 39 34
755606 52 54
755852 34 31
755964 62 47
756004 54 55
756298 35 37
756530 47 29
756641 43 39
756901 61 11
756926 67 12
757034 71 14
757053 49 8
757086 57 9
757253 53 14
757271 47 17
757301 49 13
757340 56 12
757394 50 16
757462 66 15
757469 60 13
757580 64 22
757592 56 20
757610 51 18
757776 59 20
758497 55 19
758513 62 22
758672 65 22
758766 68 22
758798 56 20
758808 52 16
758837 37 12
758846 36 15
759015 56 17
759054 66 19
759133 54 14
759247 46 12
759333 66 19
759426 81 25
759435 76 24
759954 39 4
759962 37 6
761265 72 15
763047 64 16
763404 80 6
764517 54 18
764703 57 17
764832 53 12
764847 64 18
765405 88 13
765993 70 9
766887 79 18
767061 59 6
767430 55 4
767916 75 7
767958 61 12
768217 68 16
769114 52 15
769130 64 17
769330 49 8
769365 59 6
769413 56 10
769764 56 9
769950 92 10
769977 87 14
770160 78 16
770295 52 12
770307 37 12
770672 63 13
770796 73 13
770856 61 11
771324 65 12
772138 91 13
772763 43 7
772937 65 10
773006 77 16
773102 51 12
773411 53 8
773766 120 19
773818 121 22
773869 98 17
774257 52 10
774802 51 14
774809 60 17
775024 61 18
775175 57 8
775250 69 11
775920 89 21
776166 99 10
776200 80 10
776231 71 14
776295 74 9
776392 59 5
776569 87 17
776692 50 12
776744 65 8
776859 76 11
777194 63 16
777218 58 15
777269 8 14
777282 6 17
781699 44 17
781730 47 15
781812 39 11
782272 92 5
782899 46 18
783706 61 17
783736 65 18
784132 70 24
784629 67 13
784798 48 11
785189 57 8
786037 81 13
786172 81 7
786608 32 19
786638 76 16
787268 77 9
787331 66 18
787370 69 16
787427 68 22
787616 64 11
787820 58 8
788173 71 3
788324 68 1
788514 61 6
789327 80 3
789806 65 4
790203 68 7
790342 55 3
790555 69 3
791179 93 3
791521 72 3
792449 103 5
792783 97 4
793900 60 2
794074 109 5
794098 114 5
794162 83 4
794851 90 2
794908 59 3
794937 68 4
794963 55 6
795551 72 4
795559 69 5
796471 58 4
797059 64 5
797113 59 6
797140 78 5
797244 58 3
797751 76 6
797947 47 3
797979 75 5
798094 110 11
798229 77 6
798273 78 6
798307 74 6
798400 110 10
798684 81 5
798801 68 2
799071 75 4
799279 87 7
799464 76 7
800226 87 0
801078 72 6
801356 80 2
801836 63 7
802115 79 8
802316 65 3
802369 46 1
802388 49 4
802477 68 4
802538 91 8
802655 38 5
802730 60 7
802754 58 6
803483 67 2
803717 60 2
804722 73 8
804907 44 5
805890 76 1
806643 75 3
807636 100 6
807675 72 7
807681 69 6
808188 84 5
808439 59 1
808857 75 1
809091 61 1
809355 75 6
809846 79 0
809941 82 0
810171 87 0
810219 85 0
810613 92 0
811041 83 0
811231 89 0
812664 102 0
812811 89 0
813447 81 1
813630 40 0
813657 56 0
813663 62 0
813832 32 0
813987 39 0
814020 27 0
814154 57 0
814593 84 0
814629 77 0
815136 84 0
815580 73 0
816377 73 0
816931 60 0
817148 75 0
817721 84 0
818285 82 0
819153 93 0
819192 70 0
819281 93 0
819296 90 0
819910 97 1
820410 107 0
820529 88 0
820857 100 0
821003 87 0
821132 99 0
821262 99 0
821376 64 0
821481 86 0
821645 96 0
821978 77 0
822493 80 1
822751 92 0
822772 96 0
822822 86 0
822901 85 0
822930 89 0
823049 86 1
823645 67 0
823663 70 0
824044 23 0
824067 44 0
824452 64 0
825032 95 0
825479 103 0
825560 89 0
826180 66 0
826872 85 2
826935 81 1
826956 78 0
827115 84 2
827166 105 1
827188 78 0
827223 102 1
827408 83 0
827514 72 0
827625 66 0
827708 82 1
828183 97 0
828324 84 0
828423 96 0
828441 78 0
828640 70 1
828666 68 1
828755 77 0
828846 68 0
829173 70 0
829523 71 0
829756 85 0
829862 96 0
829918 95 0
829944 84 0
830352 86 1
830366 86 1
831877 91 0
832599 16 0
833397 24 4
833449 14 5
833469 11 7
833493 10 8
833520 16 7
833616 51 4
833745 60 4
833874 67 3
834401 85 6
834513 101 3
834975 45 2
835219 51 4
835793 73 15
836045 64 5
836376 92 12
836387 91 8
836522 100 13
836750 73 2
836825 79 8
837074 71 5
837114 68 6
837521 60 6
837774 83 9
837898 62 8
838057 65 9
838164 97 10
838184 89 11
838254 70 12
838269 65 10
838374 65 12
838687 78 6
838864 81 10
838902 72 9
839730 83 1
839748 72 2
839778 77 7
839864 76 8
840192 83 8
840780 87 18
841318 79 6
841885 53 7
842199 66 7
842301 73 13
842366 83 8
842428 89 10
842452 96 9
842689 91 8
842727 74 7
842741 80 7
842900 88 13
843517 67 8
843933 78 9
844122 66 3
844204 99 20
844341 72 7
844533 62 6
845568 88 13
846302 83 8
846314 90 10
846437 75 7
846549 96 7
846819 77 5
847003 72 6
847151 61 7
847179 78 7
847196 72 7
847283 73 3
847455 99 9
848989 48 8
849210 78 14
849271 73 9
850447 57 10
850633 62 8
850857 47 5
851037 68 5
851094 67 7
851118 75 7
851148 67 6
851163 79 4
851271 69 5
851337 77 7
851424 71 6
851591 61 5
851793 82 8
851913 74 4
851958 57 7
852433 60 8
852922 58 5
853000 81 13
853630 82 8
854059 87 17
854260 81 12
854339 69 6
854968 77 11
855033 67 9
855437 60 10
855593 82 10
855648 54 4
856222 92 12
856608 51 7
858128 66 10
858162 55 6
859304 112 10
859654 73 10
860736 49 9
861610 62 7
862486 83 18
862504 85 18
862557 81 9
862572 79 8
862629 66 13
862651 78 14
862715 82 9
862739 81 9
862783 74 11
862836 81 12
862960 91 6
863036 70 6
863065 64 4
863089 61 8
863116 71 9
863340 94 5
863375 86 6
863462 83 11
863483 93 11
863539 76 8
863890 56 9
864181 66 5
865983 74 18
866073 77 17
866107 78 17
866270 67 8
866313 70 14
866378 97 17
866571 76 15
867293 66 10
867419 70 15
867565 63 11
867663 97 12
867833 77 15
868049 82 7
869475 63 16
870180 54 38
870636 58 24
871152 51 45
871308 48 35
871395 43 38
871419 56 32
871446 51 33
871482 56 27
871493 46 33
871818 55 36
871968 38 29
872025 53 44
872235 44 27
872325 47 35
872712 53 33
872802 46 46
873036 35 53
873283 25 31
873370 25 35
873433 40 43
873628 38 51
873880 37 53
874150 45 52
874195 44 50
874258 49 53
874362 44 63
874395 36 56
874591 50 59
874665 33 44
874713 38 37
875483 49 56
875764 35 32
876017 40 50
876060 30 36
876122 18 36
876369 37 38
877731 36 48
877827 29 33
877866 39 41
877890 33 36
878006 23 42
878086 42 54
878350 38 36
878681 23 36
879228 25 49
879438 49 52
880724 28 51
881072 47 49
881198 49 47
881678 46 50
881960 47 48
882013 49 57
882083 41 46
882116 36 40
882257 41 58
882371 29 22
882428 37 29
882473 33 46
882633 24 38
882737 24 33
882823 36 63
882994 35 44
883108 41 47
883213 44 50
883306 48 56
883797 40 56
883814 40 54
884417 44 40
884470 41 57
884518 38 53
884656 35 64
885085 46 37
885199 36 40
885205 39 39
885234 47 54
885244 46 53
885586 35 36
885592 30 28
885745 39 41
885820 40 45
885895 39 45
886210 25 47
886382 32 68
886451 37 47
886465 44 48
886711 42 63
886795 40 65
887296 29 58
887677 28 58
887773 18 34
888241 26 64
888397 28 54
888559 30 64
889218 30 62
889518 34 70
889564 35 54
890225 24 65
890247 27 73
891040 20 68
891401 30 61
891431 27 56
891703 37 59
892197 13 55
892375 24 55
892528 20 49
893095 32 62
893122 25 49
893137 27 66
893876 22 56
894519 32 46
894965 29 54
895506 30 66
895533 32 74
895613 29 75
895713 32 71
895725 24 50
895752 22 50
895774 26 65
895835 26 79
895893 23 75
897048 29 57
897711 25 57
898060 32 80
898228 29 68
898396 31 53
898419 28 47
898624 37 78
898642 30 74
898935 28 71
899088 33 86
899097 29 85
899398 21 50
899425 29 51
899455 27 46
900457 14 32
900466 21 41
901388 25 56
901612 34 67
901753 32 62
901792 40 76
901936 24 49
902136 25 52
902266 27 49
902279 37 76
902335 26 65
902575 24 84
902918 25 55
903091 24 57
903222 31 82
903359 24 60
903440 23 59
903650 29 65
903683 34 61
903698 35 59
903816 27 31
903934 30 46
904309 107 52
904583 38 140
904871 78 39
904900 33 95
904919 61 29
904941 55 36
905110 108 50
905410 107 55
906116 101 57
906155 127 79
906373 99 56
906497 77 120
906705 27 172
907008 110 60
907105 92 69
907120 98 61
907126 91 61
907141 98 59
907186 102 47
907265 102 61
907665 102 96
907677 100 55
907686 84 95
907777 94 50
907827 23 128
907841 21 121
908376 134 73
908444 123 58
908472 77 69
908655 121 55
908742 25 121
909031 103 68
909205 163 81
909467 133 82
909633 16 93
909637 53 60
909703 94 54
909732 21 142
909772 118 75
909799 106 56
909805 102 54
909952 130 76
910002 123 67
910043 86 55
910111 83 49
910189 23 144
910481 97 93
910489 108 77
910626 114 87
910634 96 111
910870 79 88
911161 110 58
911489 116 43
911527 107 43
911563 90 79
911635 106 56
911640 91 55
911658 88 62
911664 97 65
911736 135 77
911776 100 67
911791 23 192
911826 102 72
911847 120 78
912017 120 79
912507 137 67
912743 108 52
912892 152 93
912915 148 79
912983 71 31
913409 126 59
913432 103 50
913533 106 55
913713 120 84
914324 120 53
914373 122 69
914519 103 71
914613 124 85
914856 131 71
914946 88 58
915207 132 80
915223 134 74
915244 114 55
915295 84 40
915552 93 69
915780 120 60
915993 87 49
916798 112 69
917388 96 70
917592 131 68
917938 139 73
917999 97 52
918149 123 79
918179 95 81
918308 91 81
918370 106 69
918454 119 56
918491 120 52
918670 97 56
918826 145 67
918843 129 67
918865 118 67
918884 115 80
918990 94 47
919057 120 83
919105 113 86
919155 95 51
919212 98 52
920134 127 67
920206 94 52
920473 110 61
920541 86 54
920594 99 51
920644 141 57
920779 113 67
921014 113 73
921256 27 35
921264 14 41
921777 118 65
922058 116 67
922319 114 52
922433 111 73
923114 110 64
923153 93 42
923332 76 57
923340 61 56
923391 85 63
923741 105 57
923895 110 45
924141 75 54
924179 77 57
924202 108 78
924221 100 71
924271 118 78
924304 90 61
924380 83 67
924430 81 74
924489 37 57
924503 21 72
924516 16 71
924566 12 85
924630 49 86
924645 20 111
924672 26 82
924687 13 102
924712 36 52
924837 22 162
924859 30 166
924865 45 146
924871 90 94
924897 65 69
924931 24 85
924937 27 72
924962 19 87
924969 21 87
925184 16 51
925190 11 57
925444 8 14
931700 2 14
931755 2 18
931763 2 18
931857 3 23
931876 3 16
