185 8 60
222 10 67
344 12 51
384 11 57
430 17 67
439 12 59
1517 9 68
1524 11 70
1547 21 74
1562 19 76
1605 18 67
1955 13 72
2234 12 74
2913 13 57
3112 7 35
3303 3 25
3749 15 26
3877 44 55
4147 23 14
4192 24 54
4449 5 31
4456 5 33
4817 3 17
6166 11 85
6343 12 73
6365 10 66
6381 12 55
6490 34 36
6654 5 39
6975 4 13
7729 8 45
9410 18 30
9725 29 63
9834 27 73
9858 24 66
9870 29 68
9936 23 56
10292 25 52
10299 30 52
10656 35 67
10767 27 57
10788 29 63
10930 29 56
11042 31 87
11081 28 90
11109 22 56
11149 22 60
11161 28 70
11177 32 76
11538 28 71
11798 28 86
12054 31 78
12279 26 73
12330 28 68
12597 42 64
12798 21 52
13016 17 56
13149 42 67
13248 19 63
13287 32 68
13400 23 75
13463 38 77
13488 33 67
14617 30 70
14862 32 63
14905 21 52
14996 34 65
15566 29 51
15635 27 66
15942 37 77
16130 18 56
16245 23 59
16259 35 73
16400 22 55
16679 28 55
16764 23 69
16790 34 105
16977 30 71
16984 29 72
17706 25 48
17766 26 64
17937 33 65
18012 26 67
18144 32 74
18326 40 63
18402 25 58
18682 27 81
18914 29 79
18952 30 73
19000 43 82
19176 23 57
19277 41 57
19728 28 54
19953 24 69
20345 8 30
20612 23 59
21685 35 60
21832 22 67
22261 24 50
22276 14 31
23472 34 72
23634 32 54
23691 36 49
24057 34 69
24072 40 68
24129 29 65
24237 30 65
24849 40 56
25102 42 42
25752 48 44
25989 37 65
26085 28 54
26313 44 62
26745 25 64
26931 34 47
27199 31 56
27370 45 44
27421 44 46
27852 29 34
27972 27 41
28160 35 56
28249 37 58
28576 33 47
28720 28 57
28828 27 50
28855 27 48
29167 26 50
29201 25 51
29722 27 58
29884 40 69
29932 48 45
30161 59 64
30190 47 68
30397 34 64
30403 38 63
30721 39 55
32003 36 52
32423 42 62
32840 34 68
33116 46 57
33581 42 55
33667 27 43
33965 45 60
34286 37 60
34511 38 57
34577 22 47
34805 47 84
34847 33 56
34877 42 70
34970 33 63
35339 39 54
35690 30 54
35985 40 60
36000 33 65
36270 40 43
36298 33 52
36800 29 48
36814 27 47
37052 38 62
37148 35 55
37304 38 55
37460 31 51
37866 40 60
38255 21 44
38494 43 43
38699 38 54
39129 25 44
39147 21 41
39284 49 50
39780 50 59
39829 43 64
40389 30 45
40586 33 68
40596 33 64
40620 31 63
40866 40 69
41147 35 43
41166 38 51
41396 28 49
41444 33 55
41487 21 58
41614 49 71
41988 39 65
41998 37 61
42009 32 59
42033 31 46
42039 29 45
42049 32 53
42113 30 63
42161 33 67
42200 27 42
42661 33 53
42800 29 57
42824 25 69
42942 32 54
42974 32 54
43280 27 43
43309 28 44
43364 40 83
45197 43 60
45631 26 37
45714 28 44
45942 35 59
45969 33 48
46354 32 66
46495 29 47
46501 29 59
46570 28 62
46858 60 32
48007 37 17
48313 59 20
49276 51 22
49667 57 33
49977 81 49
50090 39 21
50107 36 23
50562 72 34
50988 64 30
51288 72 30
51759 61 16
51826 93 14
51926 69 19
52156 77 20
52198 89 18
52330 70 10
52342 65 9
52387 72 8
52677 69 13
52962 82 19
53590 64 33
53743 55 35
53880 70 31
53958 65 36
54120 63 20
54255 55 44
54276 46 34
54561 58 31
55191 57 35
55217 72 43
55378 43 19
55388 52 20
56104 54 34
56163 59 23
56347 67 28
56370 62 23
56677 62 28
56831 66 36
57188 46 27
57326 60 36
57738 72 20
57936 65 21
58014 78 20
58321 58 17
58477 50 15
58507 64 16
58583 63 13
58604 68 12
58622 70 15
58650 60 12
58656 55 14
58985 49 9
59127 57 9
59147 72 10
59166 86 3
59275 93 27
59287 91 26
59345 51 12
59357 54 7
59460 95 17
59595 63 17
60309 71 13
60423 56 20
60492 56 15
60565 78 14
61038 52 27
61402 61 39
63431 61 31
63480 48 26
64020 53 40
64325 58 31
65270 45 24
65317 57 32
65474 74 32
65697 55 30
65783 46 21
66188 58 31
66386 43 29
66881 51 22
66965 56 30
67148 58 52
67255 44 39
67844 63 43
67868 72 56
68033 39 38
68553 44 35
68947 47 40
69644 55 37
70371 50 28
70450 38 20
70513 50 35
70902 62 37
71070 47 27
71130 48 35
71200 59 54
71613 52 24
71629 48 30
71661 58 37
71680 63 40
71694 66 48
71763 83 32
71772 72 30
71902 43 36
72102 70 35
72341 64 32
72742 51 27
72862 40 24
72895 43 32
73491 45 30
73582 69 44
73618 45 36
73667 39 35
74290 67 40
74640 44 34
74812 45 57
75238 39 31
75397 62 46
75454 56 35
75473 49 34
75799 62 62
75886 60 37
76424 53 29
76693 52 35
76885 31 28
77050 61 60
77079 48 39
77497 43 37
77822 55 44
78737 55 49
78848 50 31
78905 47 35
78944 44 33
78956 44 37
79037 47 36
79061 56 32
79362 38 30
79614 31 24
79678 45 33
79840 28 18
79873 28 40
80057 45 25
80967 16 71
82606 17 57
82630 13 47
82696 14 59
83085 27 63
83149 15 64
83431 14 52
83492 18 86
83509 20 81
83614 21 76
83630 18 60
83686 20 65
83932 19 60
84133 10 58
84864 13 73
85984 14 84
86062 25 66
86737 15 50
87172 20 66
87547 22 59
88004 16 58
88555 24 54
89156 16 76
89171 18 73
89353 16 69
89388 14 69
89744 13 72
89889 10 67
90909 15 69
91408 9 60
91597 18 55
91623 21 68
91631 18 61
92153 17 87
92627 18 83
93026 17 66
93348 8 60
93820 8 60
93847 11 67
93925 18 90
94055 13 79
94263 16 75
94602 20 85
95065 8 51
95196 16 83
95847 12 53
96495 14 56
96544 13 39
96974 11 59
98684 20 55
99479 18 77
99509 17 78
99770 14 71
99899 21 87
99929 14 77
100489 14 57
100943 11 64
101124 19 67
101250 16 75
101369 19 73
101538 17 89
101916 16 54
102521 15 85
102537 17 84
102576 18 95
103466 21 65
104075 11 46
104270 17 86
105088 14 58
106258 19 80
106765 16 60
106807 11 62
106834 13 73
107791 14 40
108156 21 72
108204 17 55
108263 24 78
108315 19 75
108414 13 63
108427 14 70
108448 14 63
108453 13 62
108472 12 55
108490 12 66
108568 11 50
108574 10 53
108580 11 55
108625 18 74
108682 13 69
108718 11 73
108748 10 59
108757 11 61
108831 11 57
108856 11 53
108904 13 62
108921 16 60
108940 14 73
108955 11 63
108961 10 61
109025 15 59
109070 14 58
109087 17 75
109132 14 53
109177 11 57
109216 11 75
109222 7 50
109589 15 59
109660 21 51
109744 19 77
110146 9 49
110425 9 61
110434 10 56
110602 7 57
110839 11 48
110887 14 65
110914 17 70
110938 15 60
111476 15 80
111494 19 70
111536 22 72
111550 17 57
111560 14 48
111570 11 49
111714 14 70
111867 15 78
111899 20 72
112198 11 52
112378 19 74
112609 18 51
112720 19 57
112759 14 48
112888 12 69
113086 9 52
113179 9 38
113212 7 44
113330 19 77
113392 11 45
113410 10 39
113440 15 62
113473 10 60
113564 20 76
113731 19 67
114452 12 61
114538 18 73
114701 11 43
114774 16 69
114935 11 34
114955 7 25
115021 7 55
115108 9 48
115345 10 71
115402 13 58
115532 12 61
115543 12 70
115606 20 69
115636 12 50
115728 16 71
115747 16 74
115773 20 69
115915 7 54
116063 17 59
116087 12 62
116166 9 43
116238 9 72
116280 15 72
116385 15 71
116466 10 50
116504 20 51
116846 15 63
116860 13 57
117264 17 64
117296 17 51
117447 22 65
117646 16 70
117789 19 71
118284 20 80
118302 23 71
118340 15 48
118386 15 48
119037 11 75
119679 24 52
119913 15 76
119949 14 73
119963 9 58
120500 13 65
120534 15 71
120686 5 45
120725 12 60
120828 17 49
120902 11 55
120950 11 56
121113 13 68
121128 16 70
121290 13 56
121313 14 68
121436 20 79
121494 12 60
121647 19 67
121908 10 67
122583 14 78
122778 16 67
123079 13 43
123453 7 52
123609 17 64
124014 8 52
124026 8 52
124122 11 52
124314 16 74
124556 13 53
124944 15 90
124979 27 84
125000 28 91
125072 9 54
125357 17 63
125396 13 56
125426 14 68
125624 18 69
125630 23 64
125648 18 48
125816 12 55
125935 12 48
125996 13 56
126050 12 66
126161 15 54
126260 22 54
126278 22 53
126323 12 55
126473 11 63
126766 20 34
126848 11 52
126858 10 51
126957 20 39
126972 14 36
127015 12 46
127117 4 28
127124 5 41
127136 7 53
127147 7 60
127266 9 61
127280 8 51
127288 7 49
127362 7 60
127430 13 52
127508 5 42
127585 14 59
127680 11 63
127686 11 66
127701 11 64
127707 11 51
127736 13 59
127748 20 68
127773 23 70
127822 11 55
127868 11 57
127873 11 58
127938 18 64
127959 18 63
128112 9 58
128121 8 63
128163 13 49
128190 15 52
128196 13 57
128253 18 64
128277 15 53
128289 15 49
128325 8 43
128340 4 32
128403 19 57
128436 16 70
128454 14 78
128469 15 69
128547 15 41
128553 15 41
128598 25 48
128634 23 59
128640 27 72
128652 30 62
128685 27 64
128701 25 59
128922 14 52
128946 13 69
128968 16 71
129001 13 61
129042 15 57
129105 15 59
129159 8 56
129301 15 66
129309 14 63
129456 18 65
129504 15 67
129516 14 67
129542 9 64
129576 14 74
129599 16 74
129610 18 68
129621 21 71
129631 18 88
129649 16 77
129668 10 76
129675 11 70
129859 20 52
129883 17 63
129936 10 73
130125 21 68
130540 17 57
130636 11 60
132055 13 59
132083 13 61
132235 12 82
132244 9 67
132265 10 74
132532 20 92
132538 21 88
132646 15 64
132781 12 64
133239 11 60
133313 10 44
133361 13 50
133448 14 60
134018 17 79
134422 8 49
134589 11 54
135030 10 49
135063 8 50
135348 11 60
135712 15 40
135925 17 43
136644 22 73
136969 18 58
136989 22 63
137005 22 64
137093 8 53
137177 11 58
137471 19 70
137562 17 75
137732 18 31
137813 16 64
138539 9 68
138551 7 62
138561 9 69
138582 9 55
138875 15 62
139001 8 55
139103 16 67
139203 10 81
139235 8 47
139454 9 72
139550 11 48
140498 16 63
140522 15 62
140582 16 70
140786 22 59
140916 10 44
140985 18 60
141002 20 51
141014 20 55
141111 8 42
141152 11 61
141290 21 54
141533 22 84
141644 14 67
141804 21 72
142001 19 74
142040 13 63
142097 11 55
142152 15 79
142166 10 82
142175 12 79
142301 13 43
142322 10 40
142448 15 78
142487 17 67
142565 18 58
142625 13 63
142641 12 65
142658 14 72
142697 10 38
142821 17 71
142865 20 65
142922 16 68
142961 12 48
143024 9 42
143072 10 63
143162 12 63
143190 7 48
143420 16 54
143444 16 48
143495 14 33
143571 5 42
143615 10 46
143628 10 52
143810 14 45
143888 10 43
143990 8 20
144108 14 44
144181 12 47
144190 13 54
144200 11 41
144268 8 33
144337 21 65
144371 15 72
144850 34 54
144913 33 49
145047 19 53
145065 21 52
145294 32 59
145417 11 45
146546 21 65
146562 20 73
147013 27 45
147227 13 46
148646 30 51
149498 31 44
149828 33 35
150080 29 46
150484 31 54
150922 24 43
151429 21 51
151495 20 33
151624 24 48
151633 29 46
151732 29 62
151855 31 48
152358 17 30
152479 32 66
153247 13 63
153325 9 60
154133 12 59
154992 19 76
155053 12 72
155514 8 56
155593 19 70
155600 14 63
155613 14 75
155702 12 68
156845 11 69
156927 11 51
157687 14 101
157756 12 69
158009 15 52
158423 10 37
158465 10 57
158479 11 59
158538 8 59
158549 10 62
158609 8 63
158783 9 67
159017 12 63
159314 18 69
159326 19 65
160561 11 47
160924 10 68
161050 8 45
161065 7 42
161071 9 52
161350 3 22
161610 11 40
163606 12 73
163689 6 44
163898 13 74
164033 6 48
164116 16 83
164567 14 61
168334 20 89
168555 7 43
169301 7 50
170389 10 60
170521 7 63
170932 9 53
171685 15 103
172805 17 69
172949 19 72
173072 19 62
173153 16 58
173219 11 69
173369 16 65
173447 15 52
174200 16 79
174519 15 70
174708 10 51
174805 18 60
174943 17 43
175149 8 54
175734 13 59
175899 10 62
175904 14 52
175928 14 68
175999 22 80
176990 12 55
177713 14 46
177899 9 59
177968 11 49
178091 12 49
179225 11 48
179330 16 50
179546 15 55
179933 9 66
180040 9 41
180190 15 59
180557 10 44
180923 9 58
181743 9 60
182001 9 57
182634 8 54
182647 7 51
182750 13 75
182784 18 64
183218 12 49
183231 10 51
183505 10 39
183764 16 80
183791 15 61
184025 10 75
185111 6 25
185174 6 8
185201 7 32
185624 10 70
185836 10 58
185848 9 52
186166 12 63
186454 9 75
186474 14 88
187453 13 69
187562 10 42
187584 12 43
187719 15 80
187947 8 58
188254 11 56
188495 10 65
188547 7 63
188748 9 55
189112 10 47
189338 9 75
189435 10 59
189451 7 54
189754 11 85
190049 11 68
190073 13 72
190954 15 77
191003 14 83
191205 16 82
191398 11 47
191664 14 66
191676 16 69
191689 17 78
191700 14 80
191821 9 64
191884 13 66
192220 8 71
192334 7 50
192361 11 60
192373 8 50
192451 17 64
192544 8 65
192647 16 66
192697 20 66
192794 12 64
193270 8 55
193298 11 60
193329 13 70
193459 15 79
193576 18 75
193678 9 49
193729 9 58
193780 8 56
193798 10 62
194148 7 58
194209 10 49
194218 11 47
194585 11 43
195562 12 70
195719 15 57
195766 11 28
195796 8 46
196368 13 75
197830 15 71
197962 13 56
198863 9 69
198894 10 58
199004 7 58
199250 7 63
199554 14 64
199872 11 59
199887 9 67
200587 16 67
200763 14 66
200801 14 56
200834 10 35
201492 9 77
201641 6 52
202041 3 25
202503 12 69
202566 19 64
202590 12 57
202656 10 62
202680 10 72
202782 13 45
202866 7 40
202871 7 39
203001 11 77
203021 9 60
203709 14 71
203745 7 46
203856 15 51
203922 15 57
204118 11 69
204133 9 49
204193 10 44
204298 13 54
204982 15 78
205081 7 60
205549 11 60
206096 5 38
207084 6 52
207786 11 43
207907 10 59
208270 8 29
208432 17 94
209638 16 45
210612 8 40
210718 12 49
211705 9 53
211734 10 69
211781 10 72
212252 7 55
212500 10 47
212540 10 46
212576 7 40
212671 13 62
212801 6 39
212821 6 37
212858 11 42
212897 12 63
212921 8 53
212978 8 38
212995 10 46
213047 12 69
213157 17 67
213272 9 76
213284 12 67
213542 15 58
213949 7 50
214000 5 43
214167 6 52
214620 12 78
214631 11 78
214708 6 47
214756 12 47
215427 11 48
215583 7 56
215638 7 57
215769 11 68
215908 8 52
216161 7 39
216454 13 61
216520 10 67
219106 21 26
219475 24 41
219768 16 25
219914 15 38
220096 36 47
220178 22 53
220314 16 30
220338 21 37
220343 21 38
220486 24 48
220550 20 37
221290 16 30
221484 25 55
221790 16 40
222066 26 43
222305 29 39
222908 21 46
224452 27 58
224738 18 59
224937 6 36
225223 35 42
225397 22 40
225544 45 60
225619 36 46
225643 23 36
225754 21 36
226909 17 50
227680 17 46
227807 25 68
228595 13 72
229001 18 88
229023 18 73
229503 10 49
229560 15 43
229632 14 62
229665 18 75
230437 14 48
231218 21 68
231321 13 64
231458 21 50
231489 12 39
232208 15 59
232240 14 49
234321 16 59
234694 24 53
235065 16 51
235169 11 67
235320 14 45
235347 15 68
235393 11 76
235474 19 55
235496 16 49
235530 18 56
235957 5 45
236060 19 40
236261 15 62
236389 17 45
236396 20 52
236440 13 55
236447 11 56
236741 15 52
237297 17 60
237466 9 59
237571 15 35
238080 9 41
238584 12 63
238984 19 43
239434 14 28
239509 19 58
239769 16 48
240399 9 60
241453 10 62
242428 14 69
242659 43 58
243488 12 50
243592 11 58
243692 15 43
244192 10 45
244203 11 39
244229 18 55
244909 11 50
246582 12 42
246654 8 44
246816 13 51
246918 19 49
247690 11 52
247931 13 48
247974 9 46
248072 13 44
248537 34 29
248576 27 19
248585 30 28
248911 23 29
249002 30 35
249158 37 42
249822 31 38
249993 34 51
250060 23 42
251278 15 25
251323 22 35
251779 29 56
251926 22 40
252049 14 38
252328 12 29
252979 22 33
253267 21 34
253357 35 45
253479 21 24
253548 36 42
254339 35 56
254612 29 42
254672 25 28
255026 22 29
255370 25 41
255771 18 35
257409 26 47
257466 14 36
257640 26 43
257771 34 49
258564 27 56
259106 24 46
259235 17 46
259356 35 38
259368 34 35
259381 32 34
259991 7 16
260084 18 34
260389 21 39
260422 29 55
260480 29 35
260512 25 43
260674 19 47
260790 27 42
260939 28 48
261045 28 48
261651 13 27
261794 30 57
261924 27 35
261975 26 37
261992 26 40
262037 24 41
262110 36 52
262787 15 52
263397 16 54
263739 15 60
263749 13 62
264207 10 51
264455 15 43
266330 38 29
266941 44 41
266956 40 30
267448 32 21
267589 41 34
268764 29 31
269137 26 16
269306 25 14
269867 27 30
269996 45 43
270057 37 28
270068 35 31
270074 29 26
270620 35 38
271884 36 44
272587 15 16
272720 39 47
273632 44 45
273662 31 31
273731 29 32
274961 26 22
275060 47 55
275071 40 47
276460 50 25
276883 33 15
278936 33 32
278989 32 27
279000 30 28
279011 28 31
279035 13 40
279159 45 34
279257 44 15
279707 17 19
279794 46 22
280077 51 32
280114 54 29
280373 34 27
280603 37 24
282639 47 33
283284 46 35
284050 38 31
284892 32 31
285384 39 30
285737 46 27
287031 45 38
287065 53 37
287073 56 42
287897 37 26
288269 42 25
288288 42 24
288384 51 30
288609 51 33
289043 37 18
289840 25 17
289940 10 6
289951 8 8
290036 28 2
290333 33 25
290665 57 26
290785 34 33
291085 40 28
291319 46 27
291329 46 27
292966 30 22
293083 43 32
293326 47 35
293365 43 24
293371 41 23
293806 53 34
293813 51 30
293889 21 19
294221 23 25
294282 39 33
294518 35 20
294929 32 33
295488 44 25
295528 41 25
295601 44 22
296161 30 32
296465 19 14
296750 40 17
296870 35 26
296903 45 24
296945 45 26
297119 48 25
297155 47 32
297345 43 45
297437 46 26
297617 29 28
297642 48 36
297668 36 29
297674 35 26
297765 22 24
297923 47 35
298028 25 25
298824 42 30
298850 44 27
299017 42 23
299320 42 21
299540 43 31
299716 41 26
300134 22 20
300232 47 28
300272 44 27
300557 31 30
300656 44 27
301292 43 27
301684 44 31
302385 37 18
302643 28 23
302663 20 21
303974 42 28
304074 27 17
304865 32 21
305030 32 38
305560 45 39
305806 30 30
305953 40 29
305983 42 33
306076 32 28
306301 35 19
306589 33 25
306739 51 28
307004 37 40
307058 30 27
307163 40 33
307394 44 30
307819 44 28
307971 45 24
308269 23 23
308643 35 29
309011 34 28
309281 50 33
309461 32 38
310592 36 20
310983 39 36
311063 45 33
311773 34 28
311798 48 35
311934 32 25
311940 35 26
312018 33 21
312091 39 36
312430 48 24
312778 41 35
314632 40 8
315187 28 38
315588 52 32
315717 41 31
315726 36 27
316293 38 24
316922 30 26
317232 41 16
317679 38 15
319171 33 20
319695 52 26
320029 28 21
320121 50 41
320506 53 36
320520 50 31
320528 43 27
320593 37 26
320758 37 22
321886 45 23
322759 40 26
322906 36 23
322918 39 28
323686 37 31
323976 26 16
324013 33 27
324254 33 25
324287 32 31
324331 47 29
324396 37 29
324627 22 16
324718 29 24
324921 14 2
325629 24 24
325669 36 39
325824 38 40
326688 41 31
326896 22 22
326963 52 44
327295 36 34
327350 30 33
327851 34 25
328773 37 27
329319 32 22
330303 42 25
330675 22 24
331061 24 12
331382 39 39
331399 46 38
331447 38 27
331694 25 25
331852 43 38
331936 36 20
331978 34 19
332080 55 31
332168 39 29
333761 26 31
333926 39 38
334295 35 27
335271 23 27
335859 52 48
335883 44 48
336325 45 50
336947 38 28
337100 25 32
337150 24 20
337580 55 35
337771 36 32
338149 34 41
339748 23 24
339858 32 34
340254 27 37
340463 31 39
340488 36 33
340670 45 34
340738 52 35
340802 35 38
340908 37 21
340918 36 26
341042 39 36
341101 44 34
341389 46 34
342172 17 17
342255 34 24
342463 22 26
342711 41 29
342717 37 26
342753 28 10
342855 48 26
343275 34 23
343644 51 38
343863 35 15
343960 50 32
343997 46 33
344028 44 29
344043 41 29
344439 38 23
344626 44 13
344636 48 22
344740 33 14
345352 46 36
345765 28 19
346267 35 27
346393 33 31
346848 35 20
346998 61 16
347009 57 16
347105 41 20
347987 34 16
348491 26 11
348566 20 11
348791 37 19
349003 26 13
350098 28 10
350128 34 11
350508 57 16
350530 53 19
350578 49 15
350749 41 19
350833 64 17
350894 75 13
350902 72 15
351054 42 11
351228 63 15
351235 65 15
351460 58 26
351565 44 19
351857 56 13
351925 44 13
351949 48 17
352036 58 17
352120 46 11
352603 48 10
352999 62 21
353296 39 13
353525 58 16
353540 50 16
354621 35 10
354928 45 6
354963 54 7
355044 51 16
355049 50 14
355289 48 11
355497 44 19
355560 64 7
355908 45 16
356349 58 11
356577 51 17
356880 45 13
357856 24 29
359157 47 33
359248 35 32
359975 53 43
360637 52 33
360841 24 20
361086 38 40
361134 32 32
361345 40 35
361595 31 21
361694 29 34
362312 37 27
363040 27 19
363130 29 30
363376 24 16
363422 37 33
363799 23 24
364184 25 28
364231 23 21
364277 27 25
364758 31 23
365137 45 34
365505 35 32
365640 24 31
365704 36 28
365817 46 32
365829 40 28
366033 35 23
366195 36 25
366603 29 16
366888 51 38
368328 32 51
368823 30 39
369676 16 43
369847 24 44
369860 18 41
369976 13 35
370046 24 48
370079 20 44
370245 10 22
370601 25 39
370736 37 46
371102 20 27
371245 11 25
371289 20 37
371309 21 33
371554 40 62
371881 22 45
372433 27 36
372520 29 50
372935 20 32
373077 24 34
373214 21 39
373454 28 26
373928 29 36
374492 21 25
375516 28 44
376171 23 47
376706 26 33
376787 27 42
376943 21 37
377324 35 64
377993 12 26
378242 26 34
379066 29 33
379114 34 40
379354 20 37
379483 25 48
380749 28 56
380773 34 46
380848 18 49
380965 17 44
381040 20 38
381711 7 44
381731 7 35
381774 5 41
382764 12 69
383164 8 53
385203 5 45
385321 8 62
387318 12 58
387480 8 65
388374 7 59
389422 5 43
390137 5 37
390324 12 70
390348 17 63
390470 14 49
390479 13 50
390824 19 52
390863 17 46
390924 13 46
392266 12 57
392673 22 54
393439 21 55
393451 19 45
393742 16 54
394726 20 69
394774 15 76
394813 13 64
394819 15 62
394933 17 50
395046 13 50
395246 12 58
395265 11 50
395309 14 50
395467 20 61
395725 16 56
396706 18 54
396778 18 61
396856 9 33
396957 20 50
397096 8 39
398287 11 32
398822 14 50
399268 9 34
399415 12 71
399535 8 39
399709 5 45
399979 7 27
400012 12 27
400775 26 35
400900 30 44
401350 22 26
401389 11 7
401499 24 28
401554 10 26
401582 16 26
401660 16 25
401775 17 42
402039 14 19
402525 10 29
403747 30 29
404050 3 10
404778 36 42
404784 37 40
405431 16 44
405817 22 54
406439 22 30
406841 23 35
406974 35 41
407157 34 32
407502 29 43
407526 28 37
408033 31 44
408183 25 27
408246 23 29
409449 25 40
409485 35 43
409741 25 32
409911 16 33
409920 14 32
410857 24 34
411268 21 52
411319 12 37
411328 16 37
411361 17 41
411370 21 41
411487 40 56
411937 31 37
411994 23 41
412864 28 37
412924 30 50
413081 27 31
413256 30 52
413355 30 33
413731 16 23
414909 26 36
415116 23 29
415374 26 27
415389 22 27
415434 20 29
415684 23 40
416084 19 41
416676 25 37
416911 26 33
417036 19 34
417331 25 34
417460 30 17
417549 31 63
417626 32 39
417730 27 39
418027 24 49
418363 15 38
418982 26 42
419228 36 37
419299 14 46
419405 29 45
419441 24 41
419691 21 49
419723 20 41
420134 12 38
420191 19 53
420213 24 46
420386 23 34
420536 25 41
420593 23 49
420724 22 36
420911 27 35
420986 16 53
421307 26 49
421487 22 43
421772 38 47
422219 22 28
422228 25 33
422288 25 40
422955 17 35
422996 30 46
423008 36 47
423602 28 30
423996 24 37
424407 46 46
424791 41 42
424836 40 49
424905 16 25
425390 28 44
425856 26 30
425868 28 37
425953 38 43
426321 26 29
426363 16 27
426756 30 37
426838 29 33
426871 37 51
426892 28 50
427108 27 28
427170 19 30
427650 24 44
427734 33 38
428234 27 46
428515 18 54
428592 13 40
429240 25 51
429811 12 29
430110 29 40
430131 29 29
430359 22 30
430539 25 30
430669 27 15
430893 35 26
431151 28 20
431189 25 22
431220 21 30
431687 15 33
432698 43 47
432756 21 36
432808 19 34
432814 19 35
432822 24 39
432944 29 32
433340 20 21
433627 22 20
433716 33 19
433762 39 20
433853 39 30
434057 38 37
434502 26 22
434589 29 42
434616 20 33
434994 29 34
435057 30 41
435775 34 36
436507 24 35
436567 26 26
437017 32 32
437329 29 44
437560 24 37
438251 26 35
438304 30 27
438595 21 36
439237 22 41
440048 38 30
440173 26 34
440297 29 32
440826 31 33
440975 20 27
441031 29 29
441569 20 32
441707 27 29
442087 29 38
442583 34 19
442829 42 36
443291 16 34
443378 26 40
444183 32 37
444888 32 33
445255 42 47
445271 46 44
445332 37 29
445451 41 32
445755 28 29
445795 23 18
445912 31 35
446099 12 28
446182 30 33
446428 31 28
447837 32 41
447942 34 45
448071 39 60
448206 33 46
448878 38 52
449244 31 33
449838 20 30
449876 26 27
450163 30 35
450849 22 27
450913 21 29
451113 20 19
451246 24 15
451491 27 21
451551 12 21
451812 23 25
452221 31 30
452229 30 27
453495 37 27
454623 51 29
454934 43 31
454980 50 23
455141 35 21
455282 45 31
455304 34 31
455679 41 28
456592 30 43
457099 22 46
457106 25 45
457363 36 42
457402 26 26
457513 29 40
457606 37 45
457726 22 31
457759 29 30
457819 32 37
458479 34 38
458544 30 34
458592 37 37
458705 27 31
458802 30 46
460161 24 39
460302 30 37
461465 33 43
461570 26 39
461717 30 50
461750 23 47
462425 21 37
462812 24 35
463499 18 34
463509 20 33
463649 42 40
463709 49 42
463871 16 35
463987 33 43
464102 22 37
464354 29 31
464466 32 49
464623 21 28
464642 16 24
464684 20 26
464801 41 42
465137 17 31
465149 22 30
465427 21 30
465588 23 35
465825 30 55
468333 9 8
468615 30 18
469492 45 23
470325 38 23
470344 34 18
470476 32 21
470596 54 27
470699 38 30
471902 36 17
473207 45 21
474018 33 31
474096 36 25
474950 48 18
476773 47 26
476823 49 36
476835 40 30
477530 46 22
477596 48 22
477667 40 23
477679 35 16
477702 33 20
477908 50 22
478010 37 23
478264 54 26
478329 42 23
478340 48 20
479146 22 13
479210 39 14
479230 39 22
479331 50 33
479349 50 27
479757 45 14
479853 43 20
480057 29 20
480162 48 19
480180 48 25
480571 45 37
480831 57 31
480892 32 26
481317 38 17
481353 40 19
481464 36 32
481784 35 25
482239 45 24
482472 39 35
482491 37 37
482882 35 25
483537 35 33
483615 48 40
483670 55 38
483708 44 25
484125 47 54
484161 49 55
484194 39 39
484204 36 34
484240 31 30
484258 25 23
484319 30 36
484332 37 40
484442 30 20
484871 33 33
485403 50 31
485642 31 25
485684 20 27
485703 31 32
485773 50 36
485798 49 33
486038 33 42
486188 38 37
486248 33 40
486272 32 34
486429 24 38
486440 30 36
486493 35 31
486551 38 42
486728 52 34
486953 35 26
487058 23 18
487868 40 20
488301 38 34
488526 28 13
489134 32 41
489887 29 16
489970 34 39
489988 35 27
490226 24 27
490383 30 32
490574 44 47
490673 34 19
490878 33 21
491672 42 26
492583 15 25
494766 44 27
495391 24 39
495616 45 41
495709 40 30
496536 41 40
496604 31 31
496660 27 38
496783 25 24
497098 23 32
497446 20 20
497707 33 33
497966 27 25
497982 29 28
498222 45 36
498308 25 35
498585 39 36
499142 26 27
499172 31 22
499223 27 22
499337 21 23
499765 42 27
499982 35 27
500438 38 39
500516 39 40
500936 47 41
501546 31 26
501651 48 38
503290 40 40
504149 37 30
504191 43 32
504678 31 27
504685 29 24
504876 33 34
505050 33 24
505203 34 16
505630 32 33
505652 30 31
505675 41 36
505936 57 56
505942 53 45
505988 50 40
506412 28 20
506466 38 38
506524 46 30
506613 24 27
506767 27 28
506829 42 24
506899 41 39
507275 36 23
507825 34 40
508106 44 41
508115 52 41
508154 43 42
508170 38 45
508387 30 24
508439 40 33
508501 41 46
508570 40 37
508786 30 38
508844 37 33
509450 39 36
509717 49 30
509816 38 36
510020 35 28
510029 32 27
510104 38 26
511088 39 30
511985 37 42
512111 49 38
512126 40 31
512147 43 39
512330 42 35
513189 30 16
513390 27 24
513396 27 24
514128 48 27
514440 26 21
514561 44 36
514652 16 11
515261 60 37
515557 31 40
516079 42 33
516421 37 28
516952 37 37
516977 28 31
517111 54 40
518070 39 21
518080 37 23
518231 43 21
518324 62 27
518447 42 30
518867 55 30
519021 31 24
519241 51 22
519332 32 23
519701 46 25
519791 49 19
519846 52 23
520178 51 23
520463 44 25
520544 54 28
520604 48 27
520700 43 28
520846 37 23
521124 34 35
521169 32 30
521289 37 40
522784 38 37
523064 40 26
524027 27 27
524078 30 31
524210 33 22
524414 33 37
524447 29 26
524576 40 31
524603 41 37
524934 35 39
524980 29 20
525278 34 20
525428 40 36
525450 28 28
525538 48 26
525591 51 35
525612 45 27
525732 36 41
525768 44 39
525840 55 29
525912 27 29
525973 36 26
526187 39 23
526565 48 22
526766 53 31
526871 35 25
527102 46 22
528040 41 40
528226 35 39
528739 37 54
528904 36 42
529229 38 41
529280 39 42
529519 21 47
529641 21 50
529702 21 40
533653 4 7
535331 19 27
535336 19 27
535499 28 28
535586 32 24
535753 47 54
535860 19 40
536542 40 46
539345 36 39
540542 43 47
540568 41 48
540807 28 41
540821 27 40
540994 33 45
541543 40 62
542357 21 38
543277 43 42
543599 24 39
543900 25 35
545522 43 46
545631 42 48
545765 31 31
545822 35 37
546099 39 35
546159 35 45
546450 41 52
546483 36 48
548449 24 40
548506 34 44
548512 35 53
548793 15 29
548811 16 33
549185 28 37
549197 30 36
549251 31 39
549792 7 40
549808 9 58
549847 18 84
549924 38 42
550110 24 45
550115 24 45
550151 6 30
550266 24 83
550420 32 48
550521 34 45
550606 33 28
550789 29 28
550875 32 35
550955 38 38
551047 37 32
551884 36 42
551998 30 45
552514 7 44
552909 30 25
552970 18 23
553023 29 35
553111 42 42
553123 46 40
553159 48 52
553188 26 47
553221 8 54
553339 35 30
553404 24 31
553614 7 10
554280 11 26
554403 16 32
554454 10 31
554493 6 31
554506 5 28
554529 6 31
554577 31 26
554584 34 27
554600 48 33
554704 11 30
554825 8 46
554837 18 40
554844 24 27
554849 27 28
554874 44 35
555023 25 39
555268 9 40
555282 8 39
555409 2 13
555419 4 15
555801 9 52
556062 27 25
556075 23 24
556466 19 24
556532 38 42
556741 41 38
556760 40 48
556948 34 47
557262 29 38
558024 42 49
558237 39 48
558378 40 42
558952 22 27
558962 19 33
559601 38 40
561402 23 24
561625 37 43
561812 35 42
562397 30 55
562622 42 62
563168 41 44
563380 36 40
563797 28 47
564130 25 36
564256 44 45
564454 37 28
565306 29 47
565382 51 39
565397 42 36
566032 29 44
566041 23 52
566131 25 29
566149 32 36
566176 34 38
566420 33 45
566533 29 41
566596 32 34
566686 25 51
566972 25 33
568476 32 57
568494 31 55
569174 32 58
569498 36 23
570173 41 45
570391 34 41
570538 33 40
570603 25 34
570888 29 47
570954 43 51
571095 26 31
571670 26 30
571887 36 35
572007 39 54
572798 28 45
573052 30 30
573231 34 38
573261 34 37
573267 35 36
573572 33 43
573913 39 31
574112 27 34
575594 46 54
576505 31 46
576649 38 39
576739 31 40
576973 31 38
577000 25 39
577294 38 35
577477 39 46
577533 29 46
578627 35 36
579329 28 36
579699 21 34
579761 18 40
580028 30 43
580928 5 28
581386 5 45
581641 4 7
581796 10 22
581937 25 27
582032 6 38
582373 5 34
582410 25 49
582458 46 41
582543 33 33
582596 8 54
582647 5 41
582663 7 38
582670 8 30
582718 21 24
582741 24 23
582754 25 27
582765 28 29
582793 27 36
582844 20 42
582892 4 35
582931 4 23
582940 4 27
582967 19 24
582976 35 39
583026 42 36
583358 12 10
583432 17 18
583633 12 9
583843 3 19
583925 10 30
583947 24 30
583983 27 41
584001 26 44
584026 19 61
584459 7 25
584486 7 30
584652 4 24
584702 20 30
584751 30 61
585376 37 38
586375 32 51
586395 23 50
587108 25 29
587240 37 55
587657 26 29
587884 23 38
587974 34 53
588002 35 65
588276 41 54
588433 30 50
588671 23 43
589209 26 34
589482 23 49
589638 29 41
589659 26 38
589896 29 46
589965 31 57
590109 25 36
590634 32 44
591723 34 46
592027 21 22
593196 34 49
594394 38 34
595789 37 37
597007 31 32
597077 31 49
597234 43 49
597271 31 52
597928 36 43
598790 41 46
598956 32 40
599174 42 31
599486 39 64
599998 25 47
600078 32 58
600499 22 53
600584 32 34
600798 32 42
600959 21 28
600986 13 23
601059 20 28
601273 25 47
601586 10 59
601591 15 62
602246 32 49
602422 24 33
603307 29 42
603496 32 43
603630 20 33
604060 30 45
604229 48 51
605008 39 39
605187 41 43
606082 30 33
606179 28 41
606462 29 45
606495 20 42
606769 42 48
607160 32 44
607210 36 50
607418 48 52
607482 35 42
608098 34 40
608374 24 34
611024 35 46
611037 38 49
611105 36 47
611276 23 44
611291 27 44
611309 22 35
611335 22 35
611361 18 27
611917 33 36
613495 31 59
613557 55 51
614044 26 46
614376 37 47
614683 7 42
614730 5 45
614736 14 34
614868 13 50
614985 18 23
614990 9 33
615016 24 32
615039 12 50
615114 8 49
615120 10 47
615202 9 53
615237 8 57
616151 39 42
616884 22 28
617124 43 37
617901 30 35
617913 30 30
618099 57 48
618186 28 40
618211 23 33
618658 22 37
618693 10 19
618771 27 34
619205 38 25
619540 37 40
619800 34 43
620302 26 25
621494 42 34
621844 28 32
621905 26 28
622017 46 47
622166 42 34
624459 39 42
624636 35 45
624711 44 43
625275 38 43
625889 28 44
625973 42 52
626003 38 48
626054 31 32
626280 38 40
626438 34 42
626452 37 43
626650 43 41
626809 40 51
626863 27 47
627122 40 46
627726 22 38
629637 37 44
629911 37 43
629951 32 41
629977 36 42
630275 32 19
630664 21 18
632648 36 44
632666 39 46
633121 47 55
633725 51 49
634262 32 34
634806 19 30
634916 26 32
634939 22 31
634977 31 34
635215 35 39
635648 27 47
636207 55 44
636241 46 50
636401 33 37
636436 29 35
636469 29 37
636917 34 24
637042 39 42
637079 46 47
637324 40 32
637366 40 40
637740 38 31
638325 52 43
638967 30 37
639552 47 42
639612 34 29
640098 47 40
640890 46 34
641258 56 47
641391 31 21
641430 32 33
642006 37 39
642345 57 58
643548 27 35
643995 20 21
644263 24 17
644766 39 39
645271 46 40
645409 24 19
645527 12 19
645573 18 21
646284 31 33
646302 33 36
646510 32 37
646926 35 24
646963 22 22
647118 52 37
647124 56 36
647441 41 27
647519 35 46
647977 49 43
648152 31 44
648374 43 46
648770 38 33
648998 44 45
649340 34 35
650351 22 29
650441 45 39
650453 47 42
651047 33 34
651099 28 27
651256 45 35
651286 51 42
651610 46 43
651770 39 44
651955 42 42
652279 47 41
652579 52 67
652588 60 67
652879 44 58
652975 38 52
654509 43 49
654536 43 35
654687 41 25
654716 35 30
654851 28 32
655935 52 46
656104 43 33
656130 36 35
656472 30 24
656540 41 51
656562 42 62
656601 37 56
656784 43 36
657042 23 49
658085 78 17
658642 70 10
658706 85 18
659331 61 12
660442 46 44
660563 30 38
660591 41 45
660660 49 45
660792 36 53
661172 34 60
661446 29 31
661616 45 63
661706 36 51
661925 52 62
662297 36 41
662318 32 40
662774 40 43
662852 35 39
662879 34 30
662906 44 41
662952 35 57
663125 46 50
663185 41 37
663292 33 44
663494 48 50
663541 45 47
663974 49 42
664043 29 33
664577 24 58
665375 28 68
665426 38 54
665447 43 66
665552 33 62
665711 31 91
665914 25 40
666046 26 84
666154 42 64
666335 38 68
666898 23 43
666955 19 42
667031 26 57
667049 27 48
667937 41 33
668060 63 39
670104 39 15
670368 46 28
670768 58 34
671170 49 18
671244 50 35
671635 52 16
671753 51 26
672646 41 24
672769 74 29
672824 59 25
673091 47 25
673152 50 17
673399 50 17
674323 64 34
674601 117 53
674695 71 32
676352 65 27
676451 71 21
676592 62 25
676978 64 20
677550 47 20
677595 42 20
678238 61 21
678312 53 20
678413 47 26
678594 44 24
678971 52 24
679190 60 25
679583 50 23
679722 64 23
679872 62 28
679964 64 20
680183 43 28
680228 53 37
681084 50 26
681465 56 27
681630 39 17
682519 57 24
682796 34 16
682980 67 27
683153 38 24
683165 42 27
683174 52 24
683241 65 34
685232 35 36
685326 47 59
685415 49 48
686292 32 47
686422 53 52
686479 35 37
686739 49 73
686775 42 47
686844 42 47
686931 30 34
686992 45 54
687373 3 19
687416 36 35
687432 47 50
687452 78 68
687465 106 37
687483 78 44
687519 7 51
687524 26 25
687533 30 29
687645 68 80
687873 52 41
687996 44 52
688062 37 40
688266 50 44
688578 37 53
689069 40 42
689389 41 48
689493 44 27
689941 57 38
689980 55 41
690267 57 42
691646 54 41
691884 23 34
692521 53 75
692545 47 67
692809 31 39
692857 36 44
693299 26 40
693314 28 37
693418 33 52
693637 28 36
693865 40 39
693964 29 30
694329 36 45
694977 31 54
695160 28 52
695439 26 36
695469 30 41
695499 26 50
695788 28 58
695793 26 59
696275 27 44
696315 20 39
696350 23 40
696463 43 48
696658 27 42
696685 28 40
696793 30 58
696815 28 55
696867 12 21
697237 31 47
697430 27 49
697853 36 58
697895 26 60
698036 28 61
698132 34 59
698687 35 58
698765 45 55
698922 14 25
699473 24 42
700013 43 52
700253 37 44
701000 32 54
702217 29 43
702226 28 46
702665 66 53
702734 42 47
702758 35 41
702782 33 37
702788 32 35
702821 41 39
703343 10 68
703346 23 59
704741 26 36
704795 35 44
704804 36 41
704816 25 37
704995 14 31
705006 10 24
705310 24 34
705420 39 40
707130 36 35
707152 45 40
707247 29 45
707570 39 51
707641 34 35
707656 31 37
707694 37 45
707886 29 36
707918 28 49
708151 24 45
708200 32 62
708221 31 54
708237 35 52
708265 37 47
708385 27 51
708423 25 30
708477 26 53
708533 28 34
708776 22 50
709019 33 47
709053 27 50
709157 37 67
709220 38 78
709274 30 66
709384 19 47
709433 26 52
709471 22 54
709513 8 58
709547 15 61
709984 35 65
709999 22 44
710213 24 38
710227 29 44
710234 29 40
710253 30 41
711012 39 44
711027 41 45
711045 37 41
711084 32 46
711125 24 56
711141 25 46
711576 25 45
711619 29 52
711794 40 36
712575 30 54
712710 35 62
712835 42 79
712935 25 49
713136 63 109
713256 29 34
713340 35 67
713460 45 51
713514 30 49
713530 24 47
714758 35 55
714796 39 48
714873 43 67
714960 34 62
715170 25 34
715188 20 36
715514 36 49
716669 38 74
716677 38 72
716722 33 59
718026 32 63
718041 28 57
718635 42 54
718901 26 63
720074 36 48
720988 36 58
721050 29 42
721163 46 79
721234 34 72
721297 43 59
721535 26 53
721639 50 55
723261 32 32
723266 28 33
723425 37 59
723446 35 43
723530 27 60
723760 29 47
724516 41 49
724798 39 58
724825 47 69
724937 26 37
724957 38 47
724980 34 40
725002 36 47
725014 42 70
725020 39 68
725048 26 63
725083 39 70
725098 32 54
725441 36 41
725516 31 52
725829 55 82
726305 45 49
726310 41 47
726455 32 42
726484 31 39
726491 30 41
727099 39 44
727773 27 39
727883 27 45
729217 52 69
729495 38 61
729536 35 60
729544 32 57
730080 42 47
730144 26 51
730403 26 40
730561 37 46
730900 45 55
731006 43 54
731107 36 44
731318 39 59
731947 30 49
732010 36 38
732030 38 41
732220 47 71
732446 45 61
732574 39 39
733238 34 61
733455 20 34
733759 8 30
733836 39 42
734227 34 56
734295 42 51
734456 45 66
734506 41 92
735039 26 49
735066 38 62
735178 27 45
735634 42 40
735879 40 64
735942 25 36
736075 38 57
736427 40 78
736494 48 64
736771 43 43
736809 36 34
736840 24 42
736845 19 43
736851 17 39
736890 26 60
736905 30 72
736950 41 54
737201 37 68
737213 33 65
737225 39 68
737307 36 59
737436 21 32
738154 43 72
738213 36 63
739242 40 43
739710 35 51
740202 36 46
740300 39 50
740501 39 57
740547 40 52
740553 42 62
740728 35 41
741109 45 68
741228 40 70
741308 34 54
741373 35 50
741410 25 41
741424 22 42
741794 32 68
741881 32 72
742002 36 54
742033 39 61
742278 45 79
742351 36 51
742519 34 71
742527 40 68
742616 38 38
742679 37 45
742735 23 37
743461 46 46
743591 29 36
743745 42 49
744013 30 43
744262 34 43
744410 43 75
744443 40 63
744486 39 50
744570 29 69
744658 30 44
745150 31 48
745349 48 58
745533 51 59
745680 34 52
745693 36 62
745874 25 49
746107 33 59
746175 44 46
746197 40 48
746221 40 65
746233 46 68
746436 54 75
746557 34 43
746602 35 42
746621 29 36
746686 50 60
746704 54 62
746772 45 52
746878 53 78
746899 49 68
746934 40 66
747024 34 48
747227 37 64
747263 40 61
747294 38 66
747507 49 61
747582 38 56
748047 35 52
748297 30 52
748542 37 53
748743 36 47
749103 35 46
749265 43 61
750100 60 61
750297 34 51
750767 36 53
750946 55 58
751107 30 55
751531 31 53
751938 51 44
752006 44 47
752089 57 68
752204 27 43
752354 44 66
752398 47 66
752514 38 46
752675 21 39
753278 26 54
753739 25 44
753875 37 51
754018 33 44
754370 29 45
754449 4 35
754562 22 62
754727 19 34
754776 10 43
754803 16 38
754831 15 26
754857 11 14
754978 19 13
755028 39 57
755322 12 71
755364 15 69
755403 46 70
755460 29 102
755731 21 32
757426 48 16
758389 18 16
758676 25 25
758737 59 33
763439 13 40
763558 6 49
763619 44 67
763713 9 51
763760 6 38
763783 28 36
763871 51 49
763906 16 43
765561 5 39
765572 5 44
765621 13 78
765633 13 81
765763 5 37
765785 10 47
765800 39 75
766085 21 137
766087 39 101
766092 20 124
766098 14 123
766170 25 38
