7504 15 94
13802 13 114
13870 24 116
13971 11 90
31741 23 66
31766 20 55
32043 14 61
32057 18 63
32072 17 63
32080 17 62
32107 21 72
32150 30 75
32220 15 49
32375 21 92
32575 14 60
32587 19 72
32694 27 89
32875 9 46
32930 26 59
32994 26 87
32999 25 89
33073 16 68
33116 25 75
33303 34 76
33428 13 48
33521 25 69
33628 29 97
33744 15 52
34318 24 64
34612 22 74
35625 25 64
35665 27 63
35791 21 66
35810 23 60
35888 22 48
35963 19 41
36039 10 33
36067 11 45
36155 16 70
36187 18 68
36244 27 54
36345 20 56
36472 24 72
36583 27 82
36754 29 74
36763 27 74
36859 12 48
36927 26 66
37027 24 48
37087 24 33
37106 34 45
37124 28 46
37190 15 39
37325 17 20
37408 24 48
37423 26 63
37513 14 39
37618 24 69
37681 23 63
38219 22 76
38369 24 80
38393 27 83
38815 32 73
39431 13 49
40094 18 71
41213 25 79
41239 30 74
41514 23 83
41574 25 71
41737 15 61
42601 31 76
43029 25 69
43123 18 56
43288 35 100
43694 23 84
43738 25 78
43894 24 51
44203 22 84
44383 18 75
45307 30 87
45451 14 67
45757 29 98
46915 17 54
46926 14 50
47104 21 50
47286 18 49
47585 24 54
47600 23 40
47786 14 49
47832 21 70
48050 16 66
48176 29 49
48278 24 66
48421 30 52
48888 33 74
49379 12 41
49455 14 16
49548 13 25
49693 24 45
49839 28 62
49926 24 54
50062 37 59
50077 36 66
50084 33 52
50790 16 49
50826 24 46
50912 18 83
51369 12 30
51378 18 39
51660 27 73
52419 21 56
52425 23 56
52533 21 70
52639 15 61
52679 21 52
52807 27 54
52829 27 60
52875 28 65
53052 12 46
53205 15 53
53511 14 53
54018 22 98
54995 16 70
55212 15 69
55290 19 57
55386 16 79
56016 17 60
56028 26 54
56145 18 59
56166 19 57
60546 15 72
60744 18 89
62141 23 86
62732 19 73
63282 16 79
63714 17 100
64431 14 66
64436 15 67
64549 11 47
66202 10 37
66253 8 39
67296 6 24
67326 6 38
67386 18 54
67412 18 52
68067 24 79
68206 15 74
68364 20 76
68380 19 73
68459 7 61
68501 5 36
68909 13 50
69235 21 51
69490 20 63
69650 16 61
69678 16 46
69716 16 48
69859 18 92
70126 16 81
70135 15 66
70944 19 64
73479 14 89
73515 10 70
73809 18 82
73937 21 61
74046 28 87
74091 22 65
74238 19 63
74391 23 73
74490 18 99
75477 16 87
76310 22 73
76444 15 71
77053 25 68
77574 8 29
78520 25 61
78715 23 62
78799 20 72
78874 30 57
78918 31 62
79042 26 70
79201 28 74
79216 21 81
79333 16 55
79510 23 85
79587 19 56
79596 22 66
80147 28 71
80910 20 58
81033 17 69
81094 22 74
81134 9 57
81140 10 67
81165 7 61
81270 30 62
81326 15 71
81347 9 56
81462 27 83
81538 21 73
81602 14 65
81685 22 72
81701 21 66
81984 20 35
82147 25 51
82848 27 70
82894 22 67
83257 29 76
83437 26 69
83608 24 63
84216 31 80
84478 18 56
85006 20 56
85722 15 44
85793 22 50
86118 22 55
86237 25 66
86304 28 67
86528 22 71
86786 27 60
86838 24 68
87372 4 27
87433 3 12
88358 13 52
88376 17 64
88496 16 56
88969 19 61
89093 15 54
89123 14 56
89479 12 54
89491 13 56
89512 7 45
90373 20 84
90640 25 65
90645 24 65
90709 20 69
90885 11 58
91435 31 78
91811 17 82
91854 13 57
91966 24 84
92132 17 68
92207 18 82
92280 19 67
92605 23 67
92621 21 52
92646 22 68
92668 21 73
92756 20 96
92912 22 73
93122 18 41
93147 20 50
93673 28 58
93727 21 62
93796 18 67
93827 20 78
93928 13 54
93967 20 56
93994 15 46
94141 20 79
94307 8 62
94774 24 78
94920 16 58
95085 17 73
95733 21 72
96046 11 42
96325 25 76
96706 15 65
97051 13 27
97102 37 40
97231 7 11
98413 13 63
99219 38 30
99905 27 31
99927 32 42
100270 32 39
100304 31 34
100360 26 41
101061 50 57
101127 40 63
101195 30 33
101232 32 50
101431 28 49
101652 36 55
101658 34 53
101673 30 48
101757 39 52
102031 36 70
102203 40 37
102209 45 43
102226 45 49
102241 42 48
102372 33 57
102452 48 57
103093 32 38
103509 16 66
104319 18 83
104750 13 65
105004 15 66
105503 21 79
105725 11 66
106110 10 61
106376 9 53
106389 9 48
107813 14 84
107831 11 71
107933 11 46
108158 13 73
108527 11 78
109286 10 84
109528 7 50
109843 16 66
110049 8 48
110156 12 72
110344 12 55
110381 12 38
110471 12 68
110549 21 107
110572 15 83
110780 13 58
111852 10 36
112140 15 55
112962 14 70
113124 7 42
113318 19 45
114078 18 70
114258 9 56
114309 7 51
114401 13 62
114505 12 64
114649 8 70
114998 9 78
115009 10 80
115087 10 89
115133 12 86
115270 11 59
115301 11 51
115540 15 77
115550 15 68
115749 22 78
116101 12 63
116413 16 62
116743 9 55
117142 8 47
117205 14 85
117382 18 79
117697 14 75
117715 10 60
118135 11 44
118276 19 83
118438 12 55
119008 14 67
119134 16 71
119213 15 72
120182 17 114
120221 21 55
122428 7 39
122702 6 27
122987 11 72
123027 13 85
123201 12 61
123729 11 72
123865 8 61
124557 8 52
125118 15 66
125514 18 74
126171 15 65
126900 17 75
126947 28 63
128105 13 89
128744 11 61
128813 8 61
129002 21 64
129989 5 45
130374 7 47
130785 14 106
131037 10 85
131185 8 58
131251 10 72
131322 10 64
131511 6 54
131661 14 84
131704 13 77
131875 9 53
132164 9 70
132242 8 64
132572 19 81
132595 20 84
132604 23 87
132858 15 83
133155 12 74
133323 15 62
133527 10 62
133737 10 77
133851 16 68
135478 21 80
135551 19 83
135828 18 90
136488 12 71
137341 12 65
137519 13 85
138266 14 54
138278 13 51
138326 15 54
138411 12 72
138839 13 63
139173 12 61
139572 10 70
139599 11 82
139662 14 83
139908 20 74
140151 22 75
140242 7 60
140434 9 59
141453 20 56
141760 17 89
141767 17 92
142655 17 82
142763 12 72
142799 14 66
143393 26 58
143891 25 89
144038 26 55
144057 24 46
144380 32 48
144630 26 59
144645 20 47
145126 15 52
146424 19 54
146755 21 52
146811 30 64
146823 37 79
146981 26 72
147004 27 70
147033 25 52
147103 28 69
147155 26 79
147200 25 78
147240 32 61
147399 26 55
147666 20 65
148368 22 51
148443 24 60
149145 24 55
149928 25 64
150306 32 76
150510 20 65
150882 17 59
151118 22 65
151142 19 56
151260 20 60
151333 31 67
151392 25 56
151770 27 67
151793 26 72
151951 15 57
151999 10 66
152042 16 50
152160 20 48
152228 13 44
152933 24 57
153182 18 66
153351 18 72
153930 20 84
154360 22 61
154373 21 56
156218 23 60
157495 26 69
157631 22 43
157797 24 62
157885 25 67
157947 32 57
158046 18 61
158136 17 57
158376 21 63
158478 26 65
158544 24 69
158682 26 71
158799 19 63
158875 22 57
158928 32 88
159015 23 74
159209 31 71
159254 38 77
159659 27 56
160364 29 87
160472 19 65
161330 20 59
161503 22 63
161557 22 59
161608 15 59
161653 14 54
162073 11 78
162278 33 69
162328 23 61
162724 12 46
162739 11 41
164529 13 55
164974 29 69
165372 18 39
165402 21 54
165451 16 68
165966 16 61
165987 16 79
166692 33 74
166921 19 69
167158 18 63
167511 35 73
168057 30 56
168793 21 50
169000 14 47
169155 15 56
169202 16 51
169220 25 61
169739 39 78
169768 39 80
169806 33 85
169851 36 75
170138 22 56
171666 28 56
171989 15 75
172759 22 47
173108 36 80
174190 18 36
175094 22 57
175630 25 65
175678 25 53
175733 20 56
176003 26 70
176176 30 62
176310 24 60
176316 27 66
176326 27 67
176415 22 80
176879 19 81
177163 13 36
177193 17 45
177262 17 48
177394 18 48
177445 18 67
177532 26 71
178048 19 69
178151 10 68
178804 22 66
178862 49 49
179515 40 37
179575 43 37
179683 36 52
179793 32 46
180300 39 52
180305 40 55
180702 40 50
180758 38 44
180793 19 33
180798 19 33
181237 35 33
181585 38 41
182031 27 61
182071 24 50
182163 16 51
182278 20 79
182938 19 53
183054 30 66
183131 30 61
183370 15 54
183424 20 47
183508 15 48
183547 20 55
183964 21 51
183991 23 56
184063 26 55
184174 29 69
184258 30 79
184288 21 65
184297 19 55
184428 21 54
184441 23 64
184587 17 66
184779 15 70
184855 19 68
185065 25 78
185123 35 76
185521 15 41
185755 19 46
186944 27 63
187043 13 52
187497 16 71
187505 14 57
187572 22 79
187762 15 51
187875 22 61
187966 18 55
187993 18 68
188037 19 64
188044 27 60
189208 18 62
189286 32 88
189340 31 61
189442 24 52
189793 24 64
189855 29 55
189984 12 29
190966 23 59
191111 29 91
191271 16 51
191290 17 46
193483 27 72
193960 21 57
194579 35 36
194995 44 36
195035 44 38
195256 35 44
195525 43 43
196645 28 27
197000 40 37
197028 50 43
197201 44 44
197521 23 34
197825 18 18
198293 9 63
198566 15 67
199404 14 42
199557 28 52
199583 27 46
199628 23 68
199639 23 64
199659 9 72
199670 8 71
199683 7 62
200128 6 41
201444 11 93
201701 11 86
202790 14 80
202799 16 74
202830 13 75
204532 12 64
204537 10 70
204588 10 82
204617 16 83
204711 16 72
205087 7 32
205182 9 55
205212 10 49
205314 9 55
205458 15 72
205668 12 43
206655 14 68
206976 9 69
206989 7 56
207160 10 59
207978 17 91
208083 11 79
208137 10 63
208176 12 62
208378 24 67
208392 21 75
208476 15 52
208530 11 48
208557 14 50
208668 11 43
208902 13 56
209012 13 74
209160 16 87
210183 16 62
210360 9 78
210456 17 58
210597 8 60
212055 22 80
212700 10 63
212739 10 66
212766 11 60
212786 9 79
213297 14 78
213639 7 62
213808 15 51
213888 12 65
213909 17 82
213931 13 68
213981 15 43
214230 9 55
214386 12 74
214442 12 80
214605 11 49
214693 8 65
214716 10 89
215546 7 59
215608 12 53
215724 12 64
215800 13 74
215975 12 36
216107 13 92
216124 13 99
216325 8 54
216490 16 67
217333 6 52
217573 9 80
217636 11 64
217645 10 63
217707 15 62
218240 11 42
218307 9 43
218489 18 58
218511 16 48
218893 12 63
218906 14 69
218911 12 72
218944 17 61
218949 17 65
219054 12 66
219147 12 59
219211 14 69
219232 13 72
219269 11 73
219310 11 66
219491 14 69
220578 10 86
220596 10 79
220928 12 73
221104 17 112
221220 13 69
221479 9 75
222005 10 81
223369 11 54
224227 7 51
224333 15 73
224384 14 76
224701 10 82
224770 16 64
224791 17 81
224796 17 83
225093 7 46
225186 11 91
225950 11 73
226032 12 73
226060 12 57
226133 11 59
226157 14 62
226217 15 72
226286 17 92
226316 16 78
226573 19 82
226607 18 61
226630 20 66
226636 20 65
226750 8 64
227394 5 35
228108 14 66
229551 9 44
229940 24 59
229997 29 54
230525 10 40
230687 12 67
230882 28 70
230971 15 58
231064 21 76
231113 28 59
231203 20 86
231784 17 34
231835 21 43
231871 19 65
231893 16 53
232045 18 44
232398 17 29
232901 17 44
232923 11 35
233155 13 56
233321 21 73
233474 17 32
233495 12 29
233543 9 44
233568 15 57
233639 32 79
233840 20 75
234092 19 58
234168 20 59
234260 23 43
234358 18 53
235058 17 40
235135 20 34
235203 17 51
235331 31 47
235589 26 70
235923 20 42
235950 26 52
235965 25 50
236594 27 59
237114 25 58
237272 16 60
237908 19 51
237992 18 53
238154 18 44
238966 13 47
239017 12 43
239047 18 45
239572 31 85
239782 10 32
239839 25 66
241143 21 65
241712 19 42
241885 12 45
242297 14 43
243058 19 43
243082 17 42
243116 20 43
243134 17 50
243213 12 42
243895 16 38
243913 17 49
243958 26 51
244327 27 57
244523 22 54
244584 16 62
244700 26 62
244777 15 51
244801 16 57
244846 16 59
244904 18 56
245186 27 54
245498 16 55
245520 17 55
245540 15 49
245576 21 50
245744 25 68
245749 24 67
245858 18 75
245870 17 51
246215 20 40
247065 19 32
247155 41 34
247670 35 36
247778 30 45
247870 24 40
249604 18 47
250296 7 41
250337 5 20
250389 16 31
250461 15 59
250626 15 63
250809 8 41
250898 18 59
251173 25 44
251383 24 48
252253 13 34
252459 17 43
252520 21 39
252636 31 46
252646 26 42
252742 20 38
252975 16 34
253700 21 43
253994 19 39
254084 23 36
254150 22 45
254207 27 57
254213 29 57
254515 19 47
254660 20 32
254807 33 22
255150 17 17
255659 31 58
256653 33 33
257220 27 28
257532 27 36
257697 38 54
257823 33 45
258302 24 45
258307 27 47
258384 33 38
259746 28 37
259762 32 47
260068 30 37
260104 29 31
261259 39 41
261575 19 27
261619 15 25
262181 36 34
262778 39 31
263188 44 51
263465 44 45
264202 39 29
264371 50 38
265973 35 35
265983 37 35
266160 44 38
266465 20 26
266924 36 34
266936 42 43
268073 41 47
268184 17 29
268887 29 35
269597 27 24
269774 34 37
270212 43 44
271389 44 33
271749 43 43
271960 49 52
272817 23 39
273126 39 49
273974 35 40
274010 44 42
274026 41 47
274674 27 53
275151 22 42
275274 16 20
275484 31 28
276077 33 30
276334 24 39
276463 27 30
276496 26 27
276823 18 40
277022 16 29
277152 26 42
277215 18 27
277384 23 17
277479 35 49
277789 24 33
277976 21 34
278056 23 25
278806 25 28
278899 34 43
279464 39 44
279795 35 56
279897 23 30
279903 23 29
279981 44 63
281176 35 46
281228 29 53
281234 27 52
281501 29 45
281518 37 50
283131 28 41
283153 31 39
283164 26 38
283171 25 37
283243 28 49
283324 24 33
283377 26 34
283515 31 39
283641 42 60
283646 39 60
283659 37 55
283773 23 45
284463 27 35
284799 13 26
284841 13 31
284870 16 26
285024 31 39
285169 31 39
285326 27 34
285499 35 51
285505 34 49
285538 40 38
285574 37 45
285742 28 44
286115 24 24
286387 23 52
286632 35 30
286651 35 30
287083 30 42
287181 11 12
287215 8 17
287428 25 34
287435 24 26
287859 29 53
287895 34 62
288180 43 52
288231 26 40
288504 31 27
288594 36 34
288642 31 30
289052 27 31
289087 26 34
289203 38 61
289261 19 35
289825 26 31
290455 23 37
291100 31 35
291253 31 35
291316 23 43
291379 15 39
291454 29 41
291527 42 47
292024 31 32
292463 30 44
292615 31 29
292665 38 43
293180 30 42
293307 25 53
293575 31 47
293586 33 47
293756 26 35
294168 31 51
295193 33 41
296043 20 34
296293 22 51
296709 22 52
297174 25 37
297308 34 40
297323 31 57
297365 32 56
297609 30 31
298212 18 32
298272 21 46
298527 7 28
298656 18 39
298722 15 52
299271 24 36
299604 42 39
299847 24 38
300465 32 61
300661 26 48
300681 23 45
300825 29 61
300905 29 47
300940 32 58
301167 31 51
301314 32 56
301584 23 35
301751 11 25
301836 18 22
301928 19 30
302038 22 45
302506 28 28
302620 25 28
303493 26 44
303550 22 42
303674 30 33
303801 26 46
303842 34 39
303874 32 32
303973 21 29
304165 29 40
304177 31 38
304258 33 38
304840 42 27
304897 31 43
304908 25 45
305002 32 55
305181 21 35
305614 17 35
305797 29 34
305866 26 33
305926 33 32
306248 20 36
306352 27 36
306511 32 34
306568 34 35
306583 29 33
306664 17 31
306679 31 40
306725 28 45
307228 28 41
307744 25 34
307801 22 30
307903 32 50
308143 25 45
308155 26 47
308278 34 44
308523 33 38
308545 37 38
308701 17 41
308706 16 38
308805 25 49
308877 28 54
309565 23 33
309717 32 36
310219 29 34
310519 16 24
310554 20 25
311201 25 37
311395 29 53
311437 27 52
311662 32 52
312046 38 42
312289 41 34
312346 27 42
312487 28 30
312546 37 50
312670 34 43
312721 39 42
312786 37 43
312840 36 61
312862 29 55
312890 23 42
312934 31 25
313183 28 42
313478 39 34
313670 33 32
313742 26 40
314924 18 34
315103 25 39
315206 16 32
315364 26 26
315862 22 51
315910 33 51
315970 29 38
316228 23 46
316252 22 48
316354 31 36
316465 32 42
316726 16 28
316822 32 40
317349 17 31
317879 33 35
317909 38 35
317922 37 43
318712 25 36
318770 21 26
319216 29 53
319618 21 49
319810 23 47
319831 22 45
319967 19 46
321427 12 35
322129 18 39
322150 24 43
322281 18 54
322542 26 53
322675 25 45
322683 23 40
323245 22 36
323320 21 44
323668 19 45
324160 29 50
324683 20 48
324721 18 51
325057 26 35
325243 16 35
325399 31 40
325417 30 46
325690 18 30
326002 26 40
326239 34 57
326254 26 53
326395 21 39
326431 24 46
326437 22 45
326563 31 50
326835 21 49
329372 37 37
329799 28 37
331353 32 27
331401 37 32
331539 37 36
331611 32 31
331624 39 41
331917 30 35
332031 34 35
332434 24 33
332697 34 33
334017 32 22
334056 20 34
334152 29 32
334323 19 36
334482 33 51
334746 22 36
334784 30 50
334796 31 56
334893 28 31
335147 38 19
335687 40 30
336671 40 36
336704 21 34
336842 21 31
337435 36 30
337459 36 27
337495 39 38
337846 40 33
338100 42 56
338432 44 41
338558 23 31
338896 10 21
339560 23 41
339584 25 36
340028 36 48
340057 41 48
340454 10 44
341354 19 33
341516 21 37
341750 28 35
341937 20 46
342185 43 58
342316 37 48
342323 30 42
342811 24 31
343141 20 29
343303 29 51
343399 25 44
343797 24 30
346307 15 43
346546 17 29
346760 22 45
347188 19 66
347294 26 36
347415 17 48
347561 20 46
347930 21 43
348485 29 59
349238 14 38
349538 14 49
350455 23 45
350917 11 28
351158 21 42
351665 24 60
351818 11 45
351829 10 48
352007 10 48
352700 25 60
352859 16 35
353267 19 48
353540 16 36
354185 15 50
354397 28 52
354758 16 53
354795 20 41
355058 14 57
355610 22 41
355697 14 51
356067 24 47
356081 21 38
356465 17 53
357346 27 59
359581 21 50
360223 18 53
360572 16 48
360608 16 40
360743 17 53
360762 20 42
360786 16 38
360942 19 44
360951 17 46
360987 19 56
361056 13 62
361140 9 33
361235 12 52
361372 9 28
361396 8 35
361529 5 32
361731 17 63
361790 14 34
362750 19 41
363405 16 50
363943 20 60
364725 10 29
365000 21 56
365260 18 43
365912 14 46
365954 15 36
366488 7 29
367421 13 41
367460 18 45
367822 15 50
368137 20 37
368301 16 31
368481 6 26
368554 17 42
369023 18 50
369493 14 41
369752 12 68
369768 11 67
369773 12 64
369913 13 44
370134 12 59
370228 27 48
370487 12 45
371012 17 51
371935 22 62
372544 33 79
372811 14 62
372982 9 38
373151 20 54
373435 16 53
373615 12 59
373825 18 47
374023 15 45
374158 15 60
374353 17 40
374577 10 41
374647 19 33
374705 14 48
374842 9 33
374905 22 44
375085 15 44
375097 15 43
375301 19 30
375615 12 49
375677 12 52
375692 11 53
376613 22 51
377130 14 31
377195 24 56
377350 19 42
377380 29 61
377404 29 61
377613 18 59
377672 21 46
377813 30 46
378159 12 55
378377 20 38
378385 20 41
378401 17 45
378575 14 40
378638 20 57
379451 20 47
380379 12 54
380940 14 39
381220 5 30
381312 15 34
381664 17 33
382228 14 54
383063 20 44
383424 11 23
383430 13 23
383549 7 14
384004 20 33
384392 15 52
384743 16 46
384806 22 46
384932 4 11
385070 11 35
385101 13 34
385111 12 36
385467 14 45
385540 10 40
385570 14 38
385596 13 34
385917 14 48
385958 9 43
386205 15 34
386264 14 45
386904 8 38
387094 12 47
387199 9 46
387409 18 65
387584 10 40
388406 21 47
393478 16 58
393714 18 36
394295 13 48
394401 8 44
394423 9 43
394476 10 31
395147 13 49
395386 20 45
396626 7 36
396825 17 33
397244 18 55
397285 19 52
397395 10 48
397500 14 18
397721 16 32
398122 14 31
398673 15 30
399097 17 45
399123 19 35
399298 23 44
399355 25 54
400248 46 13
400536 38 28
400624 30 13
401353 26 17
401394 40 20
401484 43 28
401547 40 28
402072 40 26
402178 51 16
403258 48 16
403888 32 12
404276 57 31
404653 60 25
404905 52 16
407380 30 17
407393 28 18
407402 31 21
407431 39 20
407544 48 27
407593 37 17
407686 42 20
407756 44 26
408847 32 12
408877 32 12
408917 37 13
409540 28 20
409902 39 18
410104 25 15
410993 40 10
411191 38 15
411254 33 10
411398 40 12
411607 42 13
412149 34 12
412798 51 16
413829 40 11
413871 42 15
414006 45 15
414264 33 14
414457 38 17
414504 29 12
414787 33 16
415407 37 16
415612 27 7
415873 30 16
415940 33 9
416255 28 13
416260 28 12
416463 43 20
416784 39 29
416847 35 15
417207 31 23
417249 30 29
417303 37 27
417769 25 25
418101 19 27
418130 25 24
418851 19 34
419098 22 24
419224 34 21
419476 21 31
419764 21 38
419883 15 36
419896 12 27
420473 23 39
421420 15 31
421430 14 33
421440 15 36
421449 16 37
421477 9 23
421592 16 35
421767 22 22
421777 24 21
421857 30 30
421888 29 25
421983 24 34
422090 31 28
422135 25 44
422392 22 40
423565 24 42
423665 20 35
423867 29 34
423882 32 32
424010 23 24
424050 34 33
424226 19 44
424327 29 23
424423 25 38
425018 30 51
425655 27 27
426203 26 28
426305 14 32
426416 34 23
426630 17 28
426661 22 28
427213 18 37
427316 20 33
427454 21 27
427715 26 39
427938 15 35
427961 23 45
428797 19 33
428886 23 30
429022 20 27
429382 22 36
429646 25 25
431824 18 26
432696 23 24
433701 24 31
433903 35 36
433995 23 20
434067 18 32
434085 12 27
434358 18 27
434424 24 29
434484 14 26
434632 17 17
434882 18 33
435757 21 34
435877 12 23
436199 22 10
436373 24 20
436389 26 22
438748 19 23
438853 13 34
438944 16 18
439078 23 35
439546 13 36
441099 21 24
441428 23 25
441527 21 37
441723 15 23
441833 27 38
442707 15 19
442733 22 28
442873 12 16
442893 10 18
442974 22 26
443053 17 27
443325 27 29
443404 12 26
443615 12 34
443648 20 39
443798 21 18
444354 3 8
444820 19 19
444844 23 14
445410 14 17
445509 36 42
445613 14 29
445724 27 24
445740 22 19
445762 21 21
445778 15 24
445790 12 17
445849 21 18
445877 10 14
445995 21 20
446067 11 12
446264 13 113
463921 11 19
464223 9 20
464289 29 42
464874 14 30
465318 11 22
465810 15 17
466323 27 24
466489 23 27
466643 26 32
466653 27 34
466749 33 33
466851 27 28
466910 22 25
467018 25 22
467088 13 28
467741 23 33
467865 24 22
468481 13 20
468725 19 25
469136 18 20
469171 19 19
470729 31 22
470893 25 33
471740 27 26
473027 24 25
473445 28 26
473473 19 25
473757 25 32
473976 29 12
474142 12 15
474260 13 34
474913 25 30
475581 19 43
475608 15 40
476259 15 26
476969 17 29
477835 18 28
478201 16 26
478930 8 16
480246 15 45
480852 12 36
481174 13 34
481180 16 35
481838 16 46
482021 9 26
482199 8 33
482507 14 39
482513 14 40
482627 23 39
483567 8 23
483674 15 29
483747 8 27
484090 10 25
484182 12 32
484725 17 29
484734 19 28
485140 14 32
485278 18 35
486134 12 37
486214 14 34
486478 11 42
486558 8 39
486754 5 31
486844 12 25
487764 10 33
487831 12 34
487881 12 45
487913 17 43
487942 13 36
488015 10 46
488207 10 19
488324 11 47
488904 6 41
489378 15 40
489417 18 37
490106 27 32
490610 11 38
490871 12 22
490928 5 18
491333 13 33
491576 15 35
491633 17 52
491730 11 37
491742 12 40
491767 14 42
491798 10 41
492338 8 51
492344 10 53
492437 6 34
492869 12 48
494402 12 34
494540 10 33
494561 8 36
494591 18 35
494963 13 29
495578 9 33
496142 16 27
497328 13 49
497571 20 38
497741 11 24
497872 18 47
498158 14 27
498591 10 39
498720 18 33
498972 15 35
498981 14 37
499331 13 51
499623 9 47
499731 15 39
500148 12 32
500491 16 40
500866 8 27
500896 7 21
501054 19 33
501373 15 25
501394 16 31
501402 17 35
501600 25 34
501634 14 27
501784 17 39
501853 17 43
501888 19 38
501904 17 37
501940 11 25
502279 16 46
502541 13 32
502706 15 28
502750 22 32
502897 17 38
502918 17 35
503341 16 51
503488 12 30
503555 6 32
503573 3 26
503586 3 22
503664 9 37
503693 17 48
503761 21 36
503790 23 40
503897 15 33
503937 13 25
504037 18 35
504613 20 31
504938 19 32
505229 19 29
505658 25 36
505814 21 37
506006 12 44
506243 21 26
506504 18 44
506624 22 31
507225 9 23
507644 18 34
507803 13 26
507861 18 39
507870 16 38
508091 12 32
508273 5 27
508294 4 19
508600 12 18
508797 13 27
509220 14 43
510421 20 33
510487 11 64
510503 17 49
510524 17 50
510832 17 49
510924 16 39
511255 15 31
511367 19 38
511507 18 32
511570 12 37
511896 23 44
512044 13 26
512093 18 31
513410 15 42
513873 11 33
513990 18 39
514014 14 44
514040 19 49
514045 20 50
514514 12 44
514546 14 62
514895 15 59
515002 9 28
515533 18 53
515546 17 55
515666 14 25
515744 4 24
515792 16 54
515921 22 45
515943 13 23
516070 13 34
516376 22 60
516814 13 42
516883 10 31
517004 14 41
517135 8 46
517332 16 33
517488 9 47
517782 21 37
517980 17 38
518208 13 47
518214 18 51
518298 19 42
521121 19 41
521571 17 30
521620 12 31
522985 24 36
523129 14 33
523237 16 46
523570 12 28
523776 20 52
524257 11 43
524548 13 46
524629 14 41
525909 11 36
526039 12 40
526084 15 50
526285 13 35
526366 15 43
526588 15 39
526708 15 44
527085 12 42
527443 10 42
527486 15 39
527507 14 35
527975 9 36
528140 13 49
528629 18 32
529241 14 38
529277 7 35
529340 10 50
529634 14 31
529649 14 41
529850 6 44
530447 19 42
531425 6 25
531623 8 41
531701 11 62
532172 10 43
532182 8 47
532667 8 27
533186 18 45
533786 14 33
534104 6 40
535338 15 41
535950 13 47
536490 19 41
537101 13 45
537347 19 57
537426 15 74
537682 7 40
538041 14 63
538432 20 48
538553 10 42
538625 6 31
538775 14 64
538784 12 61
539002 16 43
539430 13 37
539617 17 43
539705 8 27
539865 19 47
540099 13 43
540693 12 42
542041 9 47
542239 17 46
542323 7 62
543286 11 34
543953 28 21
544056 11 42
544063 13 47
544278 13 40
544304 11 32
544942 18 37
545157 18 32
545188 17 39
545571 23 61
545956 19 61
546550 22 29
546883 11 32
547243 18 34
547497 20 37
547590 18 28
547750 30 57
547770 22 45
547801 16 42
548178 16 42
548247 14 30
548418 13 26
548443 14 32
548760 23 33
548901 20 53
549042 21 35
549253 21 36
549643 13 27
550182 24 36
550375 15 19
550810 26 58
550903 22 37
550909 16 32
550960 19 21
551732 26 63
552097 15 47
552233 11 23
552338 25 64
552345 25 69
552613 25 62
554023 14 42
555097 22 35
555337 15 38
555768 21 33
555777 18 32
555810 13 34
556492 20 37
558614 27 31
559197 12 16
559367 27 38
559377 21 37
559389 21 36
559432 15 21
559471 17 23
559581 13 32
561133 19 47
561472 22 41
561730 16 36
562905 22 43
563028 19 51
563076 24 56
563337 16 38
563814 15 49
564036 13 25
564732 22 51
565444 22 37
566649 22 47
566688 24 52
567096 20 37
567200 14 49
567245 20 64
567324 18 30
567443 20 47
567457 17 52
567484 18 48
567612 22 47
568004 9 50
569073 31 35
569130 16 50
569704 25 55
570982 7 40
571084 16 38
571550 12 32
572041 18 50
572536 16 42
572640 12 36
572712 16 42
573021 5 24
579174 13 27
579237 18 43
579303 19 32
579339 22 39
579432 15 40
579630 19 42
580011 26 56
580091 20 46
580664 26 55
580867 18 42
580886 26 45
580919 22 44
581003 14 36
581124 27 44
581133 27 45
582097 30 55
582290 18 62
582362 14 42
583087 15 29
583642 21 34
583828 19 44
584041 20 32
584132 28 39
584230 28 19
584257 26 24
585105 13 22
585388 7 11
585473 22 41
585636 19 23
585785 27 35
585816 26 31
586122 21 58
586653 16 43
587633 33 40
587846 18 29
588093 28 30
588543 21 31
589487 38 48
589682 27 35
589890 25 35
590448 25 47
590594 34 33
591291 19 25
592649 28 29
593401 27 36
593538 19 28
594140 18 25
594497 17 26
594881 31 42
595088 24 35
595574 37 37
596346 38 34
596375 38 36
597807 17 51
598114 21 45
599778 12 39
599900 8 38
600408 14 49
600458 13 37
600722 13 38
600755 15 37
601107 30 51
601827 13 33
602020 14 40
602781 19 45
602910 17 40
603126 19 33
603161 18 45
603186 12 41
604525 22 44
605432 16 40
605819 23 46
605934 17 45
606047 16 35
606198 16 29
606230 26 44
606342 21 36
606392 14 33
606689 18 22
606802 22 49
607699 18 47
607717 17 47
607735 23 61
607813 21 65
607863 18 53
608071 16 49
608097 18 55
609583 14 36
609895 9 30
609964 15 36
610446 13 36
611072 20 34
613040 20 35
613524 18 41
614802 17 52
614817 15 56
614886 21 51
614901 28 48
614919 29 45
617583 29 34
617749 23 53
618043 11 29
618897 16 43
619030 18 40
619719 21 50
619964 20 50
620035 20 53
620041 21 54
620411 19 38
620500 10 24
620562 14 31
620674 15 41
620873 12 55
620962 30 58
620998 24 57
621059 20 39
621272 25 55
621519 12 37
621907 11 46
622163 24 42
622468 20 38
622595 16 41
622691 22 34
623458 18 39
623671 17 28
623848 20 47
624176 15 29
624371 22 37
624388 23 43
624466 14 56
624497 14 44
624519 15 47
624543 21 35
624593 28 36
624642 21 39
624964 13 48
624998 15 60
625040 24 43
625204 8 32
625391 10 37
625445 13 28
625867 7 44
625886 12 38
626904 15 54
627581 13 53
627644 15 43
627939 18 41
628029 10 26
628527 22 36
629037 21 38
629214 25 31
629256 29 45
629598 30 37
630265 36 35
630387 56 45
630413 43 43
630442 50 43
630829 16 40
631093 17 32
632507 22 48
632696 23 61
632922 17 38
633043 10 47
633451 21 40
633682 21 51
633960 18 31
635264 15 49
635463 28 63
635761 23 55
636304 21 61
636794 22 46
637899 10 27
638084 14 48
639014 22 48
639201 16 39
639452 22 34
639491 21 39
639752 22 72
639926 17 23
639972 18 27
640067 31 62
640184 27 50
640245 12 40
640369 14 40
640815 37 67
641161 20 39
641173 25 43
641368 19 44
641466 11 42
641596 23 50
642034 16 27
642070 20 34
642431 21 42
642552 26 34
642680 12 42
643214 8 47
643250 8 42
643386 11 48
643597 18 54
643670 20 44
643736 12 50
643837 9 46
644001 19 47
644395 28 48
644487 11 49
644612 19 43
644648 19 44
644734 21 58
644834 10 56
645052 12 27
645087 11 36
645193 18 60
645338 19 37
645395 16 41
645830 24 45
646130 12 35
646139 7 31
646260 26 46
646427 18 51
646853 16 40
646868 12 41
647475 20 69
647636 9 44
647654 11 41
648405 20 41
648733 18 34
648904 16 48
649611 14 62
649638 12 51
649880 6 45
649979 12 60
650033 14 55
650060 14 44
650129 10 49
650200 16 44
650995 17 64
651160 9 24
651214 15 40
651256 20 57
651336 28 56
651931 9 38
651943 13 43
652075 19 53
652144 21 55
652213 15 51
652418 18 53
653013 20 45
653250 21 46
653284 17 37
653290 30 47
653539 14 40
653563 19 48
653698 24 64
653809 18 37
654229 16 23
654519 18 30
654753 9 19
654885 5 26
654893 5 45
654901 10 63
654935 17 51
654947 18 53
655012 11 26
655216 11 41
655267 7 38
655275 6 29
655286 8 27
655323 12 57
662055 28 67
662113 17 46
662118 15 45
662297 15 53
662355 12 54
662561 12 35
662786 9 43
663170 16 46
663372 13 28
663606 6 27
664239 13 39
664542 17 46
665448 23 52
665517 20 37
666273 18 44
666846 13 56
667023 17 56
667277 13 48
667307 11 38
667315 11 43
667393 36 73
667461 20 57
667583 19 48
668004 15 52
668112 11 43
668129 10 47
668162 12 48
668250 11 68
668262 13 70
668287 17 67
668765 19 52
669084 21 65
670182 23 46
670353 19 45
670365 23 46
670707 14 68
670927 17 49
671026 27 51
672397 15 50
672785 17 40
672817 14 52
672972 11 42
673484 7 43
673838 7 59
674033 14 41
674495 14 58
674568 11 63
674732 20 63
674952 22 52
675113 19 39
675722 14 57
676034 16 52
676475 17 50
676775 10 52
677661 7 23
677943 13 46
678069 8 37
678075 8 37
678437 5 39
678455 10 55
678467 10 50
678629 11 54
679301 15 46
679690 15 34
679840 22 65
679879 23 68
679966 18 40
679993 19 38
680026 28 41
680053 20 47
680323 16 55
680334 17 53
680344 14 53
680417 17 64
680466 17 36
680611 20 49
681451 17 55
681491 11 51
681602 13 34
681720 16 51
682050 20 54
682742 23 46
682935 22 49
683292 15 46
683824 16 41
684603 9 38
684770 20 73
684797 28 78
684806 27 84
685369 11 41
685382 11 41
685512 9 29
685589 19 45
686241 22 64
686656 14 50
687238 14 46
687601 19 45
687631 14 53
688301 14 39
688391 22 76
688564 18 37
689776 29 64
689806 20 52
689938 12 48
690026 17 70
690551 31 65
690942 17 41
691212 14 36
691782 14 43
692058 14 66
692082 12 64
692661 23 41
693314 21 51
693452 11 42
693787 16 51
694697 18 55
694942 23 60
694988 27 90
695977 11 45
696113 12 20
696726 19 44
696740 19 41
696903 12 34
697070 28 54
697101 16 39
697206 19 53
697241 19 50
697627 18 49
697882 14 36
698132 18 60
698478 10 36
698545 21 42
698666 17 53
698808 13 55
698870 21 49
698886 25 58
699422 17 62
699710 17 53
700510 19 25
700800 20 52
701006 12 58
701610 14 57
701829 19 68
701926 19 76
702365 23 58
702605 7 48
702707 20 62
703177 11 40
703978 24 75
703998 22 57
704023 22 58
704039 20 55
704412 17 50
704780 19 52
704810 14 60
704894 19 46
705127 47 0
705416 16 0
707039 23 0
707685 26 7
707688 7 23
707690 23 7
707695 22 9
707701 30 0
707708 24 8
708362 12 38
708959 16 32
708989 12 32
710662 10 36
710892 22 66
710998 28 64
712355 12 38
712367 18 49
712525 25 67
712606 18 54
712739 18 37
712859 20 59
713263 16 37
713306 9 39
713714 17 49
713825 18 55
714098 22 60
714247 21 53
714269 23 69
714323 19 62
714770 17 61
714884 16 48
714989 13 46
715100 16 61
715253 14 52
716753 10 26
717019 15 33
717293 15 60
717384 17 65
717390 14 66
717423 11 58
717786 8 58
717997 13 40
718045 10 57
718225 12 47
718446 14 58
718728 16 53
718824 18 71
718938 15 63
719495 9 54
720126 16 50
720143 13 47
720652 19 63
720700 8 39
720778 15 65
720877 13 55
721200 10 62
721317 17 52
721985 23 61
722315 11 39
722342 8 52
722446 21 61
722492 20 53
722693 21 62
722987 11 65
723569 20 45
723844 15 37
723888 12 42
723983 17 55
724010 14 49
724169 14 51
724727 22 30
725004 21 51
726426 19 60
726950 12 69
727552 15 61
727747 13 36
727879 19 62
728009 19 71
728146 20 64
728470 19 48
729161 20 44
729625 23 57
729728 21 59
729773 26 57
729991 18 40
730032 22 50
730824 12 50
731663 12 40
731772 25 48
731795 21 54
732081 7 59
732370 19 44
732733 23 56
732805 6 42
733420 18 38
733687 24 75
733810 19 42
733823 15 47
733968 31 54
733982 31 50
734034 31 55
734061 28 62
734180 14 63
734238 27 49
734251 30 41
734418 13 59
735148 7 48
735163 9 51
735408 7 54
735442 7 61
737712 11 67
737771 11 79
737884 5 39
738026 10 52
738112 8 56
738860 11 57
739051 15 88
739141 6 51
739404 5 29
739734 9 51
741492 10 86
742221 8 41
743152 8 45
743397 17 72
743415 15 77
743633 20 65
743799 16 72
744708 7 41
745391 7 59
745548 9 59
745653 8 67
745929 9 49
746581 15 66
746622 6 38
747060 16 59
747363 10 44
747600 14 61
747615 17 78
747678 13 83
748017 8 69
749280 8 46
749290 8 55
749304 8 51
749836 10 67
750001 11 71
751059 9 61
751131 12 55
751275 10 63
751410 9 78
751928 8 71
753044 8 57
754710 11 63
754755 9 55
755052 14 64
756038 9 45
756045 13 46
756064 6 52
756654 13 50
756758 9 65
756767 10 65
756824 9 40
757378 5 39
757419 3 23
758257 10 54
758437 16 81
759261 8 54
759793 12 54
759867 9 71
760015 15 52
761885 11 71
761965 7 45
761990 8 62
762043 28 54
762064 22 75
762148 11 64
762249 6 46
762342 17 69
762491 10 40
762499 10 35
762567 5 45
763177 13 51
763273 14 102
763360 12 54
763376 12 55
763623 9 70
764226 7 59
764373 11 74
765027 13 69
765034 12 70
765079 9 76
765196 13 77
765482 10 62
765567 8 56
765863 13 70
767309 15 79
768128 11 61
768237 10 52
768610 9 54
769013 18 85
769502 7 54
769600 7 62
769936 9 72
769984 8 60
770509 17 50
771420 11 62
771565 9 51
774139 10 76
774778 14 57
775026 7 49
775392 3 16
775550 10 60
775904 8 70
776057 9 39
776097 10 61
776566 16 51
776636 11 52
776657 12 49
776747 11 48
776913 13 57
776936 11 57
777086 8 58
777565 12 48
778089 5 41
778333 6 54
778591 11 60
778777 14 81
779809 11 85
779853 7 62
780059 7 47
780242 6 51
780372 11 53
780377 13 55
780778 13 60
780790 11 62
781090 11 65
781149 8 64
781160 7 62
781438 7 42
781483 15 75
781488 15 74
781504 16 68
781589 10 78
781718 7 45
782802 13 51
783305 10 50
783677 10 71
783713 8 57
783718 10 58
783767 9 73
783953 11 53
784049 8 45
784061 8 48
784199 7 58
784323 17 70
784354 17 72
784371 16 61
784385 13 64
784415 12 54
784430 9 46
784448 7 31
784517 12 60
784601 10 62
784637 7 48
784649 9 70
784685 14 70
784706 9 63
784712 8 59
784787 9 66
784808 11 65
784817 9 72
784844 8 66
784850 9 80
784862 11 76
784874 8 66
784976 7 59
785039 9 81
785057 8 72
785087 9 74
785102 9 70
785108 9 70
785195 8 72
785204 9 73
785231 10 69
785237 10 56
785252 11 56
785282 12 50
785294 10 58
785306 10 60
785312 10 62
785442 9 68
785459 13 77
785573 12 59
785645 9 63
785744 10 83
785855 10 50
785948 9 80
785981 8 62
785987 8 66
786008 16 76
786020 17 77
786026 14 63
786032 12 69
786128 8 72
786188 6 45
786221 6 52
786233 9 59
786248 10 50
786371 7 62
786389 8 36
786416 11 42
786422 8 46
786434 9 48
786467 7 43
786512 8 68
786518 10 70
786659 15 52
786773 10 69
786782 9 69
786857 9 54
786875 11 67
786953 9 72
787028 9 68
787037 10 63
787052 10 59
787190 11 62
787196 13 66
787220 9 65
787229 12 82
787262 12 65
787304 10 55
787310 6 52
787469 7 55
787541 10 65
787703 10 87
787820 8 64
787919 6 44
788207 11 69
788652 14 63
788921 13 64
788960 13 64
789125 13 78
789283 13 86
789304 15 67
789633 9 63
790061 9 57
790091 9 56
790115 13 64
790473 15 99
790621 10 46
790736 16 96
790748 15 78
790755 19 99
790761 20 95
790816 23 75
790823 25 69
790880 9 65
791164 9 59
791259 16 78
791596 12 46
791621 13 57
791671 12 63
791697 11 72
791712 11 64
792425 9 50
793361 10 63
793490 12 62
793499 13 62
793507 15 68
793522 11 76
793580 9 71
793774 10 67
793904 10 43
794000 9 46
794043 16 67
794268 24 72
795550 11 61
795626 15 111
795733 7 46
796141 8 34
796205 10 66
796273 9 37
796332 9 46
797223 10 49
797839 13 59
798556 9 61
798964 17 86
798970 17 83
799536 8 26
800205 20 61
800782 20 56
800790 21 58
800796 19 59
801707 18 54
801841 15 67
802069 10 59
802385 7 42
802390 8 43
802544 21 59
804655 15 55
805022 18 58
805048 16 49
805084 15 50
805099 14 47
805105 14 50
805114 12 47
805132 16 65
805162 16 59
805237 21 66
805444 23 51
805483 23 74
806014 20 73
806131 17 57
806326 14 56
806390 18 51
806517 19 41
806751 23 59
806807 16 57
807619 15 38
807634 14 46
807863 13 60
808047 19 67
808250 15 45
808262 15 51
808347 14 37
808359 15 41
808517 14 46
809006 16 58
809143 22 67
809440 17 65
810347 27 58
810443 13 52
810592 32 57
810811 22 52
811638 23 58
811935 13 49
812421 12 67
812502 24 66
812570 13 51
812612 13 63
812793 30 54
812917 23 46
813066 14 38
813136 24 40
814665 22 66
815619 24 53
815781 15 39
815955 26 41
816249 27 63
816534 15 55
816804 14 55
817490 14 35
818285 22 61
818920 24 59
818928 25 60
819203 26 39
819426 28 63
819485 27 43
819661 29 56
820118 25 76
820957 21 52
821256 12 48
821340 26 46
822009 33 52
822139 16 32
822294 25 76
822364 25 71
822459 5 28
822488 11 43
822779 25 57
822897 27 63
823119 17 53
823228 15 72
823479 21 70
823944 28 43
824169 20 45
824367 13 44
824424 29 72
825698 26 52
825815 13 41
825958 27 96
826119 21 47
826257 22 80
826390 11 43
826498 14 55
826870 21 63
827192 26 50
827322 27 59
827468 17 60
827701 35 57
828213 17 51
828432 22 68
828573 12 40
828897 23 48
829135 22 77
829982 18 58
830241 22 57
830322 28 83
830459 25 68
830501 25 56
830615 17 52
830694 20 63
831218 16 52
831480 17 40
831694 19 62
831839 17 51
831963 22 75
832088 24 49
832200 16 58
832304 17 62
832411 14 51
832475 25 82
832712 20 41
832796 27 86
832876 25 64
832883 21 63
833056 16 48
834276 21 68
834322 16 48
834924 16 33
835259 18 35
837133 17 44
837928 18 50
838297 12 56
838399 24 51
838669 26 53
838960 28 77
838978 23 76
839338 30 65
839649 12 27
839654 13 32
841470 21 80
842128 10 60
843010 13 71
843165 16 53
843475 12 58
843487 13 61
843720 14 54
844667 14 60
845199 15 50
845647 13 41
845673 14 41
845729 20 90
845824 14 74
845864 15 45
845981 12 53
846070 15 82
846215 11 43
846567 13 37
847215 19 64
847221 16 58
847239 14 58
847497 12 60
847654 14 58
847690 11 79
848075 20 52
848165 17 66
848205 20 59
848331 15 20
848349 12 22
848444 29 68
848635 13 45
849301 19 58
849349 13 66
849601 30 39
850028 22 42
850116 18 47
850381 27 52
850467 24 33
850777 31 51
850810 40 54
850887 25 37
851085 45 45
851884 14 34
852139 21 29
853890 33 50
854046 37 42
854672 31 51
855538 31 56
855557 30 54
856048 20 43
856084 26 48
856254 16 59
857145 31 59
857404 30 56
857523 15 42
857568 29 45
857624 26 47
857787 40 47
858001 22 39
858027 27 54
858079 43 58
858114 43 50
858269 29 53
858800 37 42
858887 34 64
858895 29 54
858929 33 39
859397 21 43
860248 27 48
861104 35 48
861173 30 50
861224 34 50
861495 10 29
861533 22 48
861686 36 48
861788 27 49
861917 23 48
862238 27 37
862370 44 54
862568 21 63
862586 18 56
862763 25 56
863072 26 58
863129 22 56
864008 17 72
864110 24 71
864233 14 43
864983 38 46
865703 29 46
866174 33 58
866183 35 55
866462 33 45
866759 35 36
866915 28 53
866990 21 51
867135 20 43
867324 13 37
868052 42 59
868262 29 51
868472 34 54
869064 26 43
869542 30 45
869956 38 51
870239 30 41
870364 36 38
870469 32 45
870500 27 49
870520 34 47
870548 32 53
870670 24 29
870737 32 47
870914 41 44
871023 44 59
871055 39 61
871225 44 60
871724 44 49
871903 29 35
872542 25 44
872737 35 43
873226 41 56
873307 41 52
873519 34 46
873694 38 61
873832 25 39
873988 32 58
874568 21 54
874635 23 86
874738 17 71
874984 18 90
875139 8 60
875284 15 56
875400 16 89
875524 20 54
875570 9 43
875660 12 70
875757 20 87
875815 15 48
876183 23 78
876199 26 83
876574 14 51
877505 19 76
877724 11 75
878317 16 50
878500 11 64
878580 9 73
879681 17 78
879885 15 78
880836 20 56
882137 16 52
883101 12 41
883306 22 66
883470 21 82
883495 30 89
884196 16 60
884310 19 58
884319 16 59
884466 24 59
885160 14 37
885263 20 72
885347 14 76
885656 14 68
886028 16 75
886151 19 73
886265 20 83
886406 15 76
886493 14 60
886715 13 67
886757 15 73
886895 17 55
887237 15 50
887390 18 84
887516 14 71
887584 23 65
887917 21 67
888268 18 56
889514 26 82
889907 19 62
890112 18 86
890813 11 65
891318 15 65
891631 23 93
893291 13 65
893408 10 62
893420 10 61
893867 23 81
894211 17 53
894791 14 64
894832 20 51
895048 25 86
895165 17 60
895358 19 49
895401 22 56
895626 14 73
896054 11 68
896376 14 67
896430 13 84
896595 13 59
896691 19 67
896843 16 46
896934 23 67
896939 23 65
897051 12 50
897362 12 49
897507 24 60
897797 13 71
897848 26 78
898204 18 71
898212 18 74
898269 19 70
898471 21 100
898646 19 86
898745 13 66
899429 22 92
900260 15 52
900444 19 73
900529 16 50
900892 11 52
900915 15 54
900991 23 63
901069 14 73
901119 19 53
901433 22 70
901690 21 64
902073 16 79
902167 16 70
902441 18 61
902532 11 55
903132 11 50
903250 14 64
903297 21 81
903339 20 90
903396 21 86
904256 20 61
904287 26 77
904822 30 71
904860 33 79
904895 20 54
905258 7 48
905560 12 55
905804 22 88
906132 16 65
906474 24 76
906671 14 61
906707 12 59
907207 12 76
907279 12 79
907375 10 69
908125 16 56
908365 10 59
908530 25 84
909154 16 64
909304 15 74
909318 11 71
909385 12 88
909511 11 66
912334 9 61
914540 20 71
914648 23 74
914774 23 77
914822 10 60
915874 15 65
915896 13 56
916063 25 107
916190 10 55
916239 12 74
916248 12 72
916750 15 82
916969 14 71
917084 12 50
917288 18 64
917601 14 55
917609 14 61
917627 11 48
917680 5 29
917853 23 69
918033 17 51
918162 14 62
918345 9 51
918450 19 69
919008 19 90
919017 17 82
919183 15 72
919395 43 74
919837 33 66
920087 34 44
920705 30 66
920826 30 41
920870 23 54
921049 37 63
921358 29 52
921393 29 49
921411 27 63
921430 27 61
921563 36 42
921953 32 64
921988 37 80
922645 28 33
922973 27 46
923191 37 69
923218 35 64
923356 19 45
923404 26 41
923674 31 71
924522 20 59
924760 14 48
924798 20 59
924805 20 56
924829 29 63
925169 34 75
925190 39 76
925205 39 78
925538 18 67
925754 27 66
925773 24 52
925803 24 45
926423 22 59
926499 30 58
926507 30 57
926522 29 51
926951 19 61
926958 20 62
926978 24 73
927048 30 69
927119 26 82
927506 27 73
927974 20 55
929677 9 48
929713 8 38
930194 25 52
930320 30 73
930424 18 44
931347 19 70
933212 15 45
933613 17 58
933624 20 59
933794 31 52
933915 30 56
933963 25 49
934089 32 62
934152 30 63
935010 29 44
935198 36 64
935316 19 43
935554 19 39
935608 11 43
936276 21 50
936453 36 84
936628 30 61
936711 42 64
936843 25 45
937743 30 77
937906 25 62
938382 25 48
938447 31 60
938523 30 71
938937 24 45
939522 22 51
939631 35 62
939678 42 70
940173 21 76
940721 24 59
940750 32 70
941332 33 68
941450 26 76
941917 20 58
942253 28 53
942314 28 64
942346 22 68
942406 19 59
942411 18 50
942426 13 36
942445 15 45
942466 14 40
942471 18 41
942956 8 49
943040 16 47
943307 16 60
943466 28 68
943526 21 66
943545 26 69
943603 31 61
943636 32 57
943711 24 54
943737 23 42
943940 28 49
944070 15 48
944091 14 54
944418 24 50
946402 23 64
946495 22 55
947674 33 69
947824 23 55
947875 27 68
948010 29 63
948183 34 61
948332 27 71
948528 29 69
948822 26 76
949173 27 59
949435 31 53
950376 23 48
950553 22 41
950607 19 42
950637 19 33
950766 24 64
950780 25 62
950955 34 61
951963 16 69
951997 16 62
952060 29 62
952588 36 59
952902 26 45
954722 34 56
955768 20 40
957041 34 70
958506 41 78
958862 30 77
960916 34 63
961223 29 44
962000 29 90
962276 29 51
962321 26 64
962346 26 52
962464 28 71
962486 35 76
962659 13 36
962984 32 76
963047 31 92
963143 19 69
963171 23 71
963227 17 62
963814 16 40
963822 21 47
964470 35 70
964629 38 63
964866 42 89
964890 47 96
964944 24 59
965148 34 121
966027 36 62
966186 19 45
967443 41 23
967748 37 21
967813 44 14
967998 33 29
968082 62 33
968139 69 44
968289 50 42
968385 80 37
969218 75 47
969368 64 45
969674 60 45
969960 49 26
970364 47 29
971279 51 39
971541 61 42
971688 55 37
971979 38 27
972237 55 43
972621 57 32
972790 33 33
973346 42 31
973362 42 40
973463 35 36
973789 29 55
973931 34 44
974441 39 51
974448 37 50
974537 35 50
974810 28 53
974912 33 45
974945 31 37
975116 33 57
975618 28 56
975960 41 31
975970 51 32
976501 50 62
976534 32 49
976633 34 55
976747 32 57
977438 38 57
978285 38 41
978451 31 58
978608 58 39
978931 37 43
979123 37 54
980725 28 50
981159 23 45
981195 26 52
981515 34 54
981765 30 35
981912 40 61
981939 40 57
982051 37 60
982485 23 56
983588 38 62
983816 31 66
983855 42 70
984421 53 80
984846 37 53
985349 47 39
985694 57 51
986273 33 30
986614 38 18
986688 15 52
987046 40 81
987085 46 74
987238 24 64
987289 36 68
987337 21 46
987428 23 61
987670 21 69
987744 32 82
987779 32 72
987799 31 74
988423 15 38
989103 29 92
989493 33 74
989566 19 58
989727 18 65
989763 25 61
989881 30 85
990011 21 60
990151 20 41
990203 25 82
990242 34 134
990282 26 98
990421 21 69
990426 22 66
990519 11 51
990820 20 48
991107 33 42
991653 38 83
991694 31 55
991837 32 65
991921 23 90
992056 26 65
992162 26 71
992258 13 48
992347 23 74
992563 22 63
992874 30 79
993055 19 54
993552 24 74
993963 36 104
994093 23 74
994343 34 73
994370 28 78
994514 28 64
994811 37 83
994872 46 73
994898 35 68
996290 57 61
996414 58 46
996569 55 45
997912 40 35
998025 50 32
998508 48 55
998805 48 29
999558 35 44
999708 53 44
999725 48 47
999996 46 41
1000518 68 46
1000588 53 44
1000621 42 41
1000684 49 37
1000732 35 37
1001728 65 53
1001766 57 48
1002613 64 60
1002916 58 47
1002937 57 56
1003150 37 22
1003417 54 37
1003530 59 62
1003606 46 47
1003994 40 52
1004143 56 56
1004340 44 51
1004620 47 51
1004743 51 78
1005497 47 27
1006114 56 42
1007533 51 50
1007716 67 48
1007836 53 53
1007866 47 34
1007985 39 36
1008118 59 49
1008257 56 45
1009868 30 40
1009993 70 66
1010268 49 60
1010293 50 56
1010338 55 47
1010527 52 39
1010728 40 29
1011013 27 23
1011622 45 39
1011632 57 43
1011887 51 37
1012492 46 69
1012791 61 59
1013020 53 44
1013553 41 34
1013706 60 53
1013736 56 40
1013758 51 52
1013808 35 46
1014061 48 50
1014095 55 43
1014142 54 37
1014202 51 47
1014482 49 31
1014758 39 29
1014990 49 36
1015809 56 49
1016025 46 62
1016411 69 61
1016451 63 47
1016642 50 40
1016657 47 43
1016945 40 34
1017082 50 35
1017245 37 87
1017379 17 70
1017633 31 64
1017718 14 54
1018203 24 51
1018288 22 54
1018523 34 83
1018555 24 75
1018575 24 74
1018669 34 84
1018697 27 79
1018705 27 75
1018903 26 80
1019288 26 61
1019390 29 50
1019717 37 62
1020428 29 63
1020629 20 43
1020961 20 63
1020988 14 101
1021006 15 95
1021029 14 84
1021043 11 99
1021086 20 86
1021097 38 85
1021121 46 93
1021130 26 90
1021144 26 73
1021162 17 60
1021173 18 46
1021185 28 39
1021662 13 87
1021726 30 69
1021789 11 80
1021937 13 88
1022751 4 33
1022856 38 58
1023286 6 25
1023293 6 31
1024110 5 33
1024167 12 37
1024185 9 41
1024283 11 27
1024365 6 45
1024431 10 86
1024458 19 62
1024606 28 67
1024617 37 64
1024625 40 62
1024676 28 61
1024697 12 60
1025897 11 77
1026083 5 45
1026134 8 59
1026181 10 82
1026195 10 88
1026341 29 64
1026407 9 72
1026436 9 69
1026456 11 76
1026506 7 49
1026560 11 71
