376 14 42
428 7 56
451 6 47
12052 33 80
12063 56 58
12135 15 65
12179 34 71
12280 10 57
12328 14 54
12387 155 52
12398 184 66
12412 158 57
12503 26 76
12538 5 44
12596 38 45
12680 17 79
13408 14 43
13431 13 61
13544 30 75
13615 56 48
13843 9 41
13924 18 69
13944 12 56
13958 12 69
25469 10 74
26207 45 62
26687 26 87
26766 41 63
26778 42 69
26792 35 68
26803 42 68
27189 9 51
27198 11 54
27301 13 56
27486 3 19
27531 4 31
27552 9 41
27615 20 43
27627 24 42
27735 6 37
27768 21 48
27942 21 29
27954 22 44
28007 14 75
28163 10 45
28230 21 59
28421 21 69
28472 8 51
28533 15 65
28570 32 68
28692 11 32
29262 39 58
29288 39 48
29296 33 47
29311 37 54
29372 47 92
29413 51 82
29454 33 55
29537 20 35
29603 22 53
29777 34 60
30033 64 60
30054 78 55
30117 16 97
30213 11 90
30229 14 73
30234 14 71
30502 29 69
30618 21 64
30759 31 55
30774 32 68
30858 23 65
30915 28 78
31085 28 54
31128 36 49
31197 37 58
31214 40 71
31287 45 81
31434 29 51
31531 37 98
31656 31 60
31853 25 71
31896 21 62
32070 12 51
32082 7 58
32346 28 77
32405 34 65
32430 35 87
32465 26 70
32505 28 56
32532 28 57
32619 21 46
32678 27 45
32815 22 51
32828 26 41
32840 25 42
32853 29 48
32902 26 62
32985 41 67
32998 32 47
33016 39 79
33051 44 71
33214 27 61
33253 41 66
33345 31 53
33395 29 45
33422 31 46
33443 25 37
33746 30 66
33976 26 74
34260 39 62
34351 24 47
34554 28 70
34589 18 42
34608 21 40
34614 29 43
34645 29 41
35151 30 56
35754 39 89
36192 29 48
36639 50 104
36709 48 70
36773 29 55
36831 34 56
36939 23 56
37077 49 78
37090 45 72
37391 32 64
37424 26 76
37446 31 78
37474 30 72
37647 34 58
37801 32 59
38100 36 57
38148 15 55
38783 32 63
38853 25 63
38900 38 71
38928 39 62
39218 40 61
39824 18 65
39832 18 71
39853 20 81
40209 33 76
40362 20 57
40474 19 78
40513 22 84
40532 19 87
40615 22 63
40648 21 65
40698 16 58
40787 16 72
40914 20 80
40923 15 76
40934 16 64
41004 25 65
41269 30 72
41555 33 113
41612 25 81
41644 25 91
41739 20 65
42092 16 60
42179 19 84
42263 24 91
42537 30 46
42880 29 56
43031 41 54
43051 41 50
43134 45 82
43217 39 60
43289 39 45
43309 30 44
43320 28 41
43457 34 63
43578 33 55
43659 29 42
44009 26 45
44203 24 32
45090 34 68
45161 27 50
45350 35 68
45485 23 54
45515 26 55
45543 43 74
45551 41 71
45807 38 64
47174 27 70
47186 25 71
47406 38 73
47714 39 64
48635 23 54
49082 25 63
50984 32 45
51056 14 40
53032 34 54
53243 38 56
54051 42 63
54078 51 91
54871 25 57
55321 27 57
55943 39 34
56245 25 30
56290 31 39
56385 36 51
56468 29 54
56813 29 65
57079 36 39
57273 40 54
57454 39 70
57566 37 57
57597 43 69
59193 27 46
59302 33 64
59407 36 59
59635 33 38
60089 21 47
60227 36 49
60251 44 49
60738 25 32
60785 32 47
60864 37 58
60992 39 33
61025 27 23
61070 35 33
61103 34 34
61155 7 10
62673 59 68
62727 37 54
63000 32 52
64073 35 56
64245 26 28
64251 26 30
65007 47 67
65192 33 60
65264 32 43
65361 35 56
66125 44 64
66180 25 44
66282 45 58
66297 49 61
66315 51 61
66519 46 61
66559 54 65
66571 49 59
66989 33 59
67391 38 48
67580 43 66
68015 35 68
68054 35 55
68111 36 40
68173 43 52
69371 26 51
69554 40 72
69566 38 72
69743 20 34
69867 50 70
69953 58 54
70399 34 39
70406 34 37
70858 21 43
71090 24 37
71127 26 56
71235 61 56
71410 39 47
72284 47 65
72559 50 75
72586 50 76
72688 31 38
72784 43 58
73704 39 51
74474 34 52
75656 18 33
75674 28 31
75930 24 61
76089 42 40
76316 28 60
76340 35 42
76376 41 58
76436 40 43
76637 48 51
76670 48 45
76757 45 59
76904 20 47
76931 30 51
77339 40 42
77379 45 62
77618 40 56
77656 43 64
77681 24 63
77739 45 61
78083 40 54
78158 53 73
78171 46 65
78287 37 61
78314 36 68
78392 40 52
78657 44 66
78885 35 56
79207 34 60
79405 32 62
79623 28 50
79675 28 47
80517 19 48
80965 30 24
81412 78 31
81702 65 26
82260 86 33
82267 89 28
82446 48 20
82503 55 20
82625 80 31
82689 40 28
82778 44 14
82944 63 28
83168 56 29
83598 70 36
83628 74 37
83637 72 34
83947 61 24
83958 63 22
84000 61 22
84252 71 16
84411 68 13
84478 65 8
84596 65 18
84696 69 17
84758 80 29
85138 84 33
85312 73 16
85450 70 27
85497 67 28
85513 52 21
85588 64 23
85870 71 23
85960 48 12
85998 64 23
86110 91 23
86566 70 22
87895 51 23
87923 56 27
87977 78 34
88002 59 23
88022 64 19
88039 53 16
88086 59 18
88123 74 25
88162 85 31
88304 57 19
88414 64 23
89259 57 26
89541 51 14
89598 42 25
89619 55 29
89801 61 13
90183 85 35
90905 49 16
91030 77 22
91399 66 19
91513 82 20
91519 82 21
91600 78 24
91879 74 20
92013 55 30
92113 70 27
92162 59 33
92204 60 34
92287 62 23
92397 64 24
92490 65 29
92518 65 31
92572 52 19
92577 63 24
92624 73 32
92740 75 38
92747 70 32
93620 63 23
93853 55 21
94032 43 29
94046 61 32
94094 75 29
94099 81 32
94112 100 34
94139 91 35
94662 59 12
95656 57 23
96992 66 32
97391 56 20
97458 54 22
97692 67 21
97754 62 27
97812 65 25
97885 66 19
98015 74 19
98086 57 25
98146 48 16
98212 90 20
98367 57 21
98567 67 22
98590 59 25
98766 49 19
98795 44 18
99119 62 24
99501 72 31
99692 52 26
99737 64 26
99938 67 33
100014 76 30
100331 58 16
100620 82 22
100661 61 27
100818 78 28
101056 78 31
101143 84 29
101276 48 28
101560 64 35
101674 65 30
102049 89 26
104772 77 34
105003 64 17
105496 58 22
106052 63 27
106187 45 21
106197 50 26
106384 78 23
106804 49 17
106843 48 13
106891 65 14
108340 58 17
108418 61 23
108961 55 15
109256 59 26
109392 50 17
109487 50 14
109870 72 24
109976 41 20
110041 44 20
110106 88 33
110557 68 12
111575 55 20
111756 29 67
111789 56 68
111925 32 25
112052 72 30
112226 66 28
112263 76 20
112347 76 25
112400 97 21
113087 70 25
114235 44 13
114422 52 25
114635 59 35
115230 56 16
115610 61 22
115918 75 19
115985 68 18
116004 63 22
116079 56 29
116288 67 23
116571 64 27
116902 53 15
116933 51 11
117026 88 40
117133 103 29
117366 79 35
117395 64 35
117658 57 16
117948 59 15
117953 58 17
118029 61 43
118070 61 43
118241 64 28
118348 59 31
118508 47 39
118591 60 39
118659 47 35
118686 50 38
118729 48 31
119176 65 31
119668 33 19
120259 37 19
120281 39 26
120620 65 40
120649 59 23
120691 51 23
120885 73 37
121293 39 36
121383 37 21
122289 63 42
123390 60 27
123577 46 32
123635 66 18
123644 64 16
123686 57 31
124020 63 19
124054 60 26
124397 44 26
124490 50 24
125099 52 40
125129 68 38
125652 56 23
126546 89 37
126908 64 25
127136 38 28
127170 41 22
127650 44 20
127696 61 42
128015 39 27
128363 66 16
128522 62 32
129683 56 27
130322 46 29
130862 55 32
130947 51 38
131281 53 35
131434 48 28
132353 47 26
132770 83 32
132949 48 24
133231 68 22
133243 58 22
133351 59 13
133441 57 25
133546 63 34
134400 56 47
134660 56 38
134678 57 37
134723 54 29
134768 60 27
134957 37 27
135011 56 27
135495 71 35
135505 65 40
135529 53 28
135581 46 24
135795 50 26
135809 51 20
135939 59 44
136175 47 24
136196 37 15
136726 58 38
137074 39 38
137395 69 38
137413 70 39
138271 47 31
138467 67 37
138833 52 34
138945 47 29
139166 51 27
139704 49 15
140077 48 30
140378 60 29
140401 65 29
140763 65 27
140808 66 23
141235 43 29
141378 57 30
142318 45 17
142584 54 16
142626 51 32
143340 55 31
143958 59 31
144010 68 30
144144 39 34
144448 53 39
145337 54 28
145350 46 26
145434 65 22
145587 68 33
145888 75 28
146303 50 21
146487 43 17
146597 62 31
146753 54 27
146816 54 32
146830 66 34
147345 80 34
147718 75 30
147936 70 38
148560 45 34
148753 32 26
148777 29 34
148784 30 28
148972 56 29
149087 49 22
149100 53 24
149117 64 34
149224 56 32
149942 36 29
150039 66 26
150053 63 28
150069 67 30
150265 68 16
150712 60 21
150718 53 21
151728 51 23
151942 38 27
152251 48 30
152263 45 28
152425 55 25
152572 61 28
152584 57 19
152602 71 26
152683 54 36
153118 31 27
154243 57 37
154462 69 24
154769 68 23
154807 59 29
155257 65 13
155458 59 26
155483 60 24
155732 32 13
156217 70 21
156738 48 21
157070 51 15
157086 47 17
157108 59 21
157308 39 20
157367 57 23
157422 59 23
157462 66 29
157686 50 17
157809 48 16
158388 50 26
158543 70 28
158819 56 19
158835 69 22
158842 62 22
158856 57 21
158895 58 25
158955 57 27
159096 56 11
159327 55 15
159363 57 21
159675 53 24
159757 56 19
159978 62 21
160098 55 9
160485 59 16
160840 79 26
161089 60 18
161095 61 15
161206 51 22
161412 32 17
161743 53 23
162121 60 35
162760 51 15
163338 49 13
163447 56 26
163508 41 18
163751 65 32
163787 57 26
163928 58 25
164376 53 23
164798 57 15
164954 62 21
165043 32 13
165204 54 24
165242 48 19
165324 70 17
165627 48 35
165772 55 22
165841 73 36
165965 60 17
166257 63 30
166322 44 21
166350 58 22
166520 65 20
166636 59 17
167027 54 19
167577 49 25
168000 56 13
168156 62 22
168820 59 25
168951 59 17
169245 48 19
169251 53 22
169322 51 18
169338 43 17
169719 65 26
171036 60 27
171840 51 16
172782 56 20
173065 52 19
173172 43 16
173224 67 26
173421 63 15
173664 71 12
173920 72 19
173932 71 13
174525 67 25
174756 48 22
174986 81 30
175503 66 35
175670 30 15
176343 51 32
176901 67 15
177213 49 21
177984 65 19
178046 63 8
178248 91 24
178287 67 23
178324 48 16
178566 61 30
178944 59 17
179143 51 19
179670 70 14
180556 66 28
180609 49 16
180657 45 21
180975 53 13
181026 49 21
181819 65 16
182041 71 19
182231 49 20
183459 50 12
183905 47 23
184015 47 20
184508 39 24
184542 52 28
184690 61 19
184888 68 28
184966 84 34
185047 46 18
185167 80 36
187371 64 24
189183 47 21
190098 34 12
190217 60 18
190235 58 18
191102 66 18
191135 65 20
191560 55 14
191617 72 32
191679 75 24
191725 52 19
193066 46 22
193156 55 27
193168 69 29
193579 38 10
193633 36 23
193763 49 28
193987 45 37
194043 52 32
194496 61 26
194977 35 26
195740 28 42
197000 38 46
197186 28 29
197719 29 26
197906 29 24
198347 32 44
198405 33 41
198614 37 48
198782 34 53
198980 33 55
199213 33 30
199559 24 32
199588 11 14
199877 26 32
199963 27 41
200114 30 36
200204 37 40
200903 27 39
200993 26 25
201031 36 32
201055 45 51
201225 22 28
201318 21 45
201333 21 46
201408 30 31
201432 22 43
202173 34 61
202262 33 45
202278 33 40
202295 32 36
202954 31 41
203545 35 41
204129 30 53
204161 31 56
204542 26 27
204560 36 36
204635 42 64
204641 32 52
205689 41 37
206017 33 48
206140 27 37
206219 25 47
206458 26 47
208046 34 44
208265 34 51
208271 37 50
208292 35 39
208943 12 15
209987 36 47
210866 24 46
210943 33 38
210956 38 38
211259 43 38
211299 38 35
211464 49 65
211487 53 67
211845 20 44
212608 28 40
212728 35 55
213188 50 28
213229 36 24
213254 40 29
213259 41 27
213559 10 24
213975 57 22
214237 57 20
215435 59 32
216213 49 24
216564 45 34
216574 49 34
216609 72 40
216999 52 28
217089 69 28
217242 40 18
217660 36 22
217839 53 31
217968 71 35
218677 44 23
218828 39 27
218927 40 22
219050 52 31
219137 55 29
219348 38 19
219555 45 34
219606 39 26
219810 50 24
220074 55 32
220659 38 21
220764 56 23
221007 56 35
221687 16 17
221803 36 43
221853 16 35
221875 12 28
221904 8 18
221914 8 18
221919 13 19
222012 13 23
222034 15 37
222105 11 30
222168 24 28
222260 23 29
222352 18 13
222366 17 14
222468 20 20
222484 21 23
222574 22 18
222920 36 27
222985 22 31
222995 27 31
223021 26 33
223026 26 31
223041 29 25
223063 38 23
225095 4 18
225191 2 16
225300 7 25
225332 6 13
228296 2 11
229516 7 23
229554 23 24
229614 13 26
229632 14 19
229748 28 20
230234 45 23
230522 35 15
230786 37 19
230973 48 27
231152 39 27
231224 45 23
231301 37 22
231776 40 19
231815 47 17
232169 61 32
232337 46 33
232347 47 29
232364 58 32
232562 54 32
233295 41 19
233649 46 15
233778 53 14
234215 43 21
234252 38 21
234692 43 22
234758 39 15
234824 36 28
235395 72 32
235410 70 31
235437 37 22
235636 64 21
236055 38 24
236746 13 75
236965 48 28
237123 50 29
237298 45 23
238168 48 26
238246 59 22
239209 57 28
239270 38 23
239788 47 31
239846 41 29
239923 61 29
240178 59 19
240380 64 24
240392 62 22
240440 55 23
240604 68 33
240818 77 33
241732 33 22
242089 79 51
243187 50 23
243250 61 24
243388 57 28
243705 49 27
243937 71 30
244343 52 25
245211 58 21
245355 58 25
245368 48 30
245661 58 34
245730 51 26
246140 60 40
246532 46 19
246984 45 19
247404 38 26
247418 49 31
248108 42 38
248330 67 25
248420 39 24
248439 40 23
248799 49 29
248972 52 38
249083 48 34
249260 50 34
249410 36 20
249533 43 29
249599 61 26
249743 46 20
250335 66 21
250521 58 23
250815 67 25
250895 63 25
250925 62 25
251596 58 24
251659 45 19
251864 60 27
252290 65 20
252429 43 27
252531 103 30
252628 32 17
252745 63 12
253900 66 25
254131 58 17
254343 55 15
254988 52 25
255232 52 27
255286 50 35
256305 46 16
256314 41 15
256430 43 14
256927 44 18
257230 48 19
257528 60 26
257662 54 21
257691 70 24
257697 58 19
258307 38 12
258435 42 17
258901 33 18
259057 59 27
259306 64 21
259642 52 21
259912 52 27
260074 61 27
260126 62 25
260476 59 36
261078 45 28
261117 53 36
261134 49 34
261355 34 16
261439 35 32
261475 58 27
261490 54 30
261622 30 18
263033 48 26
263413 56 20
263527 70 28
264205 48 30
264520 45 31
264530 37 27
264560 34 18
264574 46 22
264596 47 20
264649 49 21
264768 48 14
264901 62 19
265231 32 9
265933 51 23
266089 33 12
266380 35 16
267285 58 19
268549 62 24
268702 50 18
268852 59 16
269026 55 13
269155 66 13
269471 81 24
269793 63 26
270810 48 12
270849 55 10
271034 53 14
271047 62 12
271143 4 25
271435 62 19
271530 90 25
271662 63 22
271751 61 21
271803 57 16
271878 65 19
271939 80 21
272288 58 15
272423 47 13
272429 48 11
272696 43 16
273279 58 13
273284 55 12
273309 27 9
273363 16 8
273378 15 7
273432 39 6
273755 51 18
273822 41 14
274851 46 13
275165 71 10
275326 66 11
275935 35 12
275951 27 9
275958 22 12
275982 34 12
276003 43 11
276046 38 18
276183 14 5
276199 30 11
276449 47 19
277504 49 17
277543 42 17
277826 73 17
278136 67 16
278812 51 33
279171 48 33
279325 38 33
279526 66 37
279640 41 20
279742 54 28
280285 40 26
280648 54 31
280728 43 14
280780 70 27
280849 45 35
281263 36 34
281389 40 29
281725 46 39
281731 45 34
281779 32 24
281785 32 22
281881 44 34
281908 58 40
281971 45 28
282286 42 37
282418 36 15
282655 52 28
282908 57 24
282998 34 24
283238 64 31
283340 46 32
283430 37 17
283749 61 33
284088 41 32
284700 52 25
285075 41 27
285900 45 27
285984 43 33
286296 37 28
286302 36 28
286395 49 28
286653 44 22
286942 55 23
286975 45 28
287043 42 30
287052 36 29
287225 51 48
287391 47 29
287490 49 28
287529 38 33
287763 55 21
287800 59 25
287890 42 24
288145 58 19
288289 30 17
288361 31 23
288943 57 29
289010 57 24
289389 53 14
289410 41 10
289482 44 12
289491 47 11
289500 54 12
289548 61 21
289696 46 15
289783 37 18
289987 50 25
290030 51 19
290199 48 21
290264 62 27
290604 66 18
290661 40 11
290688 40 12
290703 50 16
290721 47 17
291412 61 31
291530 54 31
291654 39 21
292175 49 23
292211 42 20
292863 51 35
292902 45 29
293297 33 22
293461 34 25
293502 54 40
293517 51 37
293560 51 33
293685 37 27
293690 39 30
293739 41 27
294152 36 23
294286 46 34
294340 42 27
294349 42 28
294646 35 27
294790 51 35
295599 26 17
295730 61 33
295945 47 26
296082 45 27
296159 55 29
296460 44 22
297381 53 25
298049 61 27
298067 60 26
298163 56 29
298181 46 30
298295 54 27
298346 74 24
298408 48 23
298707 56 28
298799 34 30
298844 49 18
299354 24 13
299600 34 27
299656 50 16
299714 51 26
299909 52 25
300007 57 14
300052 47 21
300245 56 31
300429 30 31
300526 50 26
300867 47 25
301072 49 26
301115 31 29
301172 32 34
301226 45 28
301249 48 26
301290 50 23
301340 30 21
301368 34 31
301419 53 42
301461 50 35
301493 48 31
301520 38 31
301752 62 37
301768 57 38
301859 40 23
302017 51 19
302068 42 17
302278 49 23
302295 52 24
302345 47 13
303038 59 23
303376 50 16
303873 55 22
304359 42 15
304449 48 24
304460 45 25
304477 42 21
304580 29 6
305562 46 19
305600 49 21
305621 50 25
305626 49 28
305825 29 14
305911 42 16
306270 40 16
306655 54 23
307112 56 18
307211 40 17
307786 37 24
307823 39 19
308058 62 33
308363 39 10
308417 51 24
308426 45 25
308456 48 24
308727 65 22
309542 49 22
309581 48 19
309656 49 23
309734 37 17
309767 50 26
309899 34 16
309992 51 15
310139 36 27
310223 43 21
310253 41 27
310449 69 29
310592 42 22
310960 49 19
311064 46 22
311178 50 18
311204 44 22
311415 46 16
311569 39 16
311693 34 23
312271 38 19
312657 56 19
312774 48 23
312795 49 19
313410 44 24
313466 57 25
313516 49 24
313617 56 19
313920 41 17
314373 60 19
314961 44 30
316272 61 22
317092 54 14
317181 29 15
317316 40 13
317352 40 14
317388 58 15
317774 40 21
318095 52 29
318365 40 16
319843 46 26
319934 45 19
320149 55 19
322046 56 18
322153 53 21
323672 53 25
324662 43 15
324849 41 16
324870 48 21
324879 43 24
324894 46 22
324932 57 23
324947 53 23
325140 38 10
326006 33 29
327334 40 21
327505 38 25
327689 45 18
327741 54 23
327924 50 16
328189 64 20
329155 53 21
329297 56 18
329829 53 26
330309 47 20
330325 46 25
330415 37 21
330737 35 18
332026 38 25
332139 46 21
332560 36 19
332575 39 11
332719 40 31
334621 33 20
335610 41 18
335656 51 26
335760 48 35
336180 24 23
336309 42 21
336528 46 23
336550 61 28
336740 45 16
336804 56 31
336876 41 29
337070 36 18
337503 38 35
337969 40 17
338736 31 22
340408 30 26
340851 50 28
341257 46 15
341695 32 24
341703 36 23
341732 41 24
341743 42 18
341753 42 19
341868 37 30
342038 50 18
342122 36 31
342129 37 27
342170 33 24
342181 34 19
342211 43 24
342938 41 27
343135 40 29
343420 49 38
344285 38 32
344417 36 24
344651 54 18
344698 41 17
345010 26 13
345775 37 21
345783 42 21
345801 45 18
345813 47 22
345831 56 28
345844 52 26
345852 51 24
345915 58 38
346266 48 17
347072 47 18
347192 58 29
347652 17 25
347661 15 25
348563 45 18
348789 37 19
349313 44 31
349323 51 34
349410 29 25
349627 29 24
349762 16 14
350289 45 22
350400 39 21
350502 31 12
350547 33 17
350892 48 24
352113 51 22
352841 55 20
353079 47 21
353639 54 34
354098 58 22
354491 55 22
354725 39 22
354917 30 22
355032 54 23
355168 40 20
355464 34 20
355921 65 26
355987 62 14
356017 54 19
356140 40 24
357010 58 23
357653 35 17
358023 60 24
359139 48 21
359230 34 21
359371 42 26
359491 28 35
359604 34 26
359977 65 29
360139 41 17
360161 52 20
360307 31 14
361087 39 25
361111 41 30
361598 50 26
362363 29 17
362503 30 19
362700 47 26
364585 39 23
364636 51 22
364661 43 17
364792 49 19
365090 34 19
365150 45 21
365384 49 23
365407 49 20
365490 52 18
365526 46 16
366396 35 22
366447 30 13
366702 30 25
367080 45 33
367393 54 27
367425 37 32
368261 59 39
368531 48 24
368815 55 22
369187 64 29
369305 40 19
369335 36 14
369645 55 23
369946 56 18
370210 46 15
370406 48 26
370570 59 28
370621 56 31
370640 55 27
370729 50 15
370891 44 24
371284 33 18
371374 57 35
371427 42 22
371470 32 14
372510 54 28
372559 46 25
372566 65 31
372642 35 20
372841 36 16
373173 42 17
373248 34 21
373297 46 17
373307 36 13
373431 45 16
373467 50 16
373520 45 18
373594 42 14
373606 41 16
373616 47 21
374206 47 25
374324 43 22
374454 47 27
374695 40 19
374780 37 20
374793 23 20
374827 40 29
374942 66 28
375014 33 13
375211 30 11
375614 32 22
375854 42 17
376399 53 35
376556 36 14
376610 43 21
376811 51 30
376832 50 28
376874 44 22
376941 52 29
376994 41 19
377018 46 15
377053 49 19
377110 38 19
377151 35 25
377493 54 35
378256 38 22
378273 40 27
378415 51 22
378514 45 32
378897 23 20
378971 40 28
379086 19 11
380761 23 12
380955 33 18
381319 47 18
381687 38 17
381900 48 17
381972 51 23
381992 55 23
382008 68 31
382600 42 19
382686 49 26
384303 36 17
384396 23 14
384822 24 16
385085 25 21
385448 37 20
385601 42 22
385785 34 16
386026 30 9
386289 30 18
386748 26 16
386878 53 27
387025 24 17
387177 40 24
387233 26 17
387322 53 25
387476 50 25
387578 34 30
387786 57 32
388893 51 30
389296 37 32
389307 32 23
389388 34 20
390056 59 13
390072 38 10
390077 39 12
390192 43 17
390239 52 35
390245 67 46
390506 44 27
390716 39 26
391608 48 30
391726 42 28
392816 34 20
393676 47 32
393698 48 21
394016 54 20
394172 35 30
394268 30 21
394433 49 27
394559 33 13
394691 39 17
395519 49 30
397448 42 22
397845 48 22
397985 39 18
398146 53 26
398640 38 12
398860 21 9
398881 26 11
399012 32 23
399803 31 14
399960 51 32
399972 47 28
400032 40 22
400198 49 25
400284 45 27
400368 37 16
400579 52 25
401449 57 22
401915 36 29
401927 39 27
402008 34 30
402852 47 21
403305 39 25
403537 46 16
403546 45 16
403865 43 24
403876 51 23
403946 63 28
404977 47 19
406613 38 22
407149 42 22
409291 8 63
409515 28 21
409622 41 34
409881 40 31
409890 42 29
411706 47 9
411954 69 15
411996 34 7
412788 43 20
412952 48 25
413235 41 28
414301 32 19
414354 33 16
415007 33 21
415565 49 28
415682 46 23
415808 52 22
415820 55 20
416401 51 26
416698 32 32
416739 45 27
417172 20 16
417310 22 24
418002 34 16
418737 44 28
418790 42 20
418847 37 29
418994 25 16
419099 26 24
419152 40 30
419503 38 28
419691 30 17
419838 42 26
419845 49 27
420746 48 30
420890 35 13
421463 37 23
421553 45 27
421646 39 24
423781 34 37
423830 47 29
424072 48 11
424077 44 11
424110 53 16
424776 50 13
424959 38 11
425122 43 11
425266 63 12
425509 56 14
426066 56 12
426419 58 15
426548 51 17
426590 38 11
426606 47 16
426635 54 18
426656 48 17
426886 49 15
427006 39 12
427989 13 2
428035 25 5
428066 56 5
429118 42 14
429185 67 17
429378 41 14
429387 42 10
430326 37 6
431019 41 5
431654 38 6
432914 67 10
433086 67 10
433091 64 10
433122 61 11
433145 43 11
433254 51 12
433267 54 10
433345 82 9
434104 60 13
434414 50 12
434760 46 1
436355 34 8
436394 34 8
436411 46 7
436418 42 5
436533 58 5
436884 50 8
437070 53 17
437218 44 10
437309 48 13
437531 39 10
437552 37 11
437966 49 10
438623 50 9
438681 73 7
438699 69 11
438848 54 13
439257 68 7
439962 64 11
440541 41 7
440869 53 11
440938 38 10
441370 49 11
441523 63 11
442104 55 12
442844 49 17
443322 54 21
443583 42 20
443949 42 14
444143 61 18
444182 64 21
444408 54 15
444715 53 16
444944 86 14
444968 51 13
445095 38 14
445168 41 12
445522 40 13
445679 49 16
445782 38 13
446335 61 14
447210 49 21
447306 38 14
447444 65 17
447937 49 27
448330 29 16
448901 50 25
448961 50 31
449156 33 17
449213 45 39
450706 40 21
451220 27 19
451499 42 18
451569 35 20
451814 29 16
452117 37 30
452340 42 27
452405 27 18
452507 48 23
452525 48 19
453349 32 21
453550 30 31
453643 52 20
454420 27 25
454426 26 25
454476 35 13
455060 37 30
455084 48 31
455115 40 34
455234 32 25
455567 28 14
455637 35 9
455768 40 15
455888 29 25
455912 21 16
455963 40 24
456245 30 14
456461 32 27
457180 63 27
457773 44 21
458463 30 23
458541 38 23
458823 41 24
459252 37 24
459586 42 23
459666 24 12
459674 26 13
459697 28 13
459807 52 25
459971 46 20
460019 37 20
460171 51 27
460300 42 19
460456 47 24
461194 39 11
461334 45 22
462202 42 21
462421 39 31
462644 38 23
462783 37 16
462979 46 35
463002 52 36
463130 26 25
463488 27 17
463652 58 26
464262 37 13
464320 47 23
464340 30 16
464371 42 33
464399 37 33
464468 47 37
464596 43 22
464748 32 26
464789 28 25
464800 33 31
464818 30 26
465180 43 22
465227 32 18
465290 35 22
465363 33 15
465417 39 29
465503 30 37
465515 31 40
465589 20 11
466322 28 15
466748 33 26
466827 47 29
467147 37 19
467513 43 25
468413 35 16
468608 31 31
469010 43 28
469939 37 19
470142 40 20
470463 48 25
470906 46 23
471224 42 12
471375 41 14
471405 36 18
471827 39 19
471938 46 24
472243 38 26
472411 38 24
472462 26 23
472700 39 22
473170 32 18
473230 33 17
473733 37 12
474593 41 12
474789 50 28
474887 37 32
475067 37 26
476096 29 22
477318 45 18
477389 45 25
478019 50 20
478189 49 26
478343 34 27
479000 40 21
479030 49 23
479051 50 35
479078 47 36
479144 54 21
479210 43 24
479252 37 17
479468 34 19
479555 30 33
479725 31 25
480881 11 14
481464 38 22
481554 36 26
481805 25 26
482125 41 32
482195 35 23
482320 46 28
482334 43 25
482349 44 20
482682 32 29
482821 44 20
482830 45 27
482950 44 19
483004 36 20
483234 38 30
484303 40 37
485568 35 31
485641 19 20
485899 26 29
486250 42 34
486328 19 34
486627 21 26
486697 19 26
486963 31 42
487510 22 25
487516 22 29
487869 31 19
488183 21 16
488749 27 24
488781 22 25
488950 34 37
489038 30 38
489195 39 31
489213 35 29
489627 31 40
489756 13 26
490155 29 40
490302 25 42
490380 26 32
490527 44 36
491000 34 25
491330 34 45
492267 23 27
492850 32 33
493018 20 24
493558 36 36
493654 33 35
493881 31 26
493912 31 23
494232 28 23
494294 27 27
494743 40 35
494900 29 24
495341 39 32
495787 18 21
495937 33 32
497340 42 29
497454 37 16
497585 33 11
497654 40 24
498357 35 24
498823 42 33
499178 61 31
500952 45 23
500973 38 20
501815 46 23
502032 39 27
502335 54 29
502928 43 17
502965 31 24
504928 42 25
505146 51 17
505213 35 14
505690 44 22
505804 53 22
506086 46 25
506162 31 23
506356 35 25
506362 39 29
506851 39 20
508676 34 19
508983 46 13
509170 36 27
509370 37 21
509642 28 21
510180 48 29
510236 41 22
510345 33 18
510402 30 23
510575 29 13
511001 46 18
511750 40 10
511863 36 8
511971 43 19
512372 46 20
512745 19 11
513174 26 16
513182 26 19
513263 47 17
514099 51 10
514995 47 18
515007 39 21
515316 43 28
515775 66 29
515981 34 13
516034 32 8
516335 16 8
516588 31 12
516872 51 16
517411 49 21
517510 40 13
518206 43 18
518413 41 24
518479 37 26
518621 37 7
518778 44 21
518912 23 13
519054 67 18
519207 45 13
519369 51 15
519525 58 16
519633 31 9
519652 41 9
520117 59 18
520459 60 21
520485 58 23
521217 41 16
521516 27 20
521637 36 19
521665 31 17
521694 41 21
521712 32 21
521888 38 35
522023 20 15
522082 36 21
522155 29 22
522194 28 14
522453 31 22
522533 42 16
522672 19 18
522814 47 32
522837 34 22
523676 51 28
523931 44 29
524179 11 10
524585 29 17
525361 30 33
525683 39 21
526083 29 31
526388 24 26
526757 27 21
526763 30 18
526973 36 21
527210 34 35
527222 32 34
527291 22 25
527582 32 17
527639 36 40
527663 29 36
527847 42 41
528080 38 21
528749 34 28
528801 21 28
529380 32 16
529445 36 24
529547 7 38
529859 39 27
531635 44 15
531654 46 15
531737 22 20
531783 30 20
532129 30 22
532604 38 33
532667 34 28
532750 27 22
533014 36 18
533652 39 26
533809 62 47
534435 47 20
534746 49 29
535032 36 10
535224 34 23
535616 33 15
536801 26 32
537917 30 11
538296 21 11
538553 16 16
538576 10 9
538857 16 13
539266 21 24
539347 37 39
539522 36 26
539853 37 31
539862 35 28
540410 25 21
540506 32 38
540557 36 40
541033 30 42
542162 26 37
542303 18 27
543020 29 31
543047 32 35
543311 27 25
543572 38 38
543710 39 51
543722 33 50
544833 44 39
545613 41 35
545905 33 33
546230 35 22
546388 29 27
546713 43 39
546779 34 27
547713 31 19
547862 31 29
548192 29 40
548553 31 40
548578 35 33
548698 37 42
548850 44 36
548859 45 27
548931 42 37
549342 8 65
549459 33 30
549675 22 22
550283 32 30
550498 23 23
551584 10 55
551685 8 39
552293 7 58
552781 13 71
553252 29 22
553318 37 28
553711 29 31
554146 16 21
554368 25 21
555724 15 29
555773 11 22
555876 26 24
555989 18 26
557023 21 35
557065 23 45
558415 18 37
559238 38 24
560848 40 30
560962 25 27
561139 25 39
561431 37 29
561545 25 25
561705 25 25
561956 21 31
562825 39 50
563125 33 27
563596 26 36
563974 35 28
564026 29 26
564037 38 29
564318 18 33
564726 19 29
565566 28 35
565692 27 32
565822 39 39
565925 32 26
565946 38 33
565994 32 41
566987 22 38
567119 27 37
567497 24 36
567536 25 28
567581 24 31
567724 45 46
567744 32 32
568051 38 44
569715 25 43
570130 31 30
570382 21 30
571156 24 39
571207 32 52
571903 27 28
572488 32 60
572625 23 39
572856 35 42
572890 31 28
572954 31 40
573394 15 34
573412 25 39
573423 37 34
573549 27 18
573745 38 22
573811 35 27
574112 27 32
574124 29 25
574468 39 32
574520 43 28
574634 27 29
574654 26 21
574773 21 17
574832 37 31
574878 32 23
574915 31 29
575139 30 25
575239 20 20
576016 28 25
578917 3 22
579031 8 10
579112 9 11
579208 17 22
579214 19 24
579563 31 24
579691 24 17
580099 37 31
580438 34 21
580892 32 21
581296 27 22
582037 37 25
582055 40 26
582628 29 27
582718 37 30
583044 21 26
583480 26 18
583499 30 21
584113 33 31
584521 37 26
584586 39 19
584818 38 23
584988 34 16
585392 39 28
585754 25 29
585811 18 26
586186 36 20
586215 45 30
587431 35 21
587437 33 24
587639 25 28
587801 22 30
588127 38 22
588364 48 17
588440 17 21
588581 53 31
588767 34 29
589884 39 32
589911 32 26
590814 18 32
590957 36 27
591245 30 23
591330 28 42
592287 40 26
592509 33 20
593460 33 21
593613 42 25
594039 22 27
594536 37 32
594602 42 43
594697 41 20
594713 43 37
594813 26 24
595035 36 25
595443 38 24
595521 23 20
595931 41 28
596003 31 10
596151 38 23
596179 28 22
596297 43 22
596769 34 27
596852 37 33
596872 36 28
596892 42 29
596926 32 24
596972 21 22
596979 21 19
597034 37 20
597060 37 22
597179 30 19
597185 33 17
597371 46 23
598027 37 18
598354 32 19
598366 40 21
598565 27 13
598780 33 19
598816 32 19
598920 45 23
598981 35 25
599061 42 26
599295 45 28
599373 35 34
599382 40 34
599441 36 26
599654 30 35
599680 31 33
599975 31 18
600108 32 37
600198 35 21
600688 43 25
601277 37 25
601410 33 17
602030 35 36
602094 37 20
602159 53 13
602350 34 25
602446 50 21
602454 47 16
602490 41 25
602521 37 15
602689 47 25
602787 56 19
602888 38 20
603062 38 15
603268 43 29
603449 37 20
603474 37 24
604316 31 29
605394 31 20
606529 35 21
606919 38 34
607010 42 23
607162 34 23
607441 62 30
607795 43 21
608113 40 25
608242 34 19
608575 28 9
610318 26 15
612094 29 13
612775 34 18
612955 30 12
613015 50 33
613071 35 31
613254 48 40
613271 43 37
613287 48 36
613405 27 17
613434 32 22
613463 42 28
613498 30 24
613666 33 22
613804 30 36
614680 44 26
614832 41 28
614886 42 32
614903 51 31
614920 49 28
614930 41 21
614944 36 15
614963 38 21
615013 33 24
615056 31 17
615071 26 23
615083 29 21
615104 32 24
615167 71 36
615283 42 20
615326 36 20
615335 33 18
615366 34 21
615383 39 18
615400 34 20
615408 32 19
615432 30 17
615453 28 25
615467 35 32
615507 37 30
615513 36 33
615521 32 26
615532 39 29
615570 25 25
615599 33 14
615693 33 25
615715 43 26
615770 36 27
615834 26 20
615901 31 20
615942 35 25
615967 35 31
616128 49 36
616188 27 27
616279 33 30
616641 26 15
616686 43 22
616719 41 26
616758 40 23
616797 39 19
617068 37 29
617742 49 26
618516 38 17
618792 45 23
619146 55 23
619290 38 16
619455 56 29
619464 53 23
619521 45 18
619528 47 20
619986 29 22
620037 28 25
620163 48 24
620197 42 24
620385 36 27
620596 32 25
620627 31 19
620637 11 14
620687 28 20
620731 40 21
620936 42 25
620968 35 18
621664 40 21
621754 28 20
622869 43 31
622915 28 25
623022 40 16
624461 47 25
624541 40 28
624773 35 18
625206 50 24
625583 38 19
625623 38 30
625763 31 19
625916 32 27
626788 53 28
626923 25 18
627439 36 24
627493 48 25
627517 51 22
627733 30 24
627781 36 29
627960 46 23
628204 27 20
628402 35 30
628510 42 18
628536 38 28
628936 37 28
629117 35 29
629384 24 22
629396 29 24
629473 35 26
629944 51 48
629957 50 47
630092 33 13
630722 28 16
630824 31 27
631095 30 20
631274 35 23
631361 43 33
631850 44 39
631950 58 27
631975 53 28
632042 25 15
632380 42 24
632904 39 22
633776 37 32
633824 23 18
633866 21 19
633976 15 17
634142 41 22
634202 34 19
634541 34 16
634613 37 25
634622 35 24
634717 34 19
634847 48 31
634879 44 29
634913 44 37
635072 30 19
635234 35 25
635268 37 19
635273 39 19
635357 33 18
635430 42 41
635461 38 42
635644 27 18
635671 30 25
635696 42 31
635773 41 29
635873 45 30
636015 43 42
636097 31 26
636278 35 22
636332 45 23
636402 32 20
637107 40 29
637452 21 18
637577 39 24
637586 41 28
637656 33 27
637716 38 21
638348 55 21
638394 47 17
638795 43 25
639227 42 15
639232 39 15
639658 49 20
640165 50 17
640454 54 26
640652 50 32
640685 37 28
640906 40 36
641065 48 32
641080 38 30
641410 30 29
641572 31 18
641584 34 24
641668 45 38
642256 47 28
642508 22 24
642664 27 23
642694 38 24
643020 26 11
643113 34 34
643450 31 29
643875 46 26
644192 42 23
644519 43 18
644917 36 11
645079 47 16
646033 39 9
646162 35 19
646557 51 26
646686 38 20
647091 43 20
647175 38 24
647325 46 11
647664 38 17
647961 41 12
648108 45 19
649340 37 20
649742 40 10
649817 40 25
649847 48 23
650090 44 11
650250 52 19
650813 14 34
650849 18 40
650924 24 40
651044 20 37
651150 23 43
651179 26 42
651212 28 50
651218 29 55
651527 23 39
651581 21 41
651675 18 41
651698 29 56
651707 30 54
651800 22 39
651869 18 48
651876 21 50
651932 23 56
652184 30 37
652379 30 51
652940 25 41
653059 14 41
653095 16 37
653249 22 32
653279 17 31
653336 15 25
653825 8 28
653898 16 37
654147 24 40
654195 19 46
656160 25 30
656281 25 33
657316 22 56
657364 23 69
657376 16 40
657664 21 48
658119 6 26
658245 9 42
658256 8 40
658328 16 44
658401 16 37
659784 10 31
660036 9 41
660069 16 28
660280 9 49
660288 14 47
660313 16 46
660364 7 41
660392 10 59
660499 17 54
660533 10 49
660568 12 40
660602 23 35
660621 19 42
660686 16 47
660915 20 44
661271 21 42
661496 13 41
661852 13 53
662344 13 36
662414 17 35
662449 22 27
663053 20 61
663319 7 21
663330 8 25
663930 8 36
663947 11 36
664100 23 62
664268 18 45
664286 20 55
664402 19 51
664409 21 56
664968 12 32
665525 18 50
665807 25 66
665870 27 49
665966 24 46
666215 20 44
666264 14 54
666306 16 30
666630 4 10
666730 16 33
667066 11 36
667103 18 62
667120 18 62
667170 11 47
667455 19 38
667740 17 39
667995 18 59
668070 13 54
668215 19 55
668268 19 71
668584 21 41
668644 18 30
668926 20 38
669098 13 31
669131 16 49
669437 17 42
669474 16 40
669592 16 30
669845 20 39
669860 22 55
670021 20 37
670118 20 47
670176 21 47
670352 27 60
670522 25 42
670820 17 54
670931 13 29
671080 18 49
671126 20 35
671243 9 23
671510 13 45
671532 19 38
671568 19 40
671717 13 41
671827 9 17
671863 13 34
671962 22 60
671968 23 65
671995 13 48
672400 18 36
672890 26 39
672994 22 38
673069 21 50
673157 27 42
673162 25 39
673367 21 43
673823 23 45
673845 21 46
673878 23 52
673938 17 48
674491 17 48
674668 16 45
674919 18 53
675658 22 41
676785 8 33
677068 19 50
677200 17 24
677569 24 54
678717 19 44
679335 17 48
679673 22 40
680418 23 29
680754 26 47
680781 20 41
681626 24 74
681701 12 29
682295 19 31
682946 19 35
683379 13 33
683385 11 36
684006 13 49
684029 19 55
684189 16 44
684222 14 33
684575 14 32
684592 16 35
684708 18 32
685466 16 32
685502 17 45
685781 25 35
686081 22 58
687152 19 46
687257 22 50
687368 19 37
687838 22 47
687899 17 26
687918 27 33
688598 22 40
688942 23 33
689161 31 39
689654 19 27
689759 19 61
689784 19 53
689994 20 41
690081 27 47
690926 22 27
691011 13 51
691092 25 43
691651 15 35
691704 23 48
691731 24 56
691983 15 53
692112 24 44
692134 18 46
692181 17 40
692286 20 41
692511 29 36
692718 15 46
692841 18 39
692923 21 57
693327 27 41
693405 20 30
693768 22 48
693860 14 29
693903 31 66
693973 30 43
694029 26 31
694133 11 29
694340 11 29
695182 22 43
695398 17 49
695462 17 55
695689 22 54
695729 25 48
695837 26 36
695903 15 28
696593 20 49
696876 19 48
697056 20 37
697066 21 41
697195 20 39
697213 19 42
697245 12 32
697290 16 46
697389 9 39
697422 16 34
697447 16 38
697552 13 39
697690 13 52
698001 20 56
698055 18 47
698061 16 48
698336 25 60
698350 22 59
698438 12 30
698477 16 22
698512 20 31
698563 24 37
698751 19 30
699212 19 42
699242 20 48
699321 25 48
699784 17 61
700556 17 52
700773 13 56
701000 25 70
701037 17 64
701101 9 37
702280 24 39
702536 21 41
702761 21 61
703767 24 52
704111 22 56
705349 18 30
706133 15 27
706313 18 47
706387 14 50
706690 17 52
706780 20 49
706894 16 53
707200 20 48
707320 15 46
707903 16 78
708071 18 50
708147 9 32
708930 19 52
709050 25 50
710245 14 43
710723 11 45
710815 23 41
710863 16 25
712109 8 27
712331 6 18
712617 9 34
712955 27 58
713309 27 34
714974 17 44
715064 14 30
715339 14 45
715460 10 37
715535 13 35
715757 17 46
715931 19 43
715939 18 32
716015 20 57
716359 20 49
716408 17 50
716846 14 43
717309 10 48
717780 17 42
718620 14 31
719095 14 45
719220 19 46
719716 14 33
720138 18 57
720255 14 29
720502 15 48
721099 15 43
721309 12 44
721331 16 52
721498 20 45
721969 15 47
722031 18 48
722344 26 45
722491 20 44
722593 26 71
722872 22 52
722890 17 47
723016 32 50
723100 20 50
723159 25 52
723569 15 42
724027 14 31
724526 14 39
725069 18 50
726755 15 38
727022 16 24
727522 24 33
727947 19 21
728110 20 30
728873 15 51
729641 9 33
729695 16 30
729983 15 44
730526 18 47
730950 23 60
731226 18 40
732129 14 59
732749 16 51
732833 21 49
733226 16 41
733571 18 66
734250 22 56
734489 18 42
734844 6 17
735160 24 41
735196 14 49
735381 16 44
735543 19 65
735654 17 62
735673 15 65
735687 13 59
736050 7 16
736116 6 29
736136 12 55
736617 20 39
736680 20 43
736814 12 34
737018 19 45
737273 22 45
737365 18 27
737403 21 32
737411 22 28
737444 16 30
737519 22 28
737735 31 47
737870 19 46
737944 21 51
738104 22 38
738154 21 30
738212 28 32
738236 30 34
738279 30 44
738318 17 42
738578 37 48
738878 27 25
739107 25 46
739719 26 39
740095 20 36
740143 25 51
740644 18 31
740692 27 36
740905 38 41
740956 25 27
742493 24 36
742519 26 31
742664 23 27
742941 34 54
743141 19 58
743728 41 44
743822 14 41
744404 31 43
744512 14 28
744595 18 37
744612 15 30
744666 25 51
746126 16 38
746446 21 42
746784 30 49
746814 22 56
747196 19 44
747448 28 53
747523 26 56
748378 29 52
748560 26 55
748773 23 49
748803 20 43
748877 30 36
749050 9 20
749132 7 25
749182 20 24
749317 24 36
749431 24 29
749438 25 29
749609 37 49
749704 24 34
749848 14 35
750448 29 42
750775 22 41
751104 14 32
752735 38 20
752841 49 20
752859 51 17
753063 55 23
753152 56 19
753363 66 21
753522 40 17
754244 43 22
754464 58 30
755782 35 17
755865 53 24
755871 55 24
755950 48 13
756067 44 19
756094 62 23
756102 59 22
756359 51 16
756577 47 14
756588 59 17
756732 53 20
756787 53 15
756865 34 19
757251 56 8
757296 57 12
757305 54 13
757310 39 9
757325 36 8
757347 46 6
757354 44 7
757400 50 8
757487 57 8
757496 61 12
757624 52 10
758947 26 11
758962 41 12
759754 45 15
759815 34 13
760206 32 25
760253 27 17
760497 63 21
760512 54 24
760538 45 22
760622 36 17
760667 48 32
760778 37 26
760838 28 19
761676 36 19
762071 41 36
762194 46 36
762452 47 35
762885 35 28
763241 55 35
763658 37 28
763689 33 27
763905 55 30
764228 39 19
764946 57 44
765823 49 22
766546 39 18
766815 51 34
766944 38 13
766966 38 10
767203 36 28
768345 44 23
768362 50 23
768512 50 29
768534 48 27
768580 28 20
768735 49 21
769146 48 20
769284 31 23
769306 39 25
769329 44 30
769518 31 28
769561 43 30
769664 42 28
769719 26 18
770153 47 23
770563 33 29
770600 26 41
771646 26 25
772396 46 30
772689 38 22
772724 47 29
773486 39 22
777486 42 33
777621 46 25
778019 44 32
778501 37 35
778571 48 35
778594 48 36
779072 53 36
779165 53 37
779183 56 36
779299 30 31
779552 42 41
779603 44 33
780172 36 35
780185 30 35
780933 42 30
781768 45 35
781984 59 39
782432 48 24
783502 41 38
784172 42 38
785025 33 23
785035 40 30
785082 39 23
785761 39 32
785980 42 23
786076 34 28
786214 34 27
787503 31 26
787727 43 37
788143 48 35
788197 45 38
788217 50 34
788765 39 36
788834 42 28
789458 38 27
790137 51 40
791397 40 27
792041 39 32
792064 41 34
793122 30 24
793496 39 35
793575 44 26
793929 51 29
794178 45 21
794274 60 39
794510 58 22
794625 57 33
794653 53 35
795034 40 26
795732 41 28
796332 22 13
796581 43 20
797303 50 36
797531 28 24
797961 28 24
798055 60 31
798469 46 33
798490 43 30
798651 67 45
798660 66 44
800046 41 30
800269 40 34
800327 48 33
801067 33 30
801439 27 25
801581 49 43
801666 37 19
801671 37 17
801708 19 22
802133 37 21
802532 45 23
803206 40 32
803464 17 27
803792 34 10
804173 32 22
804818 29 38
805083 43 28
805245 40 30
806454 37 24
806611 46 29
806824 38 34
807232 38 32
807301 54 34
807448 32 21
807571 42 33
807745 19 22
808028 38 21
808785 45 28
808831 67 31
809003 21 32
809092 56 30
809150 38 34
809197 39 36
809494 49 30
809690 45 34
809710 40 22
809890 42 22
809987 44 27
810215 39 36
810336 33 21
810435 35 30
810560 38 24
810624 40 31
810669 43 31
810705 49 37
810921 48 34
811398 30 15
811571 33 23
811636 31 26
811665 48 40
812035 32 23
812062 51 41
812433 19 49
812448 40 31
812457 10 67
812681 35 19
813374 31 13
813783 46 44
814056 52 42
814125 45 31
814433 52 47
814673 52 31
814885 44 23
814917 47 30
815812 47 37
816007 38 28
816100 47 24
816763 25 27
817132 36 16
818401 41 27
818518 38 49
818590 38 20
818608 41 27
818689 31 25
820287 24 13
821700 36 16
821714 31 14
822056 33 12
822082 26 15
822096 26 20
822113 34 26
822128 38 27
822144 40 23
822284 24 31
822624 29 20
823383 38 16
823849 31 21
824216 42 30
824248 37 24
824454 59 24
824923 38 28
825264 43 19
825295 50 17
826017 64 29
826177 54 26
826200 49 23
826725 61 27
827117 74 30
827163 61 25
827435 63 21
827558 61 20
827637 60 31
827706 45 26
828051 54 19
828490 50 33
828911 55 25
829254 64 22
829425 62 27
829627 55 9
829654 52 7
829780 52 26
830191 65 31
830259 63 29
831821 42 38
832201 43 32
832666 50 15
832673 57 17
832878 48 18
833258 65 22
833366 64 15
833698 64 18
835407 52 24
837574 82 28
837777 44 16
838025 42 13
838258 68 31
838348 38 15
838462 53 26
838517 65 33
838894 59 29
838918 50 27
838993 62 21
839320 57 16
839808 64 16
840009 31 9
840289 55 16
841194 61 9
841901 66 22
842134 55 19
842200 66 17
842493 54 18
842538 65 25
843065 70 13
843634 44 17
843807 39 16
843950 41 15
844006 27 16
844088 41 13
844095 32 13
844310 72 15
844442 65 25
844631 46 9
845341 83 13
845387 60 16
845461 54 13
846686 66 22
846952 54 24
848442 76 19
848449 73 18
848696 65 21
849098 78 26
849408 64 21
849769 39 9
849921 47 13
850244 70 17
850921 61 25
851076 47 12
851250 67 17
851358 47 20
851409 60 35
852121 71 12
852132 67 15
852273 67 21
852996 71 18
854016 70 32
855823 55 13
855887 46 14
855951 45 16
855974 46 14
856176 46 12
856606 45 19
859124 62 16
859243 76 19
860089 48 28
860166 61 16
860683 67 31
860848 37 15
861066 78 27
861271 40 16
861379 53 18
862060 59 17
862126 59 23
862147 62 19
862684 67 24
862828 43 23
862942 50 16
862961 55 20
863038 54 19
863363 43 18
863566 57 17
863593 54 12
863611 55 11
863803 38 18
866220 15 2
866664 74 22
866861 44 17
866868 48 15
867028 65 12
867088 56 18
867207 54 10
867301 53 12
867316 66 16
867398 61 18
870124 84 21
870158 82 22
870171 74 22
870285 44 15
870513 56 9
870550 52 7
870564 58 9
871522 38 10
872325 44 8
872986 71 14
873252 76 11
873710 62 11
873736 69 15
873745 77 12
874348 47 18
874438 69 14
874468 66 14
874831 61 19
875047 62 13
875101 71 17
875176 58 14
875191 50 13
875236 54 22
875701 52 12
876046 68 18
876796 68 17
877597 57 13
878247 61 10
878475 66 17
878781 48 9
879396 51 14
879630 65 21
879720 49 9
880419 70 20
880662 81 13
880771 53 5
881331 69 7
881757 35 15
882318 62 14
882751 66 9
883075 57 12
883674 48 18
883753 54 16
884679 53 17
885239 36 8
886087 5 39
886332 60 14
886615 52 14
887014 64 21
887176 95 16
887622 43 9
887715 79 24
888915 48 15
889296 71 28
890733 53 14
891929 57 15
892891 60 18
893354 15 6
893707 45 19
894626 48 17
895674 60 31
896008 72 19
896305 48 22
896655 53 26
896865 45 19
897031 71 17
897055 77 15
897525 22 5
897792 53 11
898187 51 15
898749 54 13
899386 51 12
899402 50 17
901120 55 33
901516 81 37
901562 47 23
901739 55 21
901812 60 12
901997 59 30
902145 39 20
902175 49 19
903534 62 21
903779 70 28
903809 65 26
904802 62 47
904833 69 51
904868 56 37
905011 47 43
905130 54 37
905262 51 26
905962 62 22
906048 50 20
906210 69 24
906993 54 22
908259 61 27
908697 73 16
909501 52 23
909729 52 25
910631 74 24
911048 70 20
911611 60 17
911725 48 10
911915 56 18
912345 85 17
912444 49 14
912585 77 19
912933 56 17
913083 71 25
913209 52 22
913467 53 21
913558 51 20
913611 59 19
913646 54 20
913947 59 15
914136 58 18
914719 30 11
915070 36 24
915309 61 16
916230 58 16
916581 61 21
916758 60 13
916779 53 16
917325 66 18
917562 80 13
918079 50 13
918336 69 21
918672 64 27
919407 53 17
919914 47 15
920588 71 20
920719 58 20
920737 65 18
920831 65 14
920850 63 13
921519 71 13
921597 70 19
921917 75 12
922103 68 14
922571 99 14
922598 73 10
922622 85 13
922646 59 12
922775 87 15
923330 56 14
924056 64 14
924150 62 9
925106 74 10
925436 71 17
925672 66 17
925707 55 17
926036 81 17
926057 88 17
926135 87 14
926171 75 9
926192 75 12
926273 72 17
926942 72 7
927074 85 17
927269 83 17
927374 67 11
927637 82 22
928102 81 14
928321 56 11
928346 67 16
928385 75 17
928567 62 19
929196 62 10
930606 70 13
930765 70 7
930867 68 13
930879 64 11
930969 87 17
931071 66 14
931123 55 9
931326 85 16
931365 85 15
931482 57 9
931803 52 15
932410 73 13
933875 37 22
934327 56 14
934870 45 33
934924 35 34
935473 43 32
935667 52 32
936277 63 34
936457 64 41
936532 77 37
936868 60 31
937297 49 29
937564 52 26
938356 52 23
938413 38 18
938633 60 28
938666 61 26
938672 61 26
938683 62 22
938730 56 24
938759 52 32
938817 53 37
938825 43 33
939169 39 29
939231 76 44
939252 83 32
939321 51 21
939533 64 14
939597 58 44
939606 48 47
940633 49 32
940923 64 48
941164 43 25
941197 60 39
941427 52 35
941499 63 51
941710 42 43
941805 37 39
942139 61 50
942255 54 44
942501 69 29
942859 44 31
942938 45 11
943014 62 36
943076 46 35
943396 26 35
943674 53 38
944295 48 42
944339 44 59
944750 54 53
944810 54 34
947266 68 70
947397 31 34
947569 35 42
947585 29 45
948019 30 35
948038 39 36
948590 36 29
949330 5 45
949562 16 75
949753 8 52
949777 10 62
950635 43 52
951017 46 48
952616 38 44
955357 36 68
955452 46 55
955630 45 53
955785 44 45
955907 29 51
956528 28 36
957303 27 22
957570 26 27
957651 42 55
957662 38 56
957669 36 54
957717 50 50
957772 39 48
957921 44 45
958174 40 64
958222 42 62
958450 35 38
958541 45 65
958550 40 49
958574 67 45
958588 64 47
958633 43 40
958743 26 43
958872 38 44
959004 13 112
959019 17 102
959053 27 42
959062 18 41
959099 31 37
959119 20 29
959149 21 74
959171 36 90
959208 36 117
959364 53 42
959369 58 37
959416 75 51
959423 66 47
959433 28 96
959445 29 97
959454 41 89
959458 29 86
959620 47 46
959779 36 37
959801 38 40
960196 41 28
960248 28 11
960348 28 22
960889 32 38
961352 24 35
961522 41 48
961615 31 45
961676 18 30
962134 40 52
962184 48 57
962841 39 52
962917 27 42
962943 34 34
963018 27 53
963071 52 55
963130 41 53
963160 49 62
963186 45 60
963289 26 32
963475 35 48
963568 49 46
964069 40 44
964472 44 34
964763 58 50
966033 41 40
966332 53 56
966340 49 54
966820 40 32
967717 24 33
967949 44 49
968253 28 33
968304 28 38
968844 45 41
969261 45 43
969435 55 45
969617 24 38
970024 35 44
970336 45 63
970414 24 50
970465 32 56
971359 30 41
972263 30 52
972317 46 46
972537 16 21
972785 18 25
973545 49 41
973907 35 34
973990 57 45
974059 67 46
974084 55 52
974090 52 53
974165 47 48
974238 37 57
974296 50 54
974612 51 70
974618 50 65
974666 56 58
974792 36 49
975005 45 44
975125 43 65
976589 45 65
976676 36 36
977936 37 37
978061 31 48
978412 40 44
979508 40 44
979668 42 44
979715 46 54
979774 39 48
980125 35 56
980969 43 65
981104 47 64
981128 45 56
981510 36 48
981822 38 56
982294 47 61
982836 41 53
983335 44 45
983553 42 43
983916 16 18
984027 45 47
984338 37 66
984364 30 53
984454 45 49
985033 49 43
985043 49 44
985585 35 27
986041 49 41
986183 45 41
986241 41 44
986304 30 26
986340 31 32
986351 28 33
986385 37 50
986627 44 55
986831 36 51
986905 44 41
987020 27 32
987257 19 24
987592 39 41
987743 40 52
988232 49 42
988462 43 41
988710 52 57
988886 33 55
989183 48 41
989312 31 33
989444 45 48
990484 36 56
991084 41 62
991105 52 65
991312 32 50
991363 40 48
991463 30 53
991876 37 56
992356 35 48
993008 41 48
993047 43 46
993053 37 48
993078 28 35
993097 35 48
993262 45 52
995180 26 46
995931 43 53
996128 57 52
996648 46 49
996870 67 70
997431 54 56
997451 47 40
998426 31 55
998906 44 44
998933 47 54
999089 48 58
999107 48 56
999362 34 44
999539 59 56
999659 37 37
999965 38 44
1000430 37 59
1000438 39 62
1000512 52 47
1000624 40 54
1000636 31 49
1001724 48 62
1001730 44 57
1001773 54 53
1002151 44 70
1002232 26 30
1002527 24 19
1002536 23 26
1002557 17 22
1002735 38 49
1002752 32 46
1002799 24 24
1003398 45 39
1003541 53 51
1003569 57 53
1003605 35 38
1003693 50 48
1003753 43 51
1003857 45 34
1003879 44 35
1004203 28 53
1004257 56 75
1004338 49 52
1004581 36 48
1005337 42 38
1006235 36 47
1006360 41 39
1006379 40 43
1006519 36 52
1008118 46 55
1008139 38 53
1008181 30 51
1008544 40 55
1008698 50 44
1008744 59 68
1008959 40 44
1009810 39 59
1010890 40 45
1012024 41 52
1012271 23 28
1013888 40 47
1014627 34 40
1014664 21 35
1014789 43 51
1015041 41 50
1015071 48 49
1015149 47 69
1016251 32 50
1017098 66 83
1017170 37 38
1017260 31 38
1017294 54 54
1017824 25 56
1017910 48 74
1018130 45 50
1018223 35 49
1018238 38 36
1018252 40 29
1018604 34 43
1018726 35 38
1019006 54 50
1019030 52 47
1019102 52 62
1019354 24 28
1019934 58 50
1020084 29 56
1020105 27 48
1020416 37 64
1020509 38 77
1020571 33 71
1020717 54 68
1020943 37 46
1021236 32 39
1021248 40 43
1021462 39 42
1022259 46 37
1022505 33 46
1022513 33 47
1023406 30 59
1023484 35 64
1023757 37 60
1023982 37 41
1024010 41 44
1024903 40 53
1025209 25 43
1025797 33 67
1026422 44 49
1026528 35 54
1026701 42 57
1026765 45 69
1027243 35 59
1027268 35 67
1027523 43 57
1027609 35 37
1027946 41 48
1028014 39 60
1028054 39 61
1028074 41 61
1028090 30 54
1028246 43 51
1028296 43 49
1028470 51 89
1028501 35 117
1028513 38 67
1028675 27 37
1029373 21 36
1029818 45 72
1030463 56 44
1030496 53 43
1030598 47 38
1030854 46 39
1030893 59 52
1031079 60 47
1031090 49 38
1031429 44 20
1031463 42 29
1031665 62 42
1031766 42 24
1031777 39 25
1032513 53 41
1033179 50 41
1033434 49 39
1033944 43 32
1033994 68 58
1034118 39 33
1034165 47 32
1034217 66 37
1034592 38 32
1035348 51 41
1035489 60 40
1035737 36 18
1036077 61 67
1036116 66 61
1036144 61 60
1036176 42 36
1036200 50 34
1036271 28 32
1036280 39 38
1036294 36 33
1036394 72 68
1036406 65 61
1036482 43 57
1036489 46 57
1036496 41 55
1036527 22 27
1036629 58 46
1036846 52 40
1036962 51 65
1037072 49 50
1037198 33 29
1037245 69 43
1037361 56 40
1037404 56 37
1037463 41 50
1037687 36 28
1037695 30 28
1037744 67 36
1037914 44 49
1037919 46 58
1037994 68 49
1038090 47 34
1038377 60 52
1038462 44 40
1038668 52 32
1039100 38 47
1039305 58 35
1039334 48 32
1039544 48 39
1039758 46 46
1039778 60 43
1040264 34 46
1040302 48 40
1040329 49 35
1040387 78 56
1040638 50 36
1040680 53 41
1040885 32 63
1040898 36 58
1040937 49 66
1041191 40 63
1041218 33 66
1041234 35 71
1041538 38 63
1041712 35 53
1041904 15 58
1041920 15 52
1041926 15 51
1041950 16 48
1042020 19 42
1044131 17 47
1044244 12 59
1044252 18 58
1044340 28 53
1044393 26 51
1044432 29 69
1044466 39 68
1044480 34 61
1044495 36 65
1044509 34 60
1044551 45 66
1044557 39 59
1044576 41 70
1044655 50 73
1044719 37 53
1044823 42 67
1044854 42 60
1044883 44 59
1044915 45 67
1045053 39 59
1045422 45 78
1045431 44 85
1045896 39 56
1046061 29 46
1046173 30 70
1046259 26 61
1046324 25 59
1046489 54 64
1046725 42 65
1046731 42 67
1047047 37 76
1047059 34 71
1047113 35 50
1047151 32 56
1047226 31 55
1047474 39 63
1047495 27 40
1047876 39 55
1048840 23 42
1048856 6 38
1050292 15 34
1050332 32 44
1050347 42 48
1050352 45 49
1050361 48 56
1050373 30 56
1050424 19 73
1050436 17 84
1050442 14 71
1051307 40 51
1051518 55 63
1052247 45 64
1052313 26 46
1052903 59 87
1052966 34 58
1053025 24 42
1053420 45 63
1053809 43 74
1053823 37 75
1054708 36 79
1054994 46 75
1055023 39 72
1055085 35 48
1055407 32 63
1055430 20 41
1055520 36 47
1055698 31 54
1056493 12 32
1057336 88 65
1058467 33 60
1058503 11 56
1058530 7 63
1058584 12 48
1058680 11 44
1058989 7 27
1060054 22 29
1060484 10 32
1060493 14 34
1060523 9 54
1060568 18 36
1060644 7 35
1060699 8 66
1062361 8 38
1062518 35 64
1062580 43 72
1062795 9 75
1062801 35 49
1063395 2 10
1063571 21 32
1063668 12 46
1063734 19 33
1063835 6 49
1063935 2 11
1064042 3 11
1064990 16 30
1065014 25 41
1065036 25 41
1067141 19 13
1067225 63 48
1067389 43 25
1067440 103 53
1067516 90 78
1067528 76 67
1067644 45 46
1067671 25 96
1072220 5 37
