394 3 8
421 5 15
432 7 15
462 10 13
636 8 42
654 11 48
803 7 46
935 8 30
955 8 36
978 10 44
986 13 56
1055 18 40
1061 8 44
1171 6 31
1177 6 39
1273 11 20
1299 18 29
1520 5 19
1545 12 27
1624 33 52
1646 35 50
1658 51 47
1819 7 25
1883 23 16
1916 45 23
1990 25 23
2062 31 26
2103 16 43
3060 65 33
3099 56 26
3371 62 27
3385 97 38
3599 76 24
3828 79 31
3913 61 13
3977 65 20
4020 81 29
4057 61 30
4196 47 24
4756 73 27
5326 84 23
5761 76 19
5864 85 22
7410 70 22
8629 90 29
8644 76 24
8654 94 31
8676 85 29
8686 87 30
8696 81 27
8753 77 29
8918 76 35
8950 80 34
9353 83 35
9470 77 27
9546 65 28
9652 95 39
9773 70 16
9791 60 12
10310 93 31
10625 82 26
10736 63 25
11057 69 15
11398 56 21
12349 96 23
12388 99 28
12397 104 24
12532 78 16
13216 54 33
13499 62 42
14101 90 39
15000 71 40
15079 57 24
15850 69 41
15973 50 38
15997 48 47
16003 46 48
16394 57 35
16569 73 52
16986 53 30
17802 49 38
18305 50 23
18411 58 20
19229 64 30
19268 63 31
19291 68 42
19340 70 49
19706 70 52
20308 41 31
20836 69 25
21045 52 37
22044 61 35
22614 64 34
22711 66 37
23361 58 16
23430 70 40
23688 74 38
23814 77 33
24273 61 33
25250 62 29
25776 81 33
25820 85 30
26774 66 39
27012 59 36
27618 77 29
28420 56 34
28502 52 21
28766 42 26
29443 51 28
29470 58 32
30324 53 36
30842 72 37
32182 55 29
32511 70 28
32563 40 24
32643 51 27
32711 67 37
32754 46 27
32787 51 23
32971 69 38
33278 62 34
33320 56 33
33410 57 28
33743 59 30
33914 61 44
34104 63 31
34714 84 35
34753 63 19
35864 53 27
36498 58 22
36692 56 30
36791 56 37
37291 73 39
37299 74 42
37499 63 26
37604 60 37
38658 60 35
38700 67 24
39408 56 34
39499 84 43
39618 44 25
39711 73 38
40566 51 31
40706 59 30
41024 62 30
41155 71 42
41182 58 29
41350 79 36
41510 63 38
41783 68 24
41918 79 21
42077 62 21
42098 63 18
42133 73 14
43565 58 20
43718 105 37
44054 59 17
44406 46 13
45188 71 26
45206 73 26
45230 59 27
45320 60 20
45509 68 19
45514 66 18
45564 41 25
45629 71 35
45930 66 27
46006 51 21
46022 46 17
46083 57 30
46332 68 26
46357 64 26
46585 70 33
47156 70 16
47168 82 14
47249 73 17
47273 75 21
47891 62 14
47950 61 20
48134 55 13
48211 69 21
48230 72 20
48316 64 32
48365 41 13
48492 70 26
48505 71 29
48521 69 25
49179 66 20
49256 56 18
49266 46 19
49773 55 17
50048 49 23
50175 75 23
50231 61 20
50454 52 12
50484 60 18
50766 54 14
50912 87 27
50957 66 17
51012 32 14
51103 52 17
51122 52 27
52427 50 25
52460 69 31
52627 67 22
52720 89 22
53161 60 20
53499 40 10
53952 62 28
54705 76 24
54874 100 33
55103 57 21
55212 69 17
55437 70 24
55830 66 26
55847 51 19
55916 52 22
56346 79 25
56424 48 18
57191 57 16
57197 54 18
57256 63 22
57278 59 20
57314 53 21
57536 50 19
57764 80 20
57818 71 26
57965 63 21
59247 41 35
60748 93 43
61268 74 30
61576 71 38
61681 54 24
62087 65 32
62264 50 23
62363 65 20
62376 59 24
62436 54 29
62703 53 19
62749 35 18
62789 32 19
63321 63 23
63630 62 19
63637 69 19
63701 63 27
63827 85 36
63840 86 39
63974 61 21
64058 76 35
64175 47 36
64467 66 36
64576 55 23
64842 61 27
65209 45 24
65441 52 34
65971 48 27
66326 71 24
66516 71 23
66932 57 18
66980 66 30
67118 45 30
67295 74 30
67673 57 24
67874 62 25
67925 79 39
67946 67 45
68789 78 40
69113 52 15
69693 68 38
69810 37 14
69894 55 33
69981 64 37
70563 53 29
70611 76 30
70899 71 34
70920 73 28
71194 61 25
71199 51 23
71484 68 31
71707 57 22
71972 57 31
72112 57 24
72160 58 17
72557 65 36
72657 43 21
72675 52 23
72803 65 39
72924 53 19
73091 53 29
73124 50 22
73336 44 29
73388 44 22
73455 67 30
73601 58 32
74002 76 32
74042 62 21
74375 61 27
74391 67 24
74439 66 28
74461 53 24
74528 55 30
74555 49 25
74586 55 28
74626 58 35
74631 56 32
74646 46 20
74898 64 30
75081 60 20
75249 56 15
75345 87 21
75551 61 19
75741 50 22
76489 72 27
76643 61 23
77035 62 34
77149 72 43
77806 50 32
77854 54 37
77965 69 42
78082 51 18
78227 58 34
78413 82 32
78538 42 17
78642 56 18
78856 73 29
78911 65 24
80073 43 27
80854 50 27
80890 42 25
81088 67 35
81190 72 34
81457 73 25
81642 61 28
81733 52 31
81941 52 19
81983 54 21
82082 75 29
82207 54 32
82244 53 23
82280 54 25
82338 64 35
82541 45 20
82729 56 39
82916 100 44
82934 59 29
83114 67 26
83431 68 34
84483 62 30
84499 65 29
84872 89 35
84920 70 32
85230 53 22
85654 55 18
85772 60 29
85868 46 20
86115 52 38
86155 65 39
86210 64 24
86290 58 30
86671 44 22
88126 41 25
88584 54 29
88861 46 16
89197 56 19
89523 42 19
89968 60 28
90304 76 22
90405 72 18
90638 65 23
91526 45 19
92126 65 28
92953 66 31
93582 55 27
94223 60 30
94316 80 40
94694 56 28
94848 61 37
95191 54 24
95250 72 30
96109 48 31
96558 64 46
96609 69 45
96723 45 30
96744 46 33
96861 62 29
96909 75 31
97194 56 27
97392 69 30
97434 51 35
97746 62 26
97773 58 25
97848 75 32
98922 47 29
99149 33 19
99155 32 20
99965 74 36
100045 61 36
100081 59 36
100843 44 28
101032 69 37
101270 71 35
101362 59 36
101380 42 45
101722 55 39
101881 79 46
101887 73 46
101980 55 37
102004 58 40
102596 43 50
102933 62 38
102946 62 38
103427 45 29
103539 40 20
103878 56 38
103887 46 32
104355 49 35
104677 53 40
104706 35 33
104715 42 32
104747 39 26
104883 59 36
105445 38 39
106509 61 43
106558 47 33
106696 53 35
107130 40 27
107784 52 36
108116 61 34
108340 42 23
108446 51 37
108461 49 34
108488 57 41
108953 52 45
109280 53 32
109466 72 46
110608 42 33
110761 43 28
110965 52 32
111358 50 47
111607 53 45
111706 45 33
111754 40 40
111760 44 42
111823 42 29
112300 57 37
113328 52 35
113540 62 47
113736 32 25
114065 50 36
114096 51 45
114121 47 48
114277 51 42
114499 82 34
115412 65 31
115721 43 29
115753 34 33
116159 58 36
116257 48 36
116300 51 37
116334 41 35
116443 39 30
116480 52 40
116614 45 37
116628 43 30
116839 67 40
116856 71 42
116980 46 39
117083 49 34
117128 53 44
117516 53 29
117670 48 39
118497 37 28
118973 58 38
119354 48 44
119441 45 28
119919 52 37
120036 34 35
120159 41 36
120346 63 44
120431 67 42
120553 54 46
121096 26 18
121929 72 46
123015 63 41
123096 48 41
123162 40 28
124120 55 32
124590 39 41
124716 39 21
124737 60 32
124882 32 27
124929 46 30
125385 33 31
125478 45 34
125783 45 33
125906 38 35
126029 47 32
126311 51 32
126615 51 35
126725 48 31
126992 66 43
127014 53 35
127052 62 30
127073 62 39
127088 62 44
127147 42 43
127185 38 32
127216 53 31
127392 43 39
127520 44 27
127535 44 27
127568 54 25
127576 60 27
127618 36 30
127665 56 35
127876 50 35
128521 55 44
128956 31 27
128968 39 31
129346 55 35
129544 41 25
129853 62 37
130131 70 31
130188 57 23
130508 61 21
130539 60 24
130613 45 26
130646 60 32
130697 49 27
130740 49 33
130865 37 24
131138 41 23
131777 68 28
132070 47 23
132136 65 44
132154 60 43
132185 54 31
132355 56 28
132429 67 32
132525 52 22
132540 49 20
132703 59 25
132714 51 24
132803 48 24
132816 44 22
133128 59 22
133134 56 21
133182 45 19
133290 61 23
133314 56 21
133326 49 20
133886 38 23
133910 45 31
134048 56 38
134183 67 37
135117 36 32
135373 40 18
135489 63 36
136030 50 31
136083 55 37
137362 39 35
137472 43 32
137724 41 26
138138 38 22
138558 33 33
138917 39 39
139179 57 37
140790 50 49
142248 40 24
142592 37 16
143414 43 35
143484 32 24
143711 48 31
144547 46 38
144691 35 29
144853 78 33
145009 37 38
145150 40 21
145795 53 36
146149 53 28
146339 49 25
146514 58 29
146843 33 27
146876 30 34
147050 43 26
147704 36 26
148150 48 24
148240 47 39
149023 40 31
149803 52 47
149918 55 39
150121 41 25
150314 48 32
150811 36 23
150859 50 39
150874 52 34
151030 41 43
151105 45 33
151162 45 38
151276 53 48
151810 57 30
151909 40 32
152808 28 31
152872 29 20
153266 30 21
153316 29 16
153496 39 24
153668 52 12
153673 49 16
154039 58 27
154101 42 32
156039 58 33
156339 62 28
156985 33 44
157072 41 57
157207 38 40
157450 39 37
157519 31 33
157936 36 55
158001 38 32
158071 50 48
158256 34 46
158566 45 59
159189 37 51
159231 41 50
159261 39 36
159305 42 31
159689 29 34
159854 30 24
159899 44 45
160799 45 31
161348 34 30
161675 33 34
162683 54 28
162693 61 29
162734 54 17
162769 37 24
162789 35 31
162820 29 34
162847 18 27
162879 38 31
163095 21 22
163146 18 24
163795 17 48
164148 16 57
164255 17 43
164340 20 63
164677 20 65
164875 20 65
165160 20 57
165601 25 45
165767 14 35
165814 14 33
166787 38 32
166898 53 32
166994 17 72
167102 15 51
167245 53 36
167282 51 36
167326 50 30
167366 34 18
167846 31 20
168110 58 29
168329 48 27
168368 39 31
169114 55 32
169291 51 26
169300 46 26
169816 66 42
169885 53 29
169924 40 18
169965 48 30
169991 47 23
170068 73 37
170318 46 28
170566 59 53
170572 48 51
171551 50 31
171682 77 27
172057 67 33
172090 69 34
172203 48 22
172240 38 26
172345 53 29
172438 61 29
172519 38 24
172547 49 25
173008 48 29
173233 44 27
173254 45 24
173309 51 31
173518 64 41
173752 49 30
173991 44 33
174023 18 46
174029 16 46
174035 15 49
174050 41 52
174340 56 32
174472 55 35
174666 45 31
175127 49 29
175398 46 23
175448 48 27
175511 74 33
175650 55 31
175660 38 24
175899 79 46
177124 56 25
177337 49 38
177424 68 30
177812 111 0
177904 89 0
177921 85 0
177985 34 29
178078 53 26
178094 47 34
178099 48 33
178162 33 24
178318 35 31
178394 58 35
178471 40 13
178561 69 41
178669 43 22
178849 88 54
178894 47 37
179008 54 45
179982 65 23
180205 24 13
180273 57 18
180536 35 23
180573 31 21
180629 18 14
180634 21 13
180680 33 15
180717 39 16
180758 41 17
180977 51 27
181061 53 10
181143 50 28
182167 38 30
182434 52 22
183256 45 19
183474 71 34
183759 75 45
183891 36 17
184173 52 16
184207 50 18
184218 54 19
184242 54 18
184923 39 16
186094 57 24
186220 51 33
187124 48 38
187182 59 28
187382 38 25
187629 42 26
188785 36 22
188864 53 34
188869 64 38
188895 60 27
188908 65 28
188919 64 29
189040 40 31
189506 57 32
190007 55 25
190012 55 23
190840 65 28
191042 56 20
191209 60 22
191345 53 27
191521 29 21
191633 30 19
191929 46 25
192318 35 23
192552 39 30
193167 40 31
193293 76 18
193474 56 20
193512 52 17
193665 54 21
193851 50 17
194097 52 18
194106 45 12
194201 52 17
194529 59 16
195070 54 17
195639 59 19
195803 60 14
196137 41 23
196344 45 16
196582 41 15
197133 62 21
197387 84 18
197549 76 15
197824 56 21
198026 65 21
198390 74 23
198776 59 29
198879 58 22
199667 47 11
199766 65 16
199806 33 7
200018 44 27
200073 44 12
200697 47 26
200775 59 24
201138 45 20
201234 63 24
201252 58 23
201333 54 24
201541 71 28
201652 38 16
201948 46 40
202332 44 25
203233 70 42
203745 38 37
203795 56 39
204274 53 35
204337 33 31
204380 35 29
205018 40 41
206752 53 31
207029 65 38
207621 40 28
207822 39 35
207834 43 34
208019 38 32
208198 27 26
208342 56 37
208467 34 20
208561 46 26
208618 51 34
208707 56 33
208722 47 24
208739 49 30
208848 44 32
209357 38 26
209843 55 43
210512 54 32
212155 58 34
212185 36 24
212422 49 48
212577 58 31
213203 55 26
213318 51 26
213572 35 30
214027 44 35
214044 41 31
214142 39 22
214369 56 22
215407 54 36
215468 43 27
215783 34 47
216965 59 30
217154 37 17
217242 31 27
217272 31 28
217280 31 28
217442 26 8
217523 31 21
217659 57 24
219051 36 23
219189 38 23
219467 39 25
220111 78 41
220239 44 23
220516 44 32
221576 19 11
221699 31 24
221754 33 42
222169 47 20
222355 40 33
222511 46 34
222562 49 15
223011 41 27
223084 50 27
223218 46 42
223660 42 29
224221 49 24
224293 42 14
224601 44 22
225479 62 30
225530 64 32
226233 40 34
226403 36 19
226627 33 25
226985 55 19
228198 53 33
228301 32 23
228798 54 19
229134 58 22
230003 49 27
231986 37 38
233120 57 24
233330 46 25
233851 35 28
233870 42 33
234233 31 13
234255 17 9
234360 48 24
234541 31 5
236124 44 22
236168 43 12
236415 36 24
236586 60 23
237051 37 19
237556 48 20
238692 51 26
238983 33 17
240812 43 16
240934 57 33
241479 58 24
241588 48 34
241693 45 23
241883 36 30
242226 48 31
242823 51 23
245201 61 23
245268 46 39
245412 26 21
245520 63 35
245580 55 19
245741 7 27
245769 27 16
246084 34 25
246470 50 18
248184 43 19
248599 54 31
249452 55 20
251095 57 20
251243 41 22
254091 66 19
254840 56 17
255755 39 11
256610 39 14
256714 61 20
257240 47 15
257356 60 21
258163 51 11
258394 43 18
258400 41 17
258537 62 21
258567 50 23
258977 37 5
259071 57 15
259286 55 12
259791 56 34
259919 67 20
261207 51 26
261560 63 21
261684 50 13
262116 47 9
262503 49 19
262910 44 13
263110 47 13
264648 34 15
265088 41 25
265138 64 16
265719 42 21
265838 63 24
265860 73 22
266222 51 18
266479 55 21
266580 56 18
266886 57 12
267009 44 32
267048 44 21
267060 47 20
267069 44 17
267075 46 14
267133 41 12
267759 41 24
267848 35 13
267971 57 22
268040 46 18
268094 69 23
268562 48 16
268646 24 12
268730 41 18
269129 66 19
269405 77 32
269414 66 31
269513 45 11
269765 44 21
270266 41 14
270728 54 16
270845 55 17
272682 52 15
274508 58 22
276764 55 13
276797 53 22
277974 60 14
278581 19 30
279058 25 44
279217 22 34
281430 27 55
281918 18 39
282427 26 44
282604 25 32
284758 25 38
285564 29 42
285946 29 34
286123 29 45
286352 39 51
286483 16 36
286555 31 34
286678 28 39
287317 19 31
287536 44 41
289653 22 28
289689 29 36
289762 30 33
289819 28 54
290027 25 27
290047 27 36
290172 38 48
290782 21 48
290798 21 39
290984 24 54
291384 28 21
291435 20 26
291629 34 43
291692 37 35
291791 27 41
291814 33 44
291902 38 37
291936 37 45
292054 11 15
292076 23 26
292120 30 32
292200 45 48
292278 17 40
292293 18 31
292808 14 20
292855 30 45
292967 21 39
293317 23 38
293443 33 38
293488 36 47
294636 40 43
294642 38 45
294848 30 24
295149 21 37
295331 39 45
295444 16 29
295524 30 40
295552 28 34
295605 22 33
295622 24 42
295659 24 48
296551 32 42
296567 29 47
296812 50 59
297404 24 56
297414 25 52
297448 29 48
298117 29 54
298659 24 31
298914 10 20
299055 40 58
299364 31 47
299741 45 55
300280 28 35
300303 31 37
300338 33 37
300382 30 30
300472 19 25
300512 19 44
300541 23 41
300711 25 34
300776 25 37
301086 18 52
301488 29 43
301650 19 43
301659 18 41
301959 27 39
302337 37 52
302399 34 49
302798 34 46
302914 25 49
302924 24 39
303500 28 47
303651 29 27
303692 32 46
303729 26 35
304057 22 37
304111 23 45
304153 23 34
304159 24 32
304208 22 40
304245 14 38
304267 18 37
304307 32 41
304383 16 45
304389 18 45
304489 38 48
304513 31 40
305305 29 28
305362 29 40
305506 27 36
305906 27 35
306459 26 57
306467 22 52
307189 35 42
307225 26 40
307347 28 51
309627 20 38
310953 27 43
311982 23 45
312022 25 58
313004 24 60
313392 19 41
314080 38 50
314672 23 31
314767 39 61
314800 33 47
314832 24 45
315106 34 37
315135 28 37
315873 32 47
316044 20 40
316206 41 49
316321 32 46
316462 25 41
316485 25 52
316608 21 45
316800 22 47
316821 29 55
316967 23 23
317076 21 34
317196 27 35
317815 29 50
318142 30 31
318154 28 37
318520 28 41
318888 23 34
319030 35 48
319233 26 36
319252 32 37
319704 29 44
319975 20 42
320109 18 23
320118 15 23
320276 23 39
320284 19 39
321170 24 42
321212 27 56
321366 20 40
321422 34 52
321467 31 44
321473 28 49
321767 26 65
322175 16 38
323100 21 39
323282 14 27
323295 26 44
323511 20 34
324287 25 32
324798 30 37
326634 16 42
326721 29 52
326745 34 60
326853 27 45
326967 21 41
327016 28 46
327154 26 49
327342 20 43
327352 19 40
327445 16 32
327553 33 45
327568 33 42
327688 30 24
327843 30 47
327881 34 45
328621 22 37
328651 20 43
328773 24 34
328789 20 37
328900 22 24
329122 15 25
329199 21 33
329438 13 29
329779 27 56
330077 32 57
330178 16 31
330243 16 29
330286 27 41
330493 17 41
330649 23 50
331512 22 28
331671 29 34
331793 17 41
332153 22 38
332604 30 50
332713 25 41
333436 25 38
333479 23 30
333860 35 41
334320 22 35
334370 23 40
334669 20 43
335115 25 42
335328 22 40
337002 25 25
337150 30 27
338037 31 42
338181 17 49
338189 24 50
338214 25 35
338636 33 42
339231 25 29
339285 33 38
339309 43 46
339390 15 31
339405 15 29
339616 32 35
339751 34 60
340086 30 60
340311 22 41
340353 20 32
340515 28 37
341066 20 34
341334 36 46
341342 32 50
341795 31 38
341826 39 29
341903 39 52
342054 38 37
342060 35 34
342336 25 37
343134 39 36
343273 22 30
343633 17 42
343645 14 40
343743 27 55
344294 19 36
344389 25 41
344934 30 45
345015 34 55
345129 29 45
345309 36 67
345612 20 32
346068 27 35
346218 29 34
346635 27 34
346830 23 30
347082 24 49
347215 35 46
347223 32 50
347385 33 45
347431 29 55
347564 28 42
347569 30 48
347575 32 49
347611 37 64
347711 16 23
347970 21 34
347998 27 39
348003 27 36
348076 12 46
348101 19 48
348151 22 38
348217 26 35
348234 29 39
348288 22 33
348335 26 31
348351 19 28
348361 25 33
348373 26 34
348422 28 37
348444 22 29
348504 21 36
348528 22 46
348603 26 51
348623 22 36
348698 9 50
355014 11 26
355136 7 53
355254 18 44
355339 28 48
355482 9 34
355648 22 40
355682 17 27
355716 23 30
355925 26 29
355952 25 35
356122 25 29
356142 27 36
356215 25 43
356315 34 42
356436 21 23
356614 22 39
356766 21 41
357237 23 39
357416 16 35
357962 23 33
358334 17 30
358702 29 30
358727 18 30
359159 28 38
359230 27 46
360124 27 46
360829 22 47
360969 19 47
361740 30 45
362407 19 38
362472 29 40
362520 31 37
362789 22 32
363431 30 42
363482 23 42
363626 38 44
363784 21 37
363884 25 36
364091 11 14
365156 22 27
365359 17 24
365502 31 42
365978 23 32
366827 25 47
366956 14 32
367022 15 55
367145 27 50
367184 20 54
367298 13 61
367305 15 73
367433 18 37
367607 15 21
367712 4 15
367809 20 47
368255 16 59
368354 15 55
368390 14 61
368560 15 66
368710 22 49
368947 21 79
369433 38 49
369519 22 52
369566 16 30
369748 26 53
370042 15 60
370399 8 59
371458 11 59
371677 10 42
371961 9 59
371967 10 63
372182 14 53
372935 8 57
373013 9 81
373211 9 61
373381 7 41
373672 10 54
373728 9 49
373739 8 60
373859 9 51
373879 10 38
374073 12 40
374415 11 45
375013 16 54
375241 8 65
375247 7 50
375276 8 43
375566 11 67
375731 8 32
376052 8 38
376123 9 50
376309 6 40
376425 6 43
377598 7 32
378439 7 62
378878 14 61
379037 10 60
379109 10 57
379259 13 69
379367 11 67
379449 10 59
379463 9 58
379482 9 50
379615 5 42
379671 8 60
380195 8 53
380703 13 57
380746 8 48
380777 5 38
380843 15 58
381032 10 60
382295 20 47
382383 24 53
382765 8 33
383121 12 24
384059 13 35
384218 18 50
384834 21 48
384873 22 61
385074 16 39
385269 30 56
385563 10 25
385614 13 34
386311 18 47
386589 17 29
386727 24 46
386760 26 47
386965 18 36
386970 19 36
387247 18 56
387265 19 55
387304 19 54
388082 17 47
388892 17 33
388925 23 39
389183 14 39
389397 15 55
389559 19 51
389679 18 49
390899 18 41
391074 25 37
391185 17 53
391337 21 33
391396 35 36
391498 18 60
391593 9 34
392002 18 47
392388 21 41
392429 25 54
392500 18 51
392613 20 33
392678 24 53
392987 23 48
393126 12 28
393288 20 29
394730 21 38
395833 17 44
396392 19 42
396492 17 41
396601 16 45
396810 25 46
396985 21 40
397197 27 44
397617 24 56
397670 21 32
397702 28 44
397788 24 50
397927 33 61
398006 22 38
398147 29 57
398157 24 45
398198 22 38
398291 19 37
398318 20 41
398334 19 41
398458 33 44
398507 23 59
398959 28 60
399058 14 43
399079 14 52
399145 17 44
399283 17 66
399694 26 76
400656 25 38
400713 27 45
401598 20 45
401784 16 40
401978 9 47
402329 11 63
403175 14 42
403876 23 42
404674 17 48
405232 20 33
405288 14 37
405556 19 47
406021 15 48
406271 13 47
407815 15 54
407967 17 44
408410 21 51
408523 10 37
409081 9 52
409240 22 52
409323 23 46
410203 10 25
410360 19 40
410560 14 37
410593 16 47
410932 10 21
411002 7 24
411053 21 46
411062 26 58
412466 23 61
412724 12 27
412848 17 41
413108 7 34
413779 14 24
413795 13 28
413922 17 40
414031 21 55
414189 14 45
414225 13 35
414351 16 52
414507 19 44
414648 14 43
415107 13 38
415633 18 47
415654 20 47
415675 16 46
415854 19 55
416087 18 63
416479 18 44
416501 10 50
416581 16 48
416911 11 54
417260 16 49
417382 14 42
417534 25 54
417567 17 64
417573 16 53
417718 17 35
417731 21 45
417740 20 44
417976 15 64
418216 20 58
418654 14 47
419176 15 35
419358 13 50
419499 18 38
420095 16 49
420507 15 46
420661 8 44
421003 11 50
421294 12 46
421342 15 40
421411 18 40
421567 12 50
421861 18 56
423423 32 35
423444 31 30
423468 31 34
423924 26 29
424671 26 27
424794 30 36
425259 26 43
425558 37 35
425700 24 34
425738 16 30
425945 24 36
425978 18 33
425992 22 28
426036 40 37
426049 43 33
426128 20 40
426149 13 44
426214 26 31
426292 34 37
426337 30 35
426993 36 52
427154 23 30
427197 24 46
427357 31 34
427825 14 42
428209 28 41
428384 22 27
428437 30 42
429162 27 37
429237 17 26
429262 28 33
430056 19 40
430551 33 42
430572 25 42
430688 29 41
430698 23 37
430707 17 32
430724 16 31
431060 21 41
431091 23 28
431304 28 35
432051 17 27
432726 23 38
432844 22 30
433374 22 36
434155 18 23
434267 24 29
434461 14 24
434692 17 31
434707 21 35
436177 12 35
436524 16 42
436683 7 50
436939 18 70
437847 17 27
438570 20 36
438715 27 37
438838 25 33
439123 35 62
440638 27 59
440654 24 57
442051 16 40
442247 35 54
442436 28 38
442678 15 34
442722 32 38
444056 19 38
444647 20 47
445583 14 29
446478 34 48
447013 16 39
447782 24 39
448004 19 45
448352 26 42
449677 25 38
449955 27 39
450427 34 48
450448 38 47
450490 30 40
450756 14 38
450789 12 39
451419 22 37
451542 20 32
451806 20 35
451820 27 48
451873 17 45
452103 31 49
453109 15 46
453646 9 49
453697 11 39
453835 17 55
453982 16 55
454006 15 49
454105 17 49
454166 16 62
454417 17 47
455077 12 43
456109 16 64
456131 17 74
456327 11 37
456398 18 59
456444 24 51
456540 10 50
457227 7 54
457437 8 40
464041 10 53
464105 11 45
464212 11 52
464802 5 35
464832 12 54
465048 6 41
465150 17 59
465536 9 39
465571 8 34
465587 8 29
467585 13 64
467750 18 67
468932 18 72
469524 10 48
469986 12 53
470166 9 37
470199 10 56
470226 13 58
470424 10 38
472703 13 54
472787 8 43
473509 13 44
475105 16 49
475304 19 44
475426 23 52
475579 12 36
477175 22 61
477227 13 65
477274 9 62
477336 11 49
477378 19 63
477392 16 60
477421 16 57
477443 13 54
477546 14 46
477708 28 72
477897 24 45
478152 24 44
478471 15 30
478704 12 35
478903 17 43
479113 20 42
479158 19 27
479194 26 45
479200 20 49
479206 19 52
479233 17 45
479314 26 34
479332 23 32
479536 17 44
479814 18 47
480620 12 22
481064 13 53
481097 15 67
481120 13 66
481136 12 69
481166 8 43
482106 18 50
482508 17 41
483536 19 34
483677 20 45
483714 20 30
483736 23 35
484044 25 44
485118 14 38
485267 18 40
485534 16 38
486197 18 35
487151 17 37
487190 16 35
487991 17 58
488129 15 34
488144 12 34
488207 21 41
488283 14 49
488759 12 47
488834 17 41
488996 23 50
489431 16 53
489595 19 56
489632 18 51
490231 14 44
490306 18 33
490486 19 58
490684 15 47
492041 19 37
492188 7 25
492442 13 38
493069 19 61
493373 16 47
494389 16 44
494419 19 41
494546 9 33
494745 13 37
494783 16 43
494826 13 39
494938 16 26
494990 16 32
495041 19 35
495114 13 34
495134 12 30
495321 17 49
495560 20 54
495645 16 41
496374 21 43
496600 23 48
496783 13 45
496878 4 16
496922 10 26
496939 12 30
497228 25 40
497809 22 42
497862 11 35
498049 14 60
498414 30 64
499109 17 62
499835 17 44
501054 41 23
501093 49 19
501411 52 27
501459 40 21
501477 42 16
501531 61 25
501864 45 18
501927 50 23
501996 32 14
502068 35 26
502162 43 23
502215 50 26
502346 54 28
502521 36 27
502929 48 17
503334 44 32
504485 51 21
504931 40 25
505005 46 23
505316 40 27
506126 46 10
507241 49 17
507513 50 21
508044 59 16
508113 48 22
508122 55 25
508503 53 21
509043 38 16
509301 53 27
509475 52 25
509556 28 13
509595 30 18
509787 52 14
510050 35 13
510113 57 18
510212 52 26
511519 49 17
511543 56 24
511627 46 15
511738 55 21
511843 63 23
513724 50 28
513772 48 18
513784 48 17
514183 44 16
514663 53 17
514686 48 17
514913 44 9
515099 41 9
515153 57 20
515206 50 24
515301 61 14
515327 49 18
515666 43 6
515773 58 16
516306 44 21
516549 54 6
516599 48 12
516981 53 22
517536 68 24
517655 39 9
517892 33 22
517934 50 12
517997 55 17
518243 42 13
518855 43 21
519017 40 24
519284 57 24
519460 55 17
519676 40 9
519852 35 21
520198 28 16
520222 27 21
520340 28 13
521000 38 17
521183 3 15
521888 57 18
522459 65 21
522583 43 17
522725 35 17
523099 57 13
523311 35 11
523330 27 11
523428 40 11
523583 60 20
524246 58 13
524785 61 20
524819 61 19
525174 32 7
525268 64 18
525842 54 18
526580 55 7
527003 44 17
527084 61 24
527234 42 12
527273 50 12
527515 32 13
527753 50 20
528408 71 10
528599 43 5
529382 47 11
529763 38 5
529838 33 11
530066 43 16
530104 19 8
530163 41 10
530274 49 16
531016 52 13
531246 61 8
531942 68 17
531994 49 11
532106 50 15
532257 71 15
532313 58 14
532698 64 15
533469 45 13
533565 69 16
533607 52 15
534304 30 15
534640 49 17
534870 83 22
535659 57 12
536327 50 12
536552 38 17
536658 49 17
536848 71 15
536928 47 7
537054 53 20
537138 68 16
537242 51 9
537337 35 8
537739 44 12
538246 56 21
538735 39 12
538822 66 6
539372 45 17
539971 51 20
540038 47 12
540130 35 10
541240 25 11
541421 30 11
541488 39 13
541496 48 13
541505 46 12
541598 31 13
541741 18 5
541789 31 6
542426 49 14
542487 36 7
542818 32 9
542869 53 13
542925 43 15
543166 36 17
543620 47 10
544118 40 13
544185 30 11
544270 55 9
544452 38 18
544471 35 18
544518 37 9
544589 41 8
544815 50 8
545049 69 16
545127 57 14
545210 32 14
545256 37 12
545296 48 9
545384 58 13
545394 65 18
545446 45 12
545498 63 24
545531 59 17
545553 51 13
545609 19 14
545631 38 14
545649 27 14
545684 9 18
545732 54 14
545783 68 25
545799 77 25
545810 80 28
545828 51 17
545882 44 13
545924 43 17
545951 46 17
546005 47 21
546020 46 21
546035 49 21
546053 58 25
546172 57 14
546182 61 15
546197 47 12
546203 47 11
546272 67 24
546299 75 21
546305 68 19
546329 68 18
546362 51 16
546390 54 21
546410 47 19
546491 51 18
546503 55 21
546539 44 20
546545 45 12
546554 42 15
546624 61 23
546629 66 22
546662 34 17
546671 45 19
546755 54 17
546773 45 12
546868 40 14
546893 43 12
546978 39 16
546995 40 16
547254 53 14
547338 47 15
547383 44 15
547531 58 12
547674 59 20
547786 50 14
547913 52 13
547950 59 15
548208 46 11
548296 83 10
548615 36 10
549125 55 20
549158 43 17
549559 59 22
550190 51 18
550327 31 13
550665 40 13
550936 49 13
551493 40 13
551646 43 11
551707 32 9
551907 44 15
552013 45 10
552078 61 12
552333 49 8
552465 50 17
553622 39 12
553629 42 12
553742 46 6
553768 53 10
553781 50 12
553788 49 12
554915 45 14
555557 48 25
555567 48 20
555889 11 52
556001 21 38
556099 11 29
556166 24 46
556337 30 39
556657 17 49
556676 17 34
556731 20 30
556743 17 25
557217 16 39
557256 21 40
557448 17 43
557486 21 38
557505 23 39
558940 21 26
559423 21 41
559546 24 37
559655 25 49
560002 25 46
560264 20 36
561212 36 48
561409 18 37
563696 25 49
566651 25 51
566737 16 40
567093 30 34
567166 24 42
567172 18 40
567178 18 40
567185 23 51
567258 29 45
567414 29 30
567429 27 33
567559 14 16
567567 15 23
567738 29 44
567762 25 46
568567 25 40
568779 23 34
568848 27 44
569059 29 47
569125 17 44
569335 22 57
569350 26 51
569356 23 48
569671 18 47
569853 21 35
569965 36 63
570089 21 36
570095 20 34
570129 23 40
570270 11 56
570541 23 46
570571 21 47
570977 23 38
571223 13 83
571229 12 75
571241 13 52
571247 15 46
571262 8 66
571277 8 66
571571 24 38
571917 27 43
572117 22 52
572232 28 27
572286 19 38
572334 24 41
573611 27 52
573723 25 51
573730 19 50
574330 20 34
574574 33 48
575929 25 41
576484 22 24
576602 28 48
576644 21 36
576857 24 43
576863 22 40
576898 33 35
578937 24 48
579002 32 49
579847 17 50
580621 23 43
580825 22 47
580891 24 35
583169 28 54
583174 31 48
583436 14 29
584038 10 32
584605 32 40
584662 30 40
585130 18 34
585172 27 38
585271 26 46
585431 20 46
585673 14 32
585816 22 34
585836 19 33
586061 14 23
586538 30 36
586741 24 44
586985 24 48
587273 31 44
587814 23 35
588241 13 29
588397 22 44
588437 16 35
588537 9 22
588588 17 39
588941 18 50
589244 32 31
589446 23 51
589534 38 56
590185 22 29
590497 24 42
591225 30 34
591374 22 48
591551 29 46
591876 8 67
591917 18 34
591998 7 55
592011 9 48
592583 18 27
592658 27 40
592709 5 36
592805 7 37
592820 9 37
592839 7 38
592903 18 44
593283 28 40
593673 24 54
593962 19 61
593994 27 51
594176 34 71
594432 19 44
594581 30 48
594860 21 34
594881 16 39
595088 28 51
595131 24 41
595542 18 40
595595 20 33
595692 25 46
595945 16 33
596059 23 38
596072 26 36
596104 32 38
596310 17 56
596334 23 41
596475 33 40
596531 22 49
596703 21 56
596727 21 47
596757 18 37
596844 23 29
596944 26 35
597220 34 41
597327 21 43
597408 34 52
597781 21 27
597928 31 56
598051 15 32
598385 29 35
598566 28 46
598743 19 24
599509 30 44
599672 34 37
599699 33 33
599947 23 39
600443 33 56
600689 26 70
600860 20 53
601130 23 67
601161 17 51
601595 15 41
601667 27 49
601880 23 50
602166 19 37
602390 14 29
602526 28 38
602588 21 35
602710 22 40
602741 22 43
602937 28 38
604383 21 38
604504 40 34
604772 25 43
605083 32 40
605342 26 25
605664 28 42
605698 18 39
605720 24 47
605808 27 52
606101 25 39
606458 28 41
606654 34 41
606664 28 38
606981 27 35
607376 32 36
608901 10 32
609198 8 40
609616 15 59
609625 15 50
609644 13 34
609696 12 34
610284 23 60
610383 23 51
610602 16 49
610698 17 65
611081 17 53
611906 13 49
612196 10 44
613319 11 50
614000 4 34
614999 15 55
615117 19 37
615605 8 48
615788 10 53
615803 10 56
616106 12 27
616505 22 45
616901 18 51
616910 18 56
617659 21 59
617939 16 44
617946 17 51
618950 20 50
619135 14 41
619217 14 45
619283 15 59
619296 15 56
619794 16 42
620622 23 90
621152 11 65
621824 14 63
623411 18 47
623785 19 38
623825 17 63
623845 16 70
623908 23 70
624316 13 43
624340 13 33
624967 23 66
625112 19 64
625705 16 65
626248 22 47
626794 12 43
626895 15 62
626938 10 70
627074 14 46
627099 16 55
628985 21 47
628991 21 44
629210 17 50
629392 14 52
629399 14 52
629747 12 50
630209 17 50
630358 19 45
630445 17 49
630542 20 38
630674 15 36
631443 15 35
631613 22 46
631641 18 60
631655 17 58
631718 24 42
631767 18 57
631847 12 41
632141 18 45
632417 13 35
632425 12 39
632461 12 45
632475 16 47
632535 19 39
632558 24 45
632730 18 47
633343 13 57
633875 11 40
634124 9 43
634754 8 34
635065 15 50
635635 19 37
635657 23 35
635771 21 43
635946 14 50
635986 24 58
636118 15 40
636147 13 31
636463 12 45
636531 22 49
636749 22 53
637447 15 45
637465 18 47
637478 21 53
637564 18 51
637641 18 55
637792 9 25
637848 13 39
638085 16 53
638535 22 40
638556 28 55
638642 14 45
638982 18 52
639135 22 62
641235 13 42
641332 18 56
641678 9 53
641693 9 57
641846 12 40
642083 21 58
642200 17 57
642254 18 60
642595 16 51
642720 26 49
642761 23 54
643383 11 37
643801 17 54
644262 18 61
644752 10 48
645010 16 46
645294 21 58
645501 14 50
645996 13 74
646374 14 70
646509 6 54
647022 48 52
647502 42 33
648362 30 33
648458 31 22
648518 41 39
648745 17 56
648798 18 59
648967 23 76
649693 15 67
650124 15 46
650208 6 20
650307 20 45
650325 26 59
650348 16 55
650506 12 64
650541 18 73
651300 9 42
651489 18 49
651959 15 63
652361 16 56
652493 14 33
652771 7 47
653016 11 52
653044 13 60
653233 15 69
653399 15 49
653522 10 49
653813 16 60
654119 13 50
654179 20 50
654245 15 65
654408 15 74
655445 7 41
655496 13 39
655784 11 37
655961 18 69
656066 9 63
656132 12 52
656360 14 46
656999 13 71
657426 30 43
658307 9 21
658386 21 42
658882 38 42
659104 22 30
659323 27 43
659437 26 40
659470 27 41
659906 19 30
660211 24 31
661134 23 40
661523 25 40
661680 44 69
661854 28 39
662253 29 30
662513 17 40
662770 35 54
663178 38 41
663281 23 36
663372 38 40
663461 31 33
663636 23 34
663708 37 38
663846 26 41
663896 35 51
663972 23 35
664243 31 43
664350 28 27
664360 29 30
665400 38 48
666092 27 28
666393 45 45
666981 37 41
668396 36 49
668608 37 40
668712 31 34
669063 19 39
669613 33 25
670300 29 36
670357 18 23
671260 17 36
671341 38 51
671609 29 39
671677 36 49
672030 20 22
672082 36 41
672444 44 47
672592 23 28
672706 43 42
673246 29 45
673509 24 39
673905 23 41
674355 20 42
674364 19 43
674718 34 54
675030 79 19
675057 47 11
675876 69 18
675954 76 16
676173 63 20
677103 61 17
677196 47 15
677214 56 16
677485 54 12
677622 46 17
677703 67 13
678061 64 18
678091 78 16
680487 45 35
680696 48 39
680729 45 46
680736 43 47
680918 42 38
681188 39 31
681206 51 35
681217 43 31
681286 44 32
681394 43 38
681592 20 20
682077 28 18
682531 38 46
682957 43 39
683490 41 42
683641 51 40
683977 37 43
684265 54 27
684369 39 30
684463 52 29
684489 52 35
685068 46 31
685080 58 35
685557 38 47
686501 48 33
686576 47 48
686815 53 41
687079 61 48
688129 32 19
688213 45 36
688276 44 45
688291 33 36
688576 43 20
688699 26 23
688706 34 27
689321 27 29
689365 51 33
689500 30 35
689579 49 28
689940 36 29
690040 28 30
690114 25 20
690434 30 30
690842 48 26
690985 37 28
691122 41 32
691174 48 34
691264 31 36
691540 49 30
691653 32 24
691674 31 25
691683 28 33
691757 46 34
691821 42 38
691855 31 41
691864 32 42
691885 32 37
691918 36 35
692365 34 30
692406 43 30
692576 58 37
692822 34 30
693475 36 41
693536 24 28
693613 34 41
693757 36 27
693850 46 35
693954 44 34
694231 22 30
694251 27 40
694519 44 44
694528 46 45
694631 21 45
694649 21 46
694682 22 49
694905 21 20
695026 35 36
695048 34 37
695392 34 36
695466 32 51
695626 27 34
696050 37 36
696199 53 31
696473 29 36
696567 54 44
696767 33 38
696787 37 42
696815 46 39
696916 36 27
696984 43 30
697039 34 31
697050 39 37
697403 52 46
697804 14 59
698093 9 58
698461 15 56
698595 14 78
698624 14 69
698778 14 60
701246 13 74
701274 8 64
703390 13 51
703624 7 55
703685 16 73
704107 8 63
704248 14 68
704876 36 25
704927 33 28
705196 20 16
705217 26 24
705404 35 28
705434 27 18
705450 31 22
705569 54 54
705727 28 31
706639 38 45
706814 41 60
708662 25 36
708806 27 43
709016 28 49
709829 29 38
710310 25 38
710435 25 47
711188 42 49
711199 36 47
712388 33 45
712591 19 49
712877 22 45
713498 23 44
714580 34 37
714700 18 44
714766 31 52
715105 25 44
716318 25 38
717335 25 52
717917 30 49
718628 27 42
719083 21 51
719205 26 60
719312 39 60
719859 20 41
721274 36 39
723265 22 62
723468 20 49
723522 26 51
723823 30 74
724509 22 50
725072 24 56
725129 36 59
725348 28 54
725438 26 47
727221 36 45
728973 22 50
728984 24 47
729077 33 46
729084 33 43
729232 20 50
729433 24 27
729456 26 37
729672 28 48
730048 33 57
731003 32 55
731190 23 39
732135 33 55
732415 47 59
732660 38 48
732773 37 61
732982 32 72
733894 22 75
734059 22 40
734067 22 42
734105 22 36
734892 42 38
736031 33 30
736039 41 29
736062 37 29
736081 27 32
736213 34 31
736948 41 35
736996 51 34
737662 43 37
737800 30 39
737870 32 39
737908 42 48
738004 35 30
738267 38 31
738725 49 48
738758 41 42
738944 43 47
739435 30 39
739542 28 26
739600 28 18
739719 33 40
739847 10 22
741049 33 36
741454 31 46
741495 41 38
741533 44 29
741718 33 36
741814 35 35
741840 39 42
741925 49 31
742118 54 37
742365 30 29
743632 69 52
743689 35 42
743736 34 29
743860 46 27
744247 31 24
744575 42 32
745439 29 28
745658 39 32
745833 39 44
745877 37 47
745955 32 44
746116 19 25
746308 34 31
746501 41 33
746615 48 41
747191 54 43
747476 46 45
747593 34 32
747633 30 28
747845 37 35
747985 34 44
748023 36 32
748280 43 56
748298 51 59
748829 28 33
748876 44 26
749150 39 37
749180 37 48
749222 38 35
749655 50 35
749692 46 55
749720 36 42
750039 41 40
750865 29 29
751223 48 47
751277 39 43
751308 39 58
751596 57 45
751908 41 42
752081 43 35
752115 34 39
752204 44 56
752249 40 35
752265 36 29
752342 41 27
752404 37 43
752413 38 46
752448 36 42
752504 40 36
752513 46 43
752519 39 34
752543 35 21
752620 38 38
752669 51 49
752829 31 31
752850 27 29
752867 29 34
752899 26 29
752953 45 36
752959 36 36
753012 30 38
753057 25 32
753208 13 17
753379 37 37
753404 33 33
754518 33 33
754830 32 36
754842 44 36
754920 36 30
755741 44 53
755884 46 52
756359 34 30
757201 28 26
757392 15 26
757633 25 25
757662 31 39
757950 38 34
758881 22 32
758962 32 42
759040 38 49
759525 35 31
760066 57 58
760183 45 46
760364 44 40
760458 51 41
760536 36 38
760542 32 31
760580 43 23
760591 42 26
760642 40 33
760750 52 32
760771 39 31
760891 48 33
760955 40 34
761140 45 37
761298 51 57
761379 43 36
761980 47 44
762211 42 59
762916 55 55
763145 40 28
763363 29 27
763679 38 41
765351 33 42
765525 55 49
765990 31 41
766408 26 34
766470 45 43
766587 35 46
766614 34 33
766895 54 49
766952 56 53
767096 30 35
767140 41 29
767206 37 51
767353 24 22
767385 43 36
767687 38 46
767692 38 45
768119 27 18
768205 44 58
769338 47 25
769636 34 40
769908 50 52
770161 44 51
770527 41 43
770839 33 40
771209 39 41
771478 31 43
773053 44 31
773244 41 59
773255 37 48
774475 36 28
774721 44 22
776101 44 34
776236 39 29
776249 38 27
776300 43 21
776366 36 32
776384 42 43
777328 37 51
778721 34 41
779262 44 56
779300 38 59
780049 23 16
780089 34 35
780320 55 49
780929 42 37
781209 27 56
781218 23 55
781233 16 47
781269 11 20
781275 18 19
781311 25 41
781381 23 40
781386 23 37
781398 22 42
781432 28 47
781446 28 30
781458 20 27
781471 21 27
781479 19 35
781617 17 38
781635 24 33
781659 20 36
781671 18 37
782049 4 34
782280 16 51
782286 17 52
782416 11 45
782429 16 41
782460 11 36
782467 8 44
782496 6 41
782589 13 57
783001 13 51
783021 11 43
783255 9 60
783294 10 50
783438 5 45
783447 5 41
783549 22 48
783618 17 46
783646 14 42
783651 14 41
783676 24 52
783684 22 61
783723 5 43
783762 24 40
783899 33 41
783910 35 45
783937 42 45
783971 26 33
784007 36 40
784119 36 36
784203 37 18
784280 59 36
784319 41 31
784508 53 40
784580 31 38
784799 50 50
785199 53 41
785444 42 42
785589 20 39
785777 27 50
786093 37 48
786418 34 51
786629 36 49
787002 34 44
787036 39 41
787539 29 39
787756 44 64
787941 44 38
788309 43 39
788574 41 42
788834 57 48
788907 34 70
789059 40 56
789065 41 51
789112 50 46
789153 49 43
789178 43 50
789875 48 50
789985 33 55
789994 40 47
790039 58 56
790141 37 45
790198 38 56
790523 33 33
790539 30 34
790571 32 42
790655 33 47
790759 24 21
791066 33 29
791184 32 32
791199 28 45
791367 26 34
791516 53 64
791566 41 42
791803 42 35
792149 43 62
792269 24 42
792317 31 39
792470 37 54
792956 27 30
793219 35 30
793425 36 33
793830 29 45
793892 38 56
794196 41 31
794520 21 41
794783 28 52
795420 34 44
795686 33 39
796291 28 24
796732 44 41
797030 32 32
797346 27 22
797861 43 43
798125 50 58
798177 59 60
798240 56 65
798296 51 51
798742 30 36
798959 44 37
799762 40 46
799951 40 43
800456 40 34
800515 27 28
800548 31 30
800767 36 34
801738 44 35
802634 37 44
802940 56 38
803348 44 40
803609 42 41
803666 34 30
803693 40 30
804108 48 62
804702 32 30
805228 73 29
805413 59 31
805849 50 32
805939 61 38
806371 51 25
806404 38 21
807053 51 31
807285 46 23
808089 43 17
808200 49 20
808846 43 25
808983 54 24
809117 56 32
809353 72 30
809821 50 33
809838 50 38
809887 70 33
809896 68 34
809944 56 24
810058 66 30
810103 68 28
810581 42 22
810968 64 28
811231 48 34
811261 44 26
811303 54 19
811369 48 32
811696 61 25
811738 31 16
812195 48 26
813019 58 29
813875 47 18
814066 51 32
814114 61 36
815872 58 28
815965 59 46
815977 63 50
816041 57 32
816104 54 30
816239 69 39
816310 63 34
816383 44 34
816491 46 27
816869 60 38
816974 50 32
817203 57 64
817509 75 44
818056 58 42
818125 75 43
818166 49 29
818233 55 33
818441 60 36
818475 38 33
818585 68 42
818838 46 43
819199 55 49
819352 47 21
819384 55 34
819452 62 44
819642 47 30
819759 48 42
819838 70 41
819868 53 34
819971 38 51
819987 34 43
819997 35 39
820125 43 42
820170 38 29
820331 61 43
820376 44 35
820446 42 32
821065 64 40
821284 48 48
821428 60 38
821486 48 29
821692 81 45
821979 42 29
822470 33 24
822616 78 25
823039 56 35
823919 55 32
824105 50 33
824264 46 30
824790 67 43
825520 73 36
825587 50 33
825914 54 40
826247 40 30
827547 53 20
827552 49 17
828040 58 19
829660 49 41
830266 49 44
830371 51 35
830440 40 28
830719 61 49
830937 58 54
830959 52 46
831038 63 32
831371 51 24
831382 46 26
831527 62 39
831898 56 44
832036 48 38
832307 69 43
832850 44 29
833279 59 29
833609 49 45
833820 62 45
834019 20 16
834042 25 22
834066 32 20
834091 31 22
834111 28 18
834249 27 35
834315 39 22
834417 23 26
834609 43 47
835752 46 44
835764 49 49
835794 45 36
836001 52 47
836112 43 36
836229 49 38
836720 39 38
837116 39 38
837143 42 43
837203 58 37
838004 44 42
838021 57 48
838171 50 39
838311 40 35
838471 65 48
838597 42 36
838657 43 46
838743 56 27
838750 51 25
838774 62 30
838780 62 30
839191 36 51
839411 38 37
839568 38 53
839576 34 45
839953 32 37
839984 33 45
840551 46 55
840611 43 56
841524 30 41
841941 24 52
842019 39 63
842115 29 58
842505 27 57
843282 18 15
843484 46 52
843977 43 53
844248 24 39
844253 27 42
844412 26 33
844421 24 32
844790 50 55
845174 34 37
845234 45 39
845501 65 35
845603 42 45
845704 54 38
845842 41 35
847590 7 28
848291 34 66
848408 30 57
848591 22 55
849246 27 71
850203 22 55
850578 24 68
850980 36 63
851121 27 62
851634 22 53
852002 32 70
852438 15 63
852783 24 72
853207 32 67
853412 30 71
853550 25 64
853751 32 81
854003 22 67
855552 17 44
856125 32 82
856140 24 65
856151 23 66
856167 24 67
856230 12 74
857932 30 64
858040 23 98
858937 51 53
859393 36 52
859801 32 49
860233 34 59
860368 23 37
860409 27 33
861345 45 62
862261 34 60
862750 40 61
863024 34 65
863290 24 43
863920 35 48
865013 43 71
865028 33 74
865243 36 53
865327 46 66
865378 38 61
865495 37 38
865740 47 69
865810 34 48
865930 37 56
866179 47 55
866329 26 50
867049 31 40
867261 40 47
867271 45 49
868282 33 70
869360 36 59
870136 29 80
871152 39 69
871840 32 91
874737 16 42
874766 17 44
874789 23 42
875448 29 67
875851 40 82
875974 29 50
876477 25 64
877937 26 76
878070 22 62
878092 17 61
878114 18 61
878768 17 61
879630 20 54
879845 26 76
879917 26 47
880085 20 81
880293 16 65
880381 27 55
880482 28 66
881004 26 58
881009 28 59
881242 27 67
882044 26 79
882341 22 45
882662 32 86
883250 29 65
883613 28 71
883618 29 70
883768 31 65
883880 26 55
883911 24 54
884052 28 78
884121 20 54
884279 33 85
884859 34 76
885323 36 61
885332 34 55
885401 30 70
886081 30 70
886542 20 59
887115 37 71
887220 16 52
887317 26 71
887412 27 58
887660 23 44
887763 24 60
888059 25 90
888088 19 69
888138 21 48
888237 26 90
888273 25 80
888535 24 78
888639 29 75
888812 35 77
888819 36 87
888873 30 87
888983 26 70
889047 21 61
889107 26 56
889204 20 53
889780 22 55
889923 24 90
890249 29 89
890755 11 55
890808 30 76
891129 11 80
891248 21 66
891914 17 59
892732 34 82
893761 24 82
893921 32 59
893995 25 52
894885 30 69
895020 30 77
895092 31 65
895107 33 64
895125 33 65
895302 30 72
895464 33 83
895599 24 50
896188 31 76
896200 35 77
896392 23 59
896428 10 46
896481 38 84
896512 33 93
897306 24 55
897751 23 51
897770 22 44
898070 16 47
898170 18 41
898183 24 41
898430 29 68
898460 29 65
898734 27 64
898742 19 63
898796 30 53
899061 26 52
899079 21 38
899110 23 47
899169 28 66
899248 29 68
899272 31 72
899866 29 59
899986 25 60
900021 30 63
900029 28 64
900240 25 78
900336 28 73
900520 17 50
900554 20 66
900644 15 56
900873 7 34
926145 27 54
926279 13 76
926608 5 23
926790 7 28
926854 6 45
927142 20 69
928226 3 24
928232 3 19
928251 4 16
928259 3 15
