2146 2 10
2413 8 28
2448 12 26
2964 15 11
3021 23 4
3093 5 18
3100 5 18
3227 8 10
3303 37 13
3309 38 14
3331 47 15
3387 40 13
3580 5 7
3838 49 23
3845 37 16
3919 5 23
4038 22 72
4330 6 22
4423 6 39
4438 5 40
4496 6 35
10310 33 10
10343 52 18
10434 7 25
10463 73 26
10544 26 15
10566 8 31
10700 166 30
10767 100 21
10949 24 25
10961 19 27
11069 33 2
11142 29 6
12663 3 17
13140 4 10
13172 3 9
14068 11 2
14149 17 2
14173 38 2
14189 35 12
14306 12 7
14629 4 35
14704 40 12
14740 47 13
14963 38 28
15103 106 35
15124 25 145
15216 31 28
15290 34 18
15405 31 119
15491 44 89
15577 23 94
15633 10 50
15848 181 17
16095 84 26
16105 29 116
16182 23 34
16191 11 37
16341 6 39
16374 21 34
16449 12 30
16491 6 22
16497 6 21
16505 3 22
16566 15 27
16584 14 33
16590 18 31
16610 21 30
16621 26 32
16680 15 31
16701 8 33
16743 7 21
17007 11 21
17031 17 21
17119 28 17
17211 8 25
17221 9 23
17349 3 24
17370 9 24
17624 70 98
17933 156 31
17959 43 106
18002 128 18
18043 136 19
18165 71 53
18187 47 101
18407 65 115
18442 49 76
18454 49 82
18559 42 89
18569 43 81
18575 46 88
18612 53 88
18622 61 94
18643 74 105
18661 128 14
18708 39 106
18738 37 112
18815 57 116
18853 75 114
18873 65 84
18886 65 92
18930 39 96
18937 36 92
18952 30 102
19082 45 101
19129 30 97
19157 38 107
19174 48 123
19182 107 97
19203 54 119
19220 55 124
19343 28 75
19370 30 75
19382 23 65
19414 70 50
19426 18 93
19491 19 110
19578 12 103
19614 11 91
19627 12 95
19650 21 83
19662 23 84
19680 21 72
19833 119 24
20331 20 106
20338 22 113
20361 14 99
20376 15 98
20382 26 102
20449 26 114
20454 22 97
20468 71 22
20477 31 88
20504 73 62
20506 34 103
20516 103 26
20525 24 105
20528 78 54
20538 124 29
20574 48 86
20603 43 82
20611 41 94
20620 37 99
20686 40 122
20714 57 111
20756 47 80
20763 59 82
20801 67 15
20835 65 113
20849 126 24
20972 59 94
21023 41 93
21029 44 96
21041 37 90
21233 59 103
21396 60 78
21572 20 25
21920 110 19
21958 94 85
21971 137 30
21986 128 27
22065 66 66
22176 21 94
22220 31 120
22222 99 65
22226 34 127
22233 37 141
22321 134 19
22421 127 24
22610 117 26
22693 105 25
22704 98 23
22752 60 111
22870 96 20
22914 126 28
22983 135 24
23003 112 20
23081 46 92
23168 108 20
23197 114 21
23460 148 35
23633 47 73
23832 122 17
24396 18 23
24408 12 27
24493 25 71
24516 33 72
24680 14 86
24915 65 16
24923 76 17
25292 84 27
25297 75 25
25489 61 18
25566 94 32
25755 69 12
25829 78 22
26038 82 17
26306 56 21
26315 52 18
26356 64 18
26617 76 28
26763 89 31
26774 88 29
27085 44 19
27157 88 28
27168 86 33
27190 81 35
27202 92 41
27546 88 28
27598 92 25
27884 49 24
27953 47 22
27967 52 20
28009 83 26
28236 68 23
28260 79 24
28479 83 18
28529 58 20
28555 77 21
28951 80 22
29291 70 23
29468 75 25
29736 39 8
30296 54 22
30420 88 25
30942 84 26
30965 74 23
31185 72 25
31341 104 22
31743 40 25
31998 66 22
32016 56 17
32028 63 15
32136 94 29
32184 71 20
32467 93 24
32538 73 20
32736 60 37
32782 64 26
32790 65 25
32950 57 28
32983 83 32
33193 75 23
33282 76 26
33375 68 23
33498 89 27
34139 66 20
34353 12 6
34426 49 14
34560 62 20
34628 81 23
34659 69 16
34754 73 26
34886 87 28
35468 92 22
37199 65 8
37704 94 16
37772 66 10
38183 61 8
38954 86 20
39158 78 12
39221 88 16
39239 93 21
39329 93 16
39461 96 12
39692 84 22
39710 89 21
39764 106 16
40097 84 16
40184 67 16
40225 60 10
40349 108 21
40760 86 17
41069 52 16
41129 85 17
41641 77 17
41700 93 15
42425 85 13
42587 89 18
42694 89 18
43456 72 15
43562 64 11
44401 81 19
44443 74 14
45061 101 22
45226 74 14
46094 66 20
46626 53 14
46935 61 13
47114 55 11
47129 58 9
47508 89 21
49161 69 12
49258 65 13
49678 68 8
49910 100 12
51442 103 12
51650 79 8
51777 103 13
51802 114 16
51836 91 15
52379 112 20
54112 93 21
54307 99 1
54361 74 0
54529 121 0
54541 112 0
54583 69 0
54886 102 0
54901 98 0
54915 84 0
55207 108 0
55361 57 0
55740 86 0
55781 91 0
55880 49 0
55988 81 1
56000 77 0
56294 91 0
56664 92 0
56834 99 0
56841 99 0
56865 94 0
57179 32 0
57346 110 0
57483 63 0
57953 93 0
58240 80 0
58265 93 1
58307 84 0
58331 95 0
58337 101 0
59223 97 0
59372 115 0
59414 120 0
59475 87 0
59693 92 1
60240 78 0
60717 87 0
60893 95 0
61020 111 0
61100 93 0
61455 115 0
61580 99 0
61973 104 0
62294 65 0
62915 74 0
63657 70 0
63857 101 0
63920 75 0
64135 82 0
64246 66 0
64339 106 0
65317 54 31
66263 65 24
66309 78 29
66629 67 35
66650 74 45
66866 62 29
67495 63 23
67815 61 10
67912 47 11
67951 45 10
68035 58 18
68080 70 26
68203 75 26
68254 65 33
68482 73 34
69052 74 36
69058 78 36
69386 55 34
70045 72 32
70050 70 34
70082 83 37
70210 70 23
70381 77 39
70512 73 36
70540 74 32
70816 78 19
71244 50 22
71444 81 27
71567 45 31
71844 46 29
72060 48 33
72175 55 33
72223 67 48
72563 52 43
72574 45 44
72636 53 51
72679 47 37
73244 57 48
73339 42 29
73501 46 48
73681 46 57
73852 51 49
74068 58 43
74080 58 38
74587 59 46
75816 51 43
76082 44 39
76138 62 57
76148 73 62
76814 45 29
76832 39 42
77099 41 28
77144 69 46
77165 59 39
77807 66 49
77882 44 34
78023 46 37
78677 58 45
79282 61 21
79304 88 24
79468 80 15
79478 83 15
79766 64 15
79793 63 17
80126 62 12
80299 71 10
80433 50 15
80463 53 18
80869 84 26
81151 73 23
81355 87 22
81978 43 10
81996 25 6
82122 45 9
82150 54 13
82208 64 16
82296 69 21
82573 89 25
82584 103 28
83212 90 21
83424 60 9
83653 76 11
85078 64 13
85270 101 25
85412 88 14
85544 72 15
85737 113 16
85809 63 8
86767 47 6
86904 71 14
86926 83 15
86935 79 18
86967 75 18
87174 92 18
87217 46 4
87227 54 7
87750 93 15
90033 69 10
90048 71 12
90167 66 6
90596 78 9
90613 77 8
91519 68 12
91600 69 2
92402 92 13
93057 74 16
93178 79 14
93263 70 16
93565 70 13
93576 72 11
93863 50 10
94045 88 15
94396 63 10
94661 86 11
95329 92 14
96424 57 7
96445 61 6
96931 89 10
97566 37 8
97849 54 7
98908 68 5
99146 66 15
99739 63 7
100085 45 3
100778 74 12
101148 76 12
101974 69 15
102127 70 15
102148 42 6
102202 86 16
102313 78 16
102810 63 15
103376 67 11
103402 74 17
103479 93 13
103575 47 5
103773 69 5
104574 71 12
104730 59 9
104742 52 11
105099 67 10
105171 104 21
105195 89 23
105205 85 18
105267 66 8
105403 74 17
105641 67 9
106458 40 4
107121 76 12
107374 67 14
107931 64 4
108389 73 12
108431 82 12
109159 98 11
109217 69 14
109277 72 16
109424 81 9
109451 68 8
110350 76 11
110356 66 10
110361 74 12
110384 58 11
110462 70 11
111009 96 8
111067 86 13
111116 64 15
111122 60 13
111310 60 4
111316 62 4
111383 70 11
111401 51 8
112037 56 9
112174 112 19
112225 64 11
112514 87 16
112551 104 19
112560 99 19
112578 88 20
112596 80 20
112691 61 11
113380 74 13
113404 76 11
113938 95 12
115540 91 18
116069 114 18
116554 90 10
116662 72 15
116868 75 19
117000 87 11
117051 78 10
117561 47 13
117744 58 13
117774 87 19
118011 73 14
118017 75 15
118140 99 24
118795 63 11
119645 54 9
119872 43 11
119888 45 8
119915 43 6
119934 68 12
120029 63 17
120189 81 13
120620 51 9
121192 63 15
121499 90 11
122393 77 13
122402 73 13
122924 78 11
123019 74 10
123244 58 16
123965 74 12
124220 80 8
124246 71 5
124277 94 11
124787 112 13
125285 48 11
127074 88 13
127255 62 11
127433 70 13
127522 71 6
127739 76 13
128055 80 17
128142 80 13
128294 74 16
128375 96 16
129162 82 16
130113 80 14
130260 61 8
130708 78 5
130718 86 5
131109 89 16
131214 83 14
131523 74 12
132295 72 12
132473 70 4
132710 52 13
133002 55 6
133669 65 11
134193 98 7
134248 58 4
134321 93 10
134351 106 8
134645 83 9
134813 61 9
134831 68 12
134894 106 11
135569 92 14
135986 80 8
136044 96 5
136194 59 7
136300 79 10
136611 65 5
136778 67 8
137475 70 7
137559 47 6
137932 69 9
138023 106 8
138346 73 6
138389 81 8
138458 79 12
139016 49 7
139084 82 5
139116 71 7
139134 70 5
139146 69 8
139256 63 6
139263 67 7
139979 72 6
140435 79 10
141024 78 6
141388 62 6
141653 28 5
141857 46 5
142054 47 6
142114 87 10
142126 91 8
142180 62 9
142201 77 8
142598 92 14
142800 53 12
142990 77 19
143079 46 10
143270 75 11
143446 55 10
143497 41 12
144045 56 13
144782 82 16
145040 92 12
145073 61 5
145564 74 10
145631 61 12
145691 80 15
146049 54 14
146202 62 12
146420 64 7
147167 43 9
147829 54 14
148184 55 11
148640 89 20
148954 55 42
149263 48 26
149522 46 26
149613 48 35
149729 54 52
149734 50 50
150815 5 10
150947 6 10
151830 63 46
151876 67 29
151909 67 24
152163 51 39
152221 32 19
152665 50 34
152790 57 40
152836 57 36
152855 60 36
152880 62 35
153343 43 26
153519 58 38
153569 48 33
153648 48 50
153700 55 22
154082 62 35
154171 30 20
155393 38 35
155585 33 30
155615 27 28
155701 31 24
156311 42 44
156320 41 40
156361 40 27
156657 39 30
156736 21 21
157505 42 38
158726 46 49
158920 48 27
158935 44 23
159197 51 34
159248 37 33
159346 48 19
159588 55 31
160313 40 22
160481 38 39
160595 54 33
160638 61 38
160792 36 23
161728 39 22
162021 34 37
162725 44 30
162845 41 29
163072 47 41
163394 48 32
163460 48 39
163847 57 44
164035 58 38
164222 42 40
165557 40 34
167255 45 43
167545 62 44
167973 51 39
168386 45 42
169647 18 14
169800 22 28
169829 25 40
169841 24 43
170067 27 35
170167 33 31
170193 34 36
170232 27 30
170820 55 58
170882 23 43
170998 43 42
171722 35 39
171728 37 40
171855 24 37
172119 23 48
172314 29 61
172525 39 49
172609 25 37
172639 36 36
172770 33 56
173166 33 48
173265 26 30
173432 23 37
173838 29 43
174070 28 55
174123 38 58
174452 34 42
174477 29 37
175778 47 41
176667 33 51
176750 25 65
177050 28 65
177236 31 38
177687 33 76
177803 23 53
178164 34 48
178711 49 52
179323 42 53
179377 25 38
180018 28 33
180219 47 66
180318 29 63
180531 52 63
180612 36 35
180696 63 32
180705 47 28
180803 45 37
181044 41 34
181332 40 27
181380 43 39
181979 43 6
182022 79 10
182105 68 11
182509 46 17
183200 69 16
184136 52 17
184317 65 21
184759 75 16
184809 57 18
184815 57 18
185031 69 25
185403 62 10
185445 60 15
185569 37 12
185579 40 11
185586 39 12
185877 50 17
185925 61 16
185938 74 15
186195 98 23
186784 47 12
187188 70 27
187711 59 11
187739 80 16
187785 65 17
187808 57 17
187844 50 16
187859 54 21
187882 45 21
187940 70 22
188711 45 33
189438 59 12
189888 67 15
190121 56 14
190897 62 15
191175 73 29
191558 101 26
191896 38 7
192135 58 11
192445 55 13
192983 69 9
193076 57 22
193205 50 19
193761 22 4
193904 29 20
193944 17 15
194027 3 23
194061 3 18
194088 2 13
194135 4 22
194148 6 24
194228 23 25
194417 8 8
194600 33 38
194663 8 59
194731 50 11
194889 82 21
194912 74 21
194956 60 11
195009 49 13
195030 55 14
195076 61 13
195118 70 15
195170 72 10
195378 66 12
195444 65 13
195571 79 9
195713 43 14
196460 63 11
197011 71 16
197195 67 14
197229 60 11
198170 67 13
198280 17 8
198917 51 8
200931 60 13
200938 58 14
200980 60 17
201163 54 10
202383 52 18
202583 58 16
203122 52 19
203188 67 25
204026 83 28
204119 71 15
204125 75 17
204158 52 7
204344 49 13
204461 67 14
204550 85 10
205514 82 17
206186 63 20
206800 66 17
206918 48 19
208064 80 21
209176 75 17
210242 49 16
210250 44 15
210512 59 15
211241 60 16
211248 62 19
211617 61 12
211723 61 22
211866 55 17
212135 56 11
212278 61 15
212684 69 20
212802 64 15
214002 58 12
214016 53 9
214049 30 9
214185 82 18
215217 46 14
215247 57 15
215687 76 12
216314 70 16
217580 57 23
217591 50 21
217634 74 19
218293 79 18
218552 51 15
218564 60 17
219031 55 15
219265 55 14
219309 65 13
219325 64 19
219375 66 29
219516 53 15
219548 53 21
219581 62 29
219791 62 25
220170 55 20
220411 80 22
220777 51 20
220802 65 18
220990 48 15
221101 57 16
221186 67 14
221288 60 14
221387 74 12
221420 65 7
221916 49 13
221944 48 14
222046 61 13
222268 62 20
222337 61 22
222508 66 16
222673 68 15
222793 58 18
222988 72 18
223034 75 17
223990 60 16
224072 53 11
224313 78 19
224427 75 23
224769 45 17
224828 54 15
224840 42 11
224935 55 13
225149 51 23
225157 49 24
225166 52 22
225754 53 12
226510 42 17
226545 60 14
226603 86 8
226943 72 9
227046 44 7
227138 44 10
227352 53 6
227379 35 4
227596 49 14
227736 64 14
227842 49 15
227929 50 12
228074 50 13
228193 41 13
228214 36 11
228511 47 17
228565 58 15
229183 42 31
229895 58 26
230590 57 25
230737 49 29
230837 45 25
230887 26 13
230923 19 22
231218 42 29
231235 44 27
231305 27 15
231370 41 31
231550 34 25
231632 42 26
231955 30 14
232078 29 26
232189 51 28
232685 43 26
232692 39 27
232904 39 27
232946 40 32
233072 40 24
233207 48 39
233299 53 33
233846 49 28
234776 52 22
234848 41 24
234997 47 34
235313 47 24
235560 50 24
235833 52 39
235960 28 37
236962 37 30
238868 45 28
239332 44 31
239596 47 32
240007 28 23
240697 60 38
240766 23 27
240931 46 20
240940 37 21
241768 52 33
242476 51 35
242790 42 23
243069 34 23
244572 69 32
245155 65 33
245755 47 26
245984 51 40
246256 34 35
246300 29 25
247143 44 31
247219 51 27
247259 66 29
247408 52 25
247461 65 32
247494 71 37
247518 75 47
247606 32 21
248106 42 35
248526 53 29
248574 44 27
248590 51 28
248601 45 30
249986 35 27
250659 62 42
250839 44 22
250952 53 33
252730 20 24
253036 29 33
253152 41 54
253216 56 53
253985 31 41
254137 47 50
255214 23 43
255342 35 55
255526 29 38
256043 33 44
256109 18 42
256532 21 33
256947 44 49
257814 41 63
258327 33 47
258351 25 43
258507 29 30
258594 46 51
258789 33 43
258906 33 51
259590 26 28
260502 26 28
260871 44 44
260880 50 53
261198 31 32
261208 29 33
261255 36 45
261849 38 35
262511 35 51
262572 30 51
262626 35 56
262680 36 60
262818 39 42
262884 32 41
263083 24 34
263259 46 35
263461 25 43
263620 56 41
263851 27 41
263869 32 39
263938 23 38
264019 31 35
264028 32 38
264034 30 40
264155 34 37
264331 34 38
264697 39 44
265557 31 35
265713 39 54
266464 29 34
266487 32 41
267294 29 42
267540 41 47
268549 17 13
268584 27 16
268877 22 45
268892 26 48
269019 37 47
269401 21 26
269887 37 43
269902 39 40
270520 32 44
270667 33 33
270793 32 38
271102 24 32
271203 21 38
271622 23 38
271633 26 39
271993 19 37
272032 37 73
272086 50 71
272582 43 45
273202 30 47
273212 39 50
273433 32 43
273805 37 28
275174 22 21
275540 31 33
275561 37 31
275958 30 43
276040 44 26
276753 37 43
277219 45 57
277288 50 40
277525 43 47
277534 41 42
277993 34 50
278398 46 38
278539 31 53
278716 26 29
278939 35 35
279226 40 30
279714 28 42
279817 28 27
279955 40 30
280232 37 41
280260 42 43
280519 35 30
281191 47 49
281218 45 50
281239 44 44
281582 47 47
281779 41 29
282272 33 22
282373 54 33
282476 44 29
282783 24 33
282820 29 38
282829 30 32
283061 37 28
283134 46 30
283262 37 33
283406 41 22
283590 28 37
283689 58 38
283889 36 32
283986 30 35
284060 36 49
284099 28 32
284162 35 30
284225 29 28
284561 31 41
284954 38 44
284965 41 42
285198 23 35
285434 40 13
285447 40 13
285576 49 22
285691 45 24
285885 55 43
286321 55 22
287191 46 13
287302 52 29
287325 40 26
287452 40 20
287500 42 15
287554 34 19
287749 54 15
288134 48 20
288173 44 27
288225 38 26
288307 45 20
288615 46 20
288689 39 24
288889 66 32
290147 50 27
290153 48 29
290208 42 19
290234 52 17
290531 55 18
290597 42 30
291017 55 26
291076 63 31
291156 39 13
291500 54 26
291890 46 18
292136 75 32
292416 63 20
292850 44 32
293728 49 22
293754 54 29
293761 39 23
294014 39 9
294112 48 13
294137 36 11
294147 42 9
294152 40 11
294206 43 22
294440 33 17
294803 46 20
295170 48 20
295184 43 16
295339 52 26
295514 42 9
295739 41 23
295769 56 27
296529 50 22
296566 57 20
296610 39 16
296818 54 22
296983 45 15
297137 59 25
297318 58 26
297610 39 18
297754 58 19
297761 62 24
297793 54 30
297883 47 17
297922 51 18
297928 50 19
297949 57 24
298327 57 27
298423 47 24
298873 67 28
299330 77 23
299365 49 12
299384 37 6
300005 52 21
300140 37 15
300155 48 22
300221 60 27
300425 58 23
300809 22 11
301087 43 19
301187 60 17
301206 55 20
301699 49 24
301771 59 27
302037 50 24
302519 63 20
303850 42 18
303865 52 14
304154 48 19
304399 53 28
304601 52 29
305248 45 31
305269 38 22
305681 43 29
305751 46 17
306012 32 23
306520 42 19
306542 47 23
307244 58 20
307874 33 16
307907 47 30
308639 53 14
308875 46 36
309079 37 22
309223 48 19
309513 28 22
309637 44 27
309687 37 27
310048 56 24
310522 17 10
310563 20 7
310584 26 18
310608 36 23
311289 59 22
311336 55 15
311462 42 21
311523 58 32
311538 56 33
311694 38 34
311791 57 20
311949 35 32
311955 34 28
312031 44 19
312056 40 31
312078 34 32
312201 41 28
312252 29 17
312309 26 20
312375 47 25
312401 35 31
312835 43 41
313183 56 25
313236 34 11
313522 64 26
313655 41 26
313992 37 26
314036 48 32
314261 43 33
314354 34 31
314474 31 26
315056 50 22
315569 67 33
315650 39 36
315983 62 29
316020 57 21
316095 29 26
316549 59 22
317199 49 34
317829 59 16
318152 46 23
318336 60 29
318502 56 22
319082 46 19
319473 48 19
319490 51 14
319709 61 31
319824 37 19
320606 68 39
320702 37 19
321419 55 35
322075 54 22
322178 42 17
322211 48 26
322226 46 28
322256 37 26
322359 66 42
322465 59 23
322470 55 21
322598 64 21
322640 61 21
322670 73 31
322682 69 32
322850 56 28
322898 81 33
322913 66 31
322987 56 31
323075 41 15
323086 43 15
323549 58 37
323788 44 22
324504 44 24
324777 51 23
324856 56 17
325165 32 18
325510 44 27
325722 54 21
325774 48 22
325830 41 22
325867 60 22
325927 49 25
325957 33 23
326819 51 23
327844 27 27
327855 31 28
327924 43 18
328088 37 14
328203 60 30
328231 52 19
328477 35 14
328611 42 21
328726 58 24
329461 40 21
330144 62 29
330308 47 20
330320 44 18
330545 49 20
330683 60 19
331639 47 35
331772 48 25
332120 30 34
332237 36 25
332282 32 20
332914 46 19
333101 60 22
333600 56 44
334017 38 25
334089 42 21
334467 32 25
334500 39 29
334857 41 27
337139 51 31
337379 49 28
337502 57 25
338435 50 36
338463 43 32
338595 55 26
338792 38 22
338850 34 19
338912 46 21
338936 61 31
338949 61 27
339296 60 26
339333 57 22
340028 76 26
340277 52 31
341809 56 23
342125 29 22
342263 53 22
342570 44 20
342698 47 37
342747 42 24
342855 49 20
343010 36 14
343253 46 31
343265 57 26
343810 39 29
343981 35 34
344116 46 27
344392 38 31
344399 53 43
344450 43 35
344471 35 33
344484 56 31
344495 56 27
344507 59 30
344523 54 26
344533 49 19
344545 35 28
344573 34 22
344588 29 20
344675 53 23
344702 40 26
344797 56 31
344845 48 17
344860 50 18
344932 49 26
344979 54 22
345013 60 27
345121 31 22
345274 20 70
345280 17 71
345293 20 65
345301 24 66
345313 24 56
345351 11 26
345806 10 32
345817 10 48
345822 8 54
346014 21 21
346019 21 20
346028 18 18
346036 14 23
346239 26 11
346276 46 23
346370 42 17
346551 43 23
346564 42 24
346622 58 27
346630 56 24
347086 55 27
347272 54 33
347285 43 32
347296 52 26
347410 56 30
347500 52 17
347764 41 21
348448 54 21
348821 31 13
348868 5 6
348930 13 8
348984 24 13
349023 22 15
349060 27 19
350416 29 12
350526 13 12
350853 51 19
351413 22 23
351792 32 18
352614 43 23
353161 55 42
353464 30 35
353475 32 44
353734 41 22
353752 31 34
354343 40 19
354391 47 25
354413 54 23
354811 40 40
355062 36 32
355234 35 34
355386 52 54
355426 49 49
355603 34 22
355687 31 32
356581 35 21
357147 41 32
357520 16 33
357613 30 53
357631 44 52
357865 11 25
357877 3 24
357949 9 35
358055 40 43
358632 63 38
359285 62 44
359692 40 35
360059 43 36
360535 38 33
360565 59 44
360637 39 34
360775 48 26
361072 51 23
361751 48 29
362368 26 32
362821 55 44
362977 39 42
363178 52 35
363808 36 33
364440 46 37
364647 31 30
364796 43 30
365363 21 26
365388 16 30
365473 17 36
365488 20 29
365675 33 38
365737 37 35
365752 33 39
365919 29 35
366343 57 46
366558 38 29
366605 36 24
366708 43 42
366753 36 36
367729 34 25
367752 38 18
367886 43 38
367910 40 34
368096 45 33
368384 52 29
368405 45 15
368475 44 35
368749 46 43
368769 49 43
368809 46 36
368890 40 35
368904 36 26
368944 37 16
368966 37 22
368975 42 23
369125 52 27
369191 33 23
369196 32 24
369274 51 41
369871 41 38
369907 33 38
369937 45 36
370033 38 37
370225 47 36
370381 58 46
370736 78 54
370993 53 26
371294 44 41
371462 33 40
371632 50 44
371651 48 46
372284 44 38
372290 46 39
373121 26 29
373139 31 36
373520 43 26
373707 38 32
373922 36 44
374277 43 45
374691 51 24
376185 43 42
377252 47 42
377551 32 27
377846 50 23
378052 69 43
378106 51 41
378276 52 26
378826 32 18
378892 15 5
378926 23 14
379267 38 24
380051 33 25
380370 47 38
380567 57 43
380955 37 29
381541 40 30
381680 20 13
381791 30 28
381801 36 28
381907 33 30
382905 27 28
382967 26 19
383264 37 18
383606 51 41
383702 47 29
384059 33 25
385170 41 35
385335 33 26
385356 36 26
385802 26 29
385875 39 30
385902 35 30
385950 31 26
386038 50 38
386052 58 42
386314 40 26
386538 38 34
386543 35 32
387257 60 43
387452 42 27
387475 39 23
387492 31 23
387630 33 29
387695 34 37
387735 43 46
387818 52 46
387904 43 25
387958 54 32
388093 45 27
388126 50 27
388290 45 25
388860 27 25
388921 51 32
389236 52 40
389337 40 17
389534 38 27
390005 42 27
390063 49 31
390070 49 34
390131 55 41
390266 35 22
390521 47 35
390621 40 31
390911 22 26
391026 4 25
391031 6 25
391047 34 31
391094 49 43
391126 39 35
391147 34 33
391256 28 39
391925 38 25
391974 29 32
392001 26 26
392195 39 23
392407 35 40
392925 39 37
393361 35 29
393463 41 31
393799 33 33
395353 39 39
395726 21 26
395952 35 14
397623 47 29
397805 62 40
398112 56 34
398310 55 36
398530 50 35
398986 40 30
400245 58 36
400502 38 24
400614 29 26
400857 42 36
400885 38 37
400906 39 32
400915 43 37
401140 69 42
401154 63 42
401165 62 39
401180 65 55
401303 32 19
401716 40 30
402117 57 38
402294 38 30
402496 51 33
402546 53 31
403654 34 31
403743 34 25
404236 28 25
404900 40 24
405319 36 23
405855 35 22
406277 32 26
406624 42 31
406923 44 34
407564 79 0
407579 55 40
407589 82 0
407597 75 0
407887 56 32
408237 40 33
410000 47 32
411624 36 22
412006 46 45
412658 38 22
412899 38 28
413024 37 22
413044 30 21
413382 49 53
413601 51 49
413684 46 55
414108 41 21
414193 47 33
414739 39 31
415055 28 28
415137 27 20
415366 30 32
415575 20 18
415935 25 22
416103 36 34
416289 37 47
416837 56 45
418381 49 36
418398 46 37
418434 46 42
418809 47 42
419036 47 28
419346 38 37
419676 51 39
419757 38 30
420331 50 24
421704 33 37
421816 40 39
422325 27 41
422341 33 43
422348 31 40
422689 63 47
423051 36 42
423372 36 41
424762 42 31
424828 49 31
424842 41 30
425458 28 26
425649 53 55
426030 32 38
427125 21 18
427137 21 17
427157 41 24
427402 27 12
428717 58 36
428748 48 27
429113 42 46
429205 31 29
429266 30 28
429559 29 21
429715 51 37
429971 45 36
430417 27 18
431898 25 22
433224 53 34
433914 36 36
434095 52 28
435034 48 32
435205 28 29
435253 36 42
435328 42 35
435658 50 41
435689 43 34
435978 51 41
436692 49 50
436841 18 26
437617 28 25
437878 38 42
437904 46 48
438165 49 32
438599 52 33
439120 47 30
439216 27 30
439281 36 28
439311 44 30
439726 53 41
439739 46 37
439820 47 24
439855 42 31
440043 46 37
440077 48 37
440154 53 36
440207 50 30
440324 33 31
440395 30 31
440928 48 45
441077 28 30
441190 40 35
441328 63 43
441513 51 41
441583 38 36
441952 53 67
442186 44 33
443066 47 37
443469 32 39
443662 35 23
443992 43 25
444118 32 22
444127 35 22
444244 47 53
445564 38 26
446063 54 36
446298 41 37
446504 41 39
446527 49 54
446609 35 20
446632 34 20
447027 35 32
447117 37 54
447138 35 45
447474 36 43
447479 41 47
447646 46 34
447705 33 30
448467 49 40
448533 36 24
449315 56 46
449379 41 25
449695 42 28
449761 35 30
451180 26 33
451502 39 35
451776 45 35
452286 36 25
452539 28 21
452561 34 24
453321 69 55
453505 28 41
453512 35 42
453556 51 36
454129 28 15
454192 31 28
454332 44 30
454579 35 22
455031 26 39
455214 37 57
455796 47 47
456141 40 51
456306 35 42
456453 32 45
456591 33 32
456942 37 34
457140 43 38
457247 28 34
458364 38 45
458661 28 36
458772 31 33
458862 39 36
458897 35 60
459028 37 33
459622 33 29
459665 23 36
459917 20 39
460298 36 56
460536 33 34
461074 44 47
462482 46 20
462545 53 20
462585 43 16
463019 46 24
463725 53 21
463834 74 23
464255 45 20
464426 69 29
464484 41 16
464684 47 23
464705 57 24
465700 71 29
466462 41 21
466503 47 23
466521 44 18
466536 61 23
466673 79 30
466692 42 17
466974 65 27
468067 65 23
468202 45 12
468271 55 24
469192 77 28
469576 54 24
470897 57 24
471249 55 18
472871 55 13
473609 55 21
474240 52 34
474251 57 29
475761 57 20
476448 47 12
476667 40 20
476846 59 20
476953 62 20
477406 66 20
477808 48 20
477902 54 28
478639 52 19
479086 47 26
479736 64 26
479881 51 27
480207 64 27
481784 56 15
481944 68 24
481953 69 22
481996 66 36
482055 54 26
482202 60 16
482450 62 21
482599 55 21
482636 42 19
482690 43 17
482987 50 22
483078 59 28
483137 42 21
483197 54 13
483498 52 24
483966 49 31
485330 39 22
486137 53 22
486160 43 25
486281 49 24
486348 75 27
486588 49 28
487332 37 15
487623 47 22
487662 55 23
487782 54 31
487884 51 26
487939 46 33
488116 39 27
488367 49 32
489003 63 26
489082 61 28
489186 67 18
489459 51 27
489581 54 37
490172 74 47
490247 47 24
490340 64 35
490375 60 33
491372 65 19
492241 38 25
492449 53 31
492523 56 28
493133 39 27
493343 52 20
493421 58 26
493435 61 27
493522 53 20
493531 43 20
493723 51 30
493748 53 26
493817 27 22
494074 67 31
494396 54 30
494596 45 26
494609 47 34
494708 66 29
494995 42 20
495448 51 24
495965 42 21
496105 70 23
496352 69 28
497026 61 25
497035 64 25
497157 60 29
497177 64 19
497208 54 22
497230 59 15
497240 53 18
497536 51 16
497710 69 28
497724 51 30
497725 10 80
497738 79 29
497744 30 73
497753 30 78
497787 39 114
497906 39 34
497949 68 46
497980 66 38
498854 46 22
499019 65 33
499573 57 23
500069 55 29
500102 56 39
500342 63 25
500531 56 30
501316 42 35
501698 39 24
501736 54 21
501780 64 28
501794 58 29
501969 65 31
502035 49 28
502437 53 29
502492 53 38
502620 54 33
502746 41 24
502824 59 31
503060 33 20
503358 38 21
503515 57 33
503537 63 29
503596 44 28
503649 51 25
503657 37 24
503768 66 39
503802 55 33
503841 50 17
504031 48 19
504541 55 24
505257 29 12
505421 59 33
505549 40 24
506196 48 34
506285 46 26
506312 41 25
506381 38 20
506462 52 33
506612 51 18
506780 45 28
506828 51 35
507439 67 28
507494 44 24
507994 43 16
508039 40 22
508318 50 33
508537 46 31
508603 53 23
508762 19 14
508824 39 19
509053 34 20
509810 40 31
510122 42 26
511049 64 36
512157 54 36
512484 57 29
512502 53 36
513074 45 29
513582 50 20
513777 63 33
514046 67 27
514426 60 26
514557 64 30
514863 55 29
514923 60 39
515007 65 33
515171 56 38
516248 54 30
516448 35 29
517086 63 23
517247 81 41
517285 60 27
517325 30 18
517416 34 20
517688 44 25
517824 46 30
517957 50 38
518050 58 36
518190 50 23
518323 54 28
518405 36 25
518532 84 40
518902 60 37
518937 57 33
518998 49 30
519036 50 26
519300 59 36
519450 46 29
521068 55 29
521095 56 32
521177 61 29
521437 62 39
521501 41 16
521588 57 38
521681 83 32
521735 69 37
521778 37 35
521837 44 22
522197 62 37
522238 69 34
522262 76 39
522317 43 27
522761 48 22
522863 43 41
523025 46 22
523034 37 22
523064 36 13
523076 38 12
523218 63 43
523276 68 43
523627 60 25
523764 41 28
523801 43 25
523893 44 23
523911 58 29
524358 36 28
524377 47 33
524846 49 29
524951 70 22
525071 62 31
525608 76 30
526354 60 21
526975 56 23
527890 71 21
527968 50 27
528366 55 22
528775 51 28
528843 57 28
528990 6 38
529014 9 67
529091 73 32
529498 61 36
530219 95 25
530675 62 26
530818 38 37
531917 48 33
532059 73 26
532071 57 22
532083 58 23
532149 43 20
532155 41 20
532393 48 24
532567 71 35
532646 39 16
533512 48 27
533553 54 33
533576 55 26
533705 52 27
534738 49 14
535493 61 29
535553 69 28
537803 36 20
538350 58 21
538461 51 27
538521 63 27
538617 28 19
538695 49 18
538740 61 33
538749 50 31
538783 62 35
538803 51 30
541303 53 31
541614 50 16
542037 54 24
542047 63 25
542067 58 28
542358 53 20
542532 52 24
542631 56 13
542808 65 25
542829 60 30
542907 60 29
542953 57 22
543312 53 26
543557 56 25
544143 57 40
544226 46 22
544251 43 24
544425 56 34
544455 56 21
544551 53 17
545058 51 36
545133 36 29
545730 56 26
545773 52 24
545914 50 22
547078 40 22
547530 44 21
547845 61 29
549188 41 14
550308 36 25
550452 62 31
550857 59 38
550993 42 28
551540 41 30
551678 44 29
551742 47 32
551868 43 22
551929 39 17
551984 52 26
552848 26 44
552955 25 45
553072 43 49
553400 33 39
553651 25 34
554092 16 25
554197 16 29
554725 45 57
554764 32 64
555007 41 47
555364 43 52
555408 48 60
555528 27 29
556820 24 29
556997 29 50
557180 40 58
557597 28 53
558205 33 49
558213 43 62
558237 45 71
558486 34 56
558599 37 45
558646 26 60
558652 27 58
558658 31 63
558754 27 32
558854 17 42
559118 37 32
559125 32 25
559208 20 49
559280 24 51
559403 35 38
559481 36 39
559685 40 57
560063 39 54
560957 43 58
561003 33 45
561066 37 44
561262 41 52
561385 40 44
561433 44 59
561526 35 52
561656 42 57
561776 33 50
561844 38 46
563116 31 41
563410 23 49
563958 41 34
564464 47 52
564703 35 43
565365 32 43
565882 39 42
566113 41 47
566130 43 50
566381 29 28
566426 42 49
567320 38 41
567431 38 47
567714 49 54
567758 18 24
567892 31 54
568226 33 44
568393 38 44
568441 30 40
568499 41 37
568568 33 52
568607 44 51
568651 35 46
569130 24 37
569251 32 53
569562 44 37
569686 45 56
570013 41 42
570082 48 50
570364 42 49
570510 23 44
570622 46 50
571087 43 41
571456 53 48
571648 42 53
571952 53 49
572491 46 59
572585 35 30
572660 32 42
573575 39 36
573860 21 34
574406 37 43
574561 42 49
574811 44 48
574856 48 46
574898 57 40
575006 40 36
575312 53 46
575525 32 44
576653 33 37
577452 50 38
577460 50 40
577470 57 43
577707 40 39
577806 39 44
577932 45 59
578711 51 45
578779 57 47
578861 42 44
579210 45 36
579508 35 31
579860 38 42
580476 40 49
580671 45 35
580970 50 40
581007 54 38
581218 32 33
581369 52 55
581416 46 44
581566 28 48
581577 36 46
582345 60 48
584961 21 42
585122 35 68
585152 36 64
585377 38 41
585583 39 67
585664 29 31
585766 57 57
586120 37 50
586138 32 40
586338 35 41
586496 36 36
586509 42 31
586721 45 38
586764 49 45
586793 35 40
586860 29 38
588283 35 54
588987 50 44
589321 31 49
589329 33 43
590713 36 33
590853 48 68
590979 35 45
591077 44 63
591196 30 43
591354 45 70
591359 45 68
592538 51 64
592735 42 61
593275 54 56
593348 49 48
593650 31 55
593742 34 40
593769 37 45
594048 34 50
594205 34 63
594570 37 68
594592 31 66
594769 17 41
594926 33 46
594932 32 49
595292 48 42
596372 21 32
596425 30 39
596433 30 43
596441 25 40
597806 51 48
598397 27 35
598593 47 51
598681 37 48
598712 37 50
598741 26 48
598803 23 43
598903 38 30
599697 69 37
599855 40 32
600311 78 36
600329 50 34
600918 55 46
600956 48 42
601331 42 40
601406 55 28
601572 45 25
601593 28 20
601843 39 39
601867 39 26
602078 64 52
602359 57 45
602921 65 56
603180 41 31
603646 53 32
603872 45 40
604289 62 47
605268 53 35
605350 49 35
605358 43 29
605419 44 43
605562 60 45
605666 63 46
605701 34 29
605814 44 30
605873 65 44
606580 49 44
607096 50 39
607429 60 44
607457 56 37
607710 48 26
607848 68 26
607954 50 26
608014 62 34
608044 62 28
608089 82 32
608098 74 31
608490 61 38
610376 60 35
610862 58 31
611882 39 28
611892 40 30
611995 47 47
612953 49 28
613589 51 45
613937 40 32
613952 44 38
614408 48 37
614471 45 31
614789 57 34
614879 49 51
614891 56 54
615050 70 44
615264 20 17
616110 54 36
616341 81 40
616513 58 30
616526 64 29
616594 55 39
616742 58 54
616889 48 43
617018 42 44
617651 38 38
617838 38 34
617996 34 25
619277 32 11
619751 32 46
620181 39 40
620234 57 55
620329 16 22
621087 32 40
621554 35 35
622367 46 40
622678 53 44
622691 55 44
622734 43 35
622782 37 38
623044 33 38
623185 56 41
623367 43 46
623397 34 34
623442 54 53
623466 48 37
623508 60 46
623796 42 39
623950 45 47
623973 51 35
623987 63 41
624006 65 40
624477 54 42
624531 62 49
624885 48 43
625199 54 39
625387 67 38
625435 61 40
625624 41 37
626160 57 54
626466 55 43
627489 74 27
627544 64 40
627713 46 22
627726 44 24
627992 37 50
628096 47 42
628334 43 47
628625 46 48
628917 58 47
629533 45 35
629579 67 57
629616 61 60
629931 73 49
630004 48 37
630025 29 24
630057 38 30
630073 47 33
630113 48 33
630167 57 64
630349 31 30
631377 51 33
631992 39 28
632097 50 47
632102 52 52
632418 41 31
633542 42 44
634536 72 19
634790 75 16
635498 79 22
635771 65 18
635785 62 20
636035 48 19
636373 76 17
636443 68 15
636448 58 14
636506 71 12
636527 69 11
636546 67 10
637422 88 12
637427 88 11
637754 69 8
638076 63 9
638286 93 14
638442 64 12
638913 83 19
638998 54 17
639057 59 9
639297 91 9
639445 73 10
639528 97 10
639831 88 13
640014 81 11
640464 77 13
640479 69 14
640804 74 9
640990 53 14
642191 37 6
642664 67 22
642797 82 17
643025 88 22
643199 80 22
643560 84 17
643596 73 17
644446 80 21
644595 82 23
644672 115 15
644992 87 12
645273 117 16
645634 61 9
646133 56 9
646192 96 12
646272 95 13
646448 71 13
646899 91 14
647034 111 13
647379 75 10
647476 55 7
647581 75 7
648351 73 8
648567 98 11
648904 90 9
649284 86 6
649689 67 14
649776 100 14
650367 83 11
651072 100 11
651277 80 12
651323 72 11
651445 107 16
651476 106 11
651481 109 13
651888 72 10
652138 104 10
652933 76 11
653068 78 15
653115 96 13
653164 59 7
654189 84 13
654311 78 13
654833 92 6
654914 85 12
655098 85 11
655154 93 12
655188 92 13
655877 107 19
655904 110 15
656002 93 9
656031 102 14
656221 81 15
656674 83 16
656949 69 20
657295 76 14
658646 98 10
658711 87 20
659018 112 15
659950 88 13
660029 78 11
660065 73 7
660110 111 10
660251 86 20
660442 97 10
660473 94 10
660905 84 18
661109 111 14
661869 64 15
661988 92 14
662125 62 16
662237 86 8
662582 69 10
662805 86 12
663289 73 11
663829 111 11
664366 102 10
664486 84 5
664606 87 11
665398 86 11
665547 80 10
666016 77 15
666904 89 4
667033 75 8
667069 74 12
667364 73 11
667402 74 13
667726 52 6
668300 67 12
669097 80 10
669235 78 11
670024 82 12
670568 100 17
670586 102 23
670673 57 6
671312 123 8
671369 74 15
671894 90 20
672455 79 31
672602 77 25
672932 98 30
672941 80 26
672947 82 26
673145 54 22
673161 62 21
673217 87 19
673478 61 16
673874 86 24
674066 64 14
674225 94 15
674511 80 23
674679 97 26
674793 82 21
674869 67 17
675090 88 18
675243 74 21
675370 78 17
675414 96 18
675973 58 20
676231 65 15
676327 84 15
676429 77 13
676443 61 14
676802 77 13
676893 91 20
680402 84 21
680493 48 7
681402 67 28
681456 97 24
681466 105 24
681711 80 17
681787 91 23
681812 68 21
681817 63 18
681916 64 19
681952 60 13
681965 57 14
682300 90 18
682344 75 17
682379 78 21
682453 62 18
683367 81 16
683649 64 18
683761 73 19
684263 77 26
684970 58 38
685033 50 55
685045 58 63
685339 74 42
685428 48 47
685479 43 37
685819 69 73
686064 73 54
686145 56 33
686663 70 56
686788 43 28
686806 53 30
686815 49 28
686976 70 57
687013 66 57
687100 58 41
687130 49 26
687182 49 34
687248 74 52
687432 61 30
687648 53 35
687688 72 47
688411 53 29
688464 59 49
688591 49 42
689249 62 43
689350 57 37
689487 64 49
689550 67 53
689575 77 55
689635 80 52
689739 67 40
689834 54 57
689884 40 37
690042 82 57
690531 50 55
690745 60 52
690824 33 34
691013 53 60
691120 28 44
691144 6 33
691959 46 28
692048 63 43
692135 66 42
692278 57 45
692454 52 44
692513 70 39
692562 65 37
692841 7 51
692932 35 59
692953 52 48
693034 78 55
693089 61 49
693112 55 60
693206 65 50
693249 69 49
693296 82 53
693322 73 54
693463 43 90
693490 19 66
693859 98 141
693889 57 128
694083 74 35
694168 57 51
694969 30 36
695059 78 56
695075 83 48
695275 60 40
695444 70 42
695598 54 41
695624 50 36
695741 58 40
695915 44 24
695946 62 38
696184 46 19
696196 40 20
696533 41 28
696653 73 66
696741 39 35
696896 57 62
697057 49 53
697112 49 38
697123 50 40
697320 57 41
698026 49 49
698173 50 48
698769 50 25
698945 51 51
699707 69 52
699720 80 64
700071 66 47
700201 33 28
700218 61 39
700418 62 48
700946 44 29
701568 56 54
701694 63 51
701927 62 51
701984 56 57
702159 63 22
702897 45 52
703174 44 50
703345 48 43
703355 44 42
703372 45 32
703582 62 39
703758 72 51
704097 76 35
704158 65 22
704384 52 46
704549 40 37
704630 59 45
704966 45 39
705212 48 30
705274 64 40
705296 65 43
705556 44 37
705681 49 53
705687 51 55
706050 60 45
706122 73 45
706359 71 32
706504 59 35
706632 131 40
706668 97 35
706723 45 99
706818 66 41
707012 64 92
707093 41 27
707272 12 32
709849 8 30
710111 44 45
710149 56 50
710305 41 37
710338 58 37
710558 40 31
710774 11 33
710977 8 12
711657 9 14
711664 3 14
711675 2 10
711881 11 48
711965 18 17
712004 17 20
712036 15 28
712043 12 28
712345 8 24
713175 4 17
713185 2 12
713261 5 15
713309 7 24
713343 5 32
713376 5 24
713439 6 36
713476 14 24
713520 8 31
713575 17 101
713680 26 60
713749 34 39
714338 6 14
714484 11 31
714514 10 65
714538 15 50
714561 25 35
714602 14 35
714610 13 35
714646 25 97
714667 28 99
714684 28 118
714765 46 54
714842 27 158
714919 82 152
714935 56 230
714998 32 236
715118 125 24
715133 67 37
715139 49 34
715227 70 62
715257 102 62
715304 62 57
715319 29 81
715341 28 58
715344 19 65
715417 14 54
715432 13 51
715509 22 67
715514 25 68
715545 41 54
715657 7 48
715672 6 53
715677 7 52
715694 20 38
715722 5 40
715762 20 32
715774 24 32
