239 12 61
261 12 49
272 12 34
352 14 52
403 13 46
436 7 59
493 12 63
542 18 55
547 17 55
564 15 56
694 14 94
727 10 90
742 24 65
757 27 67
797 27 94
985 53 63
1002 21 62
1016 9 61
1219 14 67
1273 31 114
1336 90 66
1365 9 72
1474 12 51
1693 10 60
1849 2 9
2143 5 23
2500 7 53
2577 8 62
2653 12 64
2677 16 56
2855 36 93
2885 32 84
2961 24 59
3071 22 54
3186 40 76
3301 17 52
3457 16 82
3462 19 86
3497 19 61
3692 38 79
4062 43 110
4132 30 73
4698 33 53
4939 26 65
5251 53 78
5622 37 58
5819 29 59
5944 33 58
6092 44 64
6226 38 92
6350 34 59
6496 29 41
6664 36 56
6672 47 59
7759 38 69
8195 21 46
8742 43 62
9073 51 75
9218 35 72
9235 30 56
10078 25 61
10556 31 70
10703 36 66
10925 45 95
11132 26 72
11642 45 78
11956 37 61
12047 28 65
12327 35 54
12647 37 68
12872 51 111
13157 27 57
13424 21 65
14012 23 41
14570 26 70
14893 28 66
16192 43 75
16775 41 60
16834 39 71
17064 31 58
17117 32 81
17151 37 121
17369 26 55
17563 40 94
17820 39 75
18254 35 56
18344 28 47
18586 46 90
18736 29 53
18801 48 62
19130 36 53
19194 40 66
19498 34 83
19530 32 79
19562 24 51
19620 29 46
19652 38 53
19664 41 61
19682 50 76
19690 36 67
19698 34 64
19768 24 63
20063 40 41
20103 32 44
20142 31 48
20175 28 44
20303 20 50
20407 8 27
20417 28 53
20476 48 61
20569 41 40
20606 40 49
21129 50 56
21180 65 56
21395 32 32
21444 44 28
21503 51 43
21721 24 32
21743 30 40
21748 32 36
21870 24 35
21897 27 39
21962 25 33
21968 24 32
21978 25 37
22258 13 21
22512 55 67
22651 41 53
22738 54 52
22975 36 61
23410 47 51
23632 52 58
23701 54 47
24350 38 50
24415 47 61
24543 36 46
24672 71 58
24764 41 50
24808 41 47
25093 37 39
25402 53 47
25505 37 48
25554 53 50
25745 40 58
25767 49 61
25778 44 54
25790 47 56
25841 44 43
26114 28 62
26225 59 43
26457 48 47
26557 66 73
26618 38 68
26629 32 54
26730 33 50
26789 48 48
26865 46 45
26905 41 30
26966 41 56
27247 44 48
27449 45 43
27478 39 36
27532 39 53
27697 60 68
27805 33 56
28111 29 49
28552 57 45
28597 47 56
29398 54 70
29963 56 53
30142 50 34
30172 46 43
30927 42 28
31079 57 68
31616 63 43
31960 73 54
31966 60 48
31977 54 47
32006 54 35
32118 46 45
32210 58 43
32360 73 48
32368 70 44
32551 61 42
32650 55 30
32860 28 22
32905 62 44
33024 56 36
33050 47 32
33118 35 34
33178 50 37
33952 44 62
35687 59 73
35775 56 41
35833 67 50
35940 65 59
36056 45 58
36878 46 59
36991 30 52
37102 32 65
37338 40 49
37423 37 75
37489 41 82
37519 33 80
37705 30 43
37711 31 32
37732 29 36
37759 33 54
37771 36 60
38246 34 55
38423 41 62
38923 36 59
38951 53 64
39296 45 65
39368 27 48
40051 34 42
40843 36 72
41173 45 58
41182 53 64
41194 46 63
41557 49 57
41575 36 48
41614 31 54
41717 29 62
41724 34 62
41887 35 56
42205 42 82
42310 32 66
42325 39 65
42382 48 61
42628 34 42
43054 48 45
43519 40 83
43546 41 76
43597 40 58
43676 33 62
43807 37 64
43846 37 64
44127 41 70
44314 38 61
44432 34 59
44470 32 63
44512 31 61
44542 40 67
44698 35 53
44911 48 88
45247 39 67
45583 34 56
45703 25 40
45928 34 58
46252 56 66
46279 49 80
46312 49 65
46453 29 39
46460 33 42
46554 32 49
46570 40 50
46598 44 68
46622 44 70
46636 42 75
46766 37 61
46787 46 75
47014 44 60
47019 55 65
47137 34 69
48318 48 41
48556 53 41
48670 77 58
49858 46 47
49990 38 42
50566 42 42
50981 51 39
51683 48 37
52759 75 49
53550 26 9
53710 68 38
54102 35 34
55279 43 62
55518 41 58
55837 47 68
56928 36 44
57690 39 47
57917 39 53
57964 61 58
58281 56 54
58494 44 52
58635 53 49
58844 42 52
59307 26 47
59424 35 46
59630 36 50
59994 57 73
61134 19 39
61247 41 65
61509 31 42
61712 45 59
62715 48 57
62817 53 57
63114 50 41
63166 58 42
63468 42 42
63820 40 49
64156 7 38
64252 32 36
64273 30 40
64468 17 42
64474 5 44
64834 41 56
64861 41 53
65320 45 58
65526 60 74
65812 54 54
66317 45 64
66697 40 35
67051 32 50
67107 41 54
67129 38 53
67551 29 59
67799 26 35
68180 15 24
68206 14 24
68243 13 23
68248 13 24
68266 15 27
68392 14 28
68417 22 34
68423 25 33
68553 20 27
68752 39 42
68877 37 29
68889 39 39
69073 46 39
69144 21 33
69218 37 60
69243 33 50
69528 39 35
69666 48 58
69674 45 59
69879 45 42
70182 39 42
70203 32 52
70292 37 49
70674 25 18
71395 47 57
71453 23 35
71461 34 49
72151 36 53
72193 32 36
72418 28 46
72751 30 58
72778 30 66
72820 31 57
72862 36 63
72931 25 54
72943 24 55
73060 37 81
73083 50 83
73382 32 65
73423 44 68
73674 30 47
73719 31 44
73951 39 70
73969 40 65
73995 41 64
74161 29 62
74214 41 55
74282 32 51
74287 30 49
74302 27 52
74336 15 46
74393 42 57
74527 33 55
74676 51 45
74796 21 56
74850 30 61
75089 11 34
75155 22 44
75993 53 26
76342 59 29
76361 49 24
76383 62 29
76403 61 34
76783 50 23
77106 63 22
77128 53 20
77400 65 27
77647 44 30
78094 94 36
78373 80 42
78937 46 18
79018 39 30
79214 51 33
79297 47 19
79430 57 22
79593 66 25
79691 62 37
80320 47 38
80363 65 39
80387 64 42
80420 70 46
80465 56 39
80948 22 79
81319 24 68
81326 25 65
81400 20 71
81406 19 66
81449 9 47
81994 20 79
82000 20 75
82012 24 73
82098 12 43
82303 15 65
82352 19 54
82459 26 62
82651 10 33
82875 21 48
83063 31 80
83303 24 70
83327 24 79
83514 20 79
84149 16 61
84331 22 59
84407 15 62
84449 20 67
84486 16 64
84498 16 71
84521 11 72
84628 19 73
84771 10 73
84945 12 99
85028 22 61
85206 31 90
85230 27 94
85266 22 63
85598 29 84
86800 19 56
86828 25 41
86921 28 80
86940 29 82
87043 20 43
87596 17 56
88178 19 46
88331 11 64
88358 14 59
88432 25 63
88577 19 92
89073 26 60
89212 19 61
89484 22 89
89494 20 89
89666 23 58
89691 18 47
89819 32 80
90131 26 56
90142 25 54
90151 27 50
90166 29 63
90555 19 75
90697 17 75
90715 22 76
90915 23 70
91183 36 69
91375 29 76
91633 30 60
91654 28 62
91789 20 67
91798 18 61
91936 28 55
92186 16 66
92203 19 71
92376 16 70
92733 30 86
92977 17 42
93035 27 54
93327 7 33
93904 21 66
94146 15 60
94333 30 62
94720 27 93
94778 15 62
95503 19 66
95780 23 70
96215 25 67
96782 21 63
96845 28 67
97066 21 48
97616 19 57
97787 23 62
98052 23 53
98183 27 74
98216 15 54
98478 21 63
98642 27 50
98681 21 70
98705 18 67
98720 20 64
98758 19 50
98768 19 51
98835 24 63
98854 28 82
99602 25 56
100240 23 69
100973 11 58
101777 15 59
101978 30 63
102709 23 100
103391 18 70
104084 8 71
116990 7 55
119904 9 70
145250 11 76
145746 6 54
145773 9 68
146760 10 69
147589 6 50
147602 6 49
174652 8 61
174731 11 85
174829 10 75
175032 9 70
175445 17 78
177899 12 63
179251 9 68
179274 9 73
179465 10 74
180260 10 86
180364 12 88
180578 11 78
181010 8 60
181427 10 80
181436 8 71
181463 8 69
182655 9 72
183720 7 63
184941 8 57
185559 13 75
185640 10 62
186202 11 70
187064 11 59
189605 7 55
190773 8 69
190795 8 57
191307 7 53
191358 10 71
193676 9 60
195844 14 46
196006 18 44
196107 29 49
196606 28 58
196621 27 57
197133 24 51
198160 20 68
200029 10 59
200209 15 89
200239 16 96
200358 18 56
200707 25 43
200824 24 72
200839 25 68
200847 22 60
200854 23 58
201315 18 56
201341 25 62
201560 20 67
201950 20 62
202758 13 27
203011 13 57
203069 13 61
203115 24 51
203128 24 49
203165 23 67
203206 17 79
203222 15 76
203271 18 73
203367 18 55
203418 20 62
203467 14 45
203586 10 52
203881 16 38
204502 19 63
204625 21 45
204853 20 59
205807 17 81
206110 27 67
206656 22 54
206716 26 52
206782 22 68
206896 22 74
207051 14 58
207307 11 45
207469 21 68
207952 11 46
207998 16 61
208018 19 52
208036 22 47
208484 6 54
208729 9 45
209355 15 57
209460 12 59
209610 24 64
209715 10 64
209799 8 44
209970 10 61
209991 10 58
210486 10 70
210594 13 73
210606 11 75
210640 9 73
210687 9 55
211028 15 70
211173 10 72
211911 12 93
212143 21 72
212346 10 55
213054 12 61
213110 9 65
213132 7 62
213693 15 80
213944 11 56
213967 9 65
214002 14 80
214008 16 104
214024 16 98
214052 15 84
214076 15 86
214138 11 40
214241 15 110
214491 10 70
214628 9 67
214798 8 48
215767 11 55
215927 13 77
216476 9 73
216661 11 63
216883 12 82
217058 14 67
217448 8 54
217504 7 48
218317 10 57
219307 11 75
219479 12 65
219545 19 85
219658 14 71
219907 10 79
219957 13 84
219984 11 85
220061 14 74
220196 10 76
220246 9 47
220266 10 46
220333 13 79
220369 14 90
220526 7 45
220546 11 54
220597 15 71
220671 10 61
220792 11 49
220820 16 78
220828 13 75
221152 10 60
221263 15 79
221332 12 74
221563 18 75
222271 12 71
222357 11 78
222471 13 63
222484 14 61
222722 12 45
224242 13 56
224291 14 67
224909 11 80
225072 17 57
225086 13 75
225305 13 93
225316 14 76
225932 11 66
226358 10 88
226547 10 44
226983 12 69
227306 18 89
227537 8 50
228389 8 61
228654 9 69
228863 11 53
230108 16 57
230355 16 64
230592 21 74
230659 9 64
230842 12 85
230893 20 90
230906 19 72
231196 18 62
231216 23 78
231327 16 53
231345 16 66
231381 10 60
231490 21 82
231608 15 50
231678 13 48
231915 7 36
231996 10 36
232244 7 39
232814 13 52
233031 15 50
233238 7 60
233580 13 50
233697 35 73
233767 23 74
233818 15 56
233943 13 50
234564 4 28
234744 6 33
234870 7 52
235266 11 46
235459 8 54
235472 11 61
235560 9 64
235677 11 70
235845 10 54
235851 9 57
235872 10 69
235944 10 75
236242 10 56
236489 10 67
236523 8 51
236574 10 53
236699 11 77
236850 12 62
236928 14 52
237320 16 61
238179 7 62
240679 10 62
240708 11 56
240774 9 53
240855 21 72
241018 13 64
241532 11 70
241853 8 69
241940 9 60
241971 8 63
242815 14 68
242969 7 48
243976 12 68
243982 11 60
244264 10 90
247889 9 54
248312 9 57
248395 7 45
248911 12 71
249094 9 46
249158 10 59
249350 21 84
249837 14 69
250340 10 70
250525 11 72
250706 17 68
250776 15 71
250818 9 57
251306 15 61
251375 15 85
251495 12 62
251522 9 48
251600 13 64
251606 11 71
251621 12 78
251631 12 71
251690 8 62
251702 6 54
251922 5 20
252024 9 51
252180 8 58
252450 6 54
252626 14 71
252635 15 65
253283 7 45
254908 14 80
255010 11 55
255382 7 56
255397 12 67
255411 11 66
255481 7 39
255508 8 51
255856 14 86
256147 9 74
256870 11 56
257269 12 64
257395 16 79
257596 19 92
257613 22 85
257688 10 50
257826 22 85
257853 20 72
258192 9 72
258422 8 36
258593 14 66
259005 14 53
259897 14 80
260536 13 63
260559 17 53
260675 10 65
260868 6 50
261267 10 36
262418 20 57
262525 11 56
262571 15 62
262650 9 80
264510 7 59
265409 11 73
265957 15 45
266608 4 35
266644 5 44
266698 13 46
266956 9 43
267943 8 53
267961 8 63
268030 9 60
268072 12 59
268135 14 93
268145 13 90
268753 10 65
269533 12 66
269852 8 49
269945 10 68
270107 10 78
271303 11 65
271481 14 73
271498 12 60
271566 11 75
271589 10 69
272151 22 38
272600 21 29
272752 26 50
272926 34 48
273141 26 47
273172 27 50
273179 26 44
273428 19 55
273460 31 75
273500 26 66
273608 23 42
273638 28 50
273990 16 59
274314 24 64
274561 13 34
274908 22 40
275858 20 55
276878 26 39
277274 27 40
277304 30 33
277354 19 32
278504 8 35
279101 37 44
279117 32 40
279360 44 31
279451 55 52
279887 39 36
279968 33 35
279986 43 36
280091 50 53
280271 42 50
280319 40 48
280433 38 33
280469 27 28
280566 19 21
281020 41 39
281293 34 40
281827 37 37
281998 31 23
282044 27 30
283287 40 30
283493 42 31
284154 36 25
287363 57 50
287479 31 24
287709 53 34
288239 31 25
288683 36 29
288716 37 30
288800 64 41
288932 43 25
289151 30 22
289199 42 24
289243 47 38
289317 60 26
289358 60 33
289533 46 39
290085 54 29
290106 57 29
291381 41 23
291583 63 31
291595 61 29
292614 45 28
292981 47 29
293358 39 26
293831 36 26
294252 36 24
294748 56 45
295131 38 43
295201 32 20
295358 36 32
295910 44 25
296853 47 62
296923 39 33
297568 55 26
297637 59 26
298264 46 36
298516 26 44
299209 36 34
299239 47 41
299386 23 35
299610 26 25
299965 39 43
300006 19 26
300106 27 47
301219 32 32
302062 30 33
302615 28 30
302668 36 33
302910 25 20
303124 38 39
303233 27 26
303423 24 12
303429 26 18
303738 35 45
304047 49 30
304346 55 49
304558 39 39
304623 38 42
304870 32 40
304924 42 30
305274 31 26
305888 43 41
306466 37 33
306632 28 28
306710 35 35
306829 26 41
306899 21 38
307073 36 45
307107 43 42
307157 28 33
307219 33 49
307225 32 50
307230 37 46
307318 32 33
307334 34 40
307485 35 30
307522 42 34
307557 24 30
307565 22 31
307594 27 34
307617 26 30
307702 16 30
308690 40 62
309066 42 37
309094 39 41
309277 36 36
310090 17 25
310365 21 25
310390 31 29
310442 39 24
310459 41 35
312042 32 39
312135 27 30
312156 30 39
312180 27 35
312372 22 33
312417 22 34
312669 28 38
312675 29 41
312808 31 45
312828 25 43
312839 29 43
312927 32 38
313107 36 50
313206 24 29
313339 38 54
313650 38 45
313781 28 41
313813 27 38
313862 33 39
314076 28 59
314113 35 45
314217 13 50
314366 4 34
314669 39 41
314704 27 38
315203 55 38
315645 60 29
315763 54 24
316132 46 16
316162 57 25
316190 36 25
316204 34 29
316376 58 31
316443 39 25
316611 38 22
317280 50 22
317444 38 15
317665 45 33
318416 62 33
319170 50 37
319997 60 23
320247 42 32
320701 27 14
320876 61 47
321154 44 27
321960 28 23
321972 32 24
322158 22 15
322219 36 31
322879 63 32
323823 72 15
323844 59 12
324064 53 12
324371 51 19
324817 60 11
326026 62 34
326088 82 37
326414 49 28
326698 68 26
327573 29 13
328203 49 23
328677 38 28
328833 40 27
329184 36 26
329378 41 23
329465 40 30
329541 58 40
329614 74 43
329635 70 36
329670 46 23
329781 45 25
329788 47 26
329845 66 47
329915 43 28
329944 41 31
330082 56 42
330513 60 28
330761 73 40
331832 35 25
332194 42 22
332350 53 35
333236 53 15
333293 68 21
333895 53 25
334551 42 20
335176 52 12
335810 56 26
336365 38 20
336826 77 30
337420 9 46
337453 23 33
337468 18 46
337900 47 25
337926 54 30
338874 39 33
339768 45 30
340087 42 24
340448 34 27
340473 35 27
340486 25 22
340732 22 13
340742 17 11
340813 29 17
340879 20 15
341003 26 19
341976 46 36
342012 40 38
342039 38 33
342178 21 34
342320 25 23
342603 11 15
343414 43 38
343716 48 31
344304 46 44
344357 41 31
344597 51 36
344626 53 32
345039 37 28
347379 49 35
347481 33 33
347523 42 39
348795 31 32
348843 26 21
349050 40 28
349071 30 26
349156 39 32
350472 54 43
350529 54 37
350655 32 44
350746 44 29
350767 39 24
350839 33 33
351164 25 28
351204 34 33
351429 37 28
351684 26 27
351957 36 35
351972 34 25
352404 38 33
352620 26 28
352800 47 28
353107 52 25
353286 44 32
353312 46 43
353565 36 39
353598 35 40
353985 30 34
354117 23 15
354186 44 31
355003 36 19
355010 35 17
355052 45 14
355117 53 28
355157 50 49
355226 39 23
355294 43 34
355305 49 31
355885 47 31
355912 41 39
355982 31 29
356237 28 24
356297 22 19
356580 31 19
357249 37 29
357581 49 22
357841 20 24
357928 23 20
357945 26 18
357983 41 40
358856 53 44
359038 43 30
359215 28 27
359777 51 29
360619 40 38
360831 40 35
360881 40 52
360946 38 41
361087 61 42
361718 27 30
361767 39 30
362092 39 30
362413 30 28
362547 41 33
362572 44 32
363672 39 44
363702 56 45
363723 51 38
363864 35 38
363900 43 36
364230 28 26
364288 51 51
364508 24 22
364614 47 31
365476 22 29
365897 44 38
365948 47 37
365967 52 42
366021 40 30
366152 44 23
366484 42 37
367043 55 46
367076 46 48
367166 31 27
367322 55 36
367343 64 44
367736 47 46
367853 54 35
368216 47 17
368269 49 25
368428 38 26
368480 34 21
368561 53 26
368807 54 20
368900 54 23
369350 37 20
370315 65 6
370753 43 10
370792 57 7
370910 66 13
370963 74 10
371407 35 5
372734 65 13
372839 76 10
372854 67 10
373115 66 10
373412 73 14
373649 68 14
373960 70 16
374111 50 8
374184 57 12
374630 79 15
374845 52 10
376524 77 14
376817 64 11
376833 70 13
376847 68 16
376892 75 24
376922 69 14
377294 96 12
377452 71 12
377747 52 13
377858 74 8
377942 71 18
378264 71 10
378438 47 7
378568 101 7
378760 67 9
378803 84 15
378838 64 10
378866 67 15
378904 54 13
379053 53 8
379084 59 8
379090 62 7
379099 60 7
379156 48 16
379203 67 15
379216 67 13
379225 74 12
379280 65 8
379288 61 10
379340 42 8
379370 61 7
379403 35 6
379416 3 10
379900 65 15
380310 68 7
380766 70 9
380960 72 12
381223 61 10
381425 64 12
381499 73 10
381536 62 13
381561 59 15
382177 50 9
382420 40 6
382602 46 11
383109 35 6
383304 56 8
383784 45 14
383958 48 10
384448 70 7
384480 65 10
384670 72 0
384705 78 16
385026 58 18
385206 39 12
385940 50 14
385966 66 8
386021 72 14
386063 72 17
386081 59 13
386144 71 10
386324 70 7
386405 79 15
387294 48 10
387302 49 12
387372 47 8
387634 52 10
388047 59 13
388523 78 5
389234 83 17
389302 43 10
389310 42 10
389325 37 10
389337 38 9
389399 56 6
389526 69 12
389608 51 13
390215 83 10
390247 80 16
390481 94 16
390785 74 9
390930 59 11
391085 71 11
391931 69 13
391961 70 12
392099 82 10
392192 57 14
392568 45 11
392640 59 12
392670 80 9
392796 60 17
393384 41 4
393500 81 20
394527 53 16
394549 56 11
394770 58 12
394801 64 16
396538 75 8
397354 77 10
397392 98 16
397890 76 11
397972 55 10
398000 64 12
398748 69 16
399129 69 7
399432 51 10
399880 66 7
399897 69 8
400113 68 9
400185 62 12
400191 67 14
400203 70 11
400242 51 14
400269 67 15
400323 58 9
400776 68 15
401853 88 12
401991 75 8
402024 57 12
402033 55 11
402858 61 16
403318 65 23
403662 57 17
404003 57 14
404599 66 28
404695 47 6
404951 56 13
405028 74 20
405127 77 12
405160 64 20
405611 61 11
406094 76 12
406121 54 10
406154 57 16
406292 89 21
406607 66 25
406739 69 16
406751 93 15
406977 65 21
407196 58 11
407283 56 16
407317 70 20
407524 48 9
407564 63 14
408015 64 22
408126 71 16
408290 51 20
408315 55 21
408362 62 16
408374 56 16
408484 80 21
408495 80 20
408558 69 15
408761 74 16
409444 81 25
409680 69 16
409755 83 23
410885 80 19
411894 57 14
412058 78 20
412314 53 9
412755 67 9
412904 65 14
413085 65 18
414188 47 19
414908 44 19
414939 59 26
415470 44 23
415491 45 18
415530 46 25
415545 53 24
415629 72 25
415793 54 15
416496 67 22
417030 64 23
417366 74 26
418008 55 33
419220 36 34
419690 44 45
420894 64 30
421393 44 31
421603 26 24
423148 43 29
423712 45 32
424228 53 42
424402 58 49
424468 52 45
424534 58 43
424815 39 43
425080 54 39
425843 50 28
426411 50 25
426690 45 23
426810 55 42
426819 62 48
427255 38 24
427365 38 23
427415 34 27
427893 35 36
428058 49 23
428103 64 30
428232 50 43
428467 45 33
428541 42 28
429270 13 14
429702 32 35
430096 56 37
430105 56 41
430135 59 41
431055 40 32
431422 60 40
431600 28 35
431845 37 25
431919 41 29
431975 48 38
432308 37 28
432329 56 34
432343 52 28
432579 44 31
433228 21 23
433402 25 24
433507 45 24
433720 47 29
433861 46 44
433891 46 45
434133 35 24
434140 46 30
434232 61 45
437046 56 29
437182 52 16
437875 49 19
437886 46 22
438811 90 40
439003 63 34
439250 69 32
439430 43 24
439442 46 27
439474 61 28
439496 55 29
439508 49 28
439790 39 27
439798 39 27
439864 43 28
439999 42 18
440035 31 26
440080 43 25
440102 50 18
440173 46 19
440180 36 17
440226 65 23
440285 90 31
440296 86 25
440314 69 32
440395 29 10
440407 28 12
440512 85 37
440529 88 45
440576 85 30
440819 68 19
441156 44 36
441351 63 32
441585 47 16
442185 78 24
442494 61 19
442650 53 26
442954 72 13
443239 79 37
443815 49 28
444004 73 31
444487 27 14
445223 32 29
445268 35 21
445299 48 24
445702 51 15
446693 38 24
446976 53 29
447121 53 17
447145 42 16
447960 64 21
448116 59 31
448135 68 32
448287 37 24
449231 38 25
449582 52 28
449881 44 15
450459 49 26
452044 74 38
452944 49 32
453304 29 16
453361 53 26
454600 42 24
455629 47 26
456207 72 25
456406 45 17
456829 56 23
456970 58 15
457342 62 19
457574 28 29
457638 28 29
457700 24 20
457896 47 48
458035 33 18
458102 26 27
458154 40 27
458212 48 33
458249 35 29
458691 45 23
458805 68 26
459163 45 23
459180 42 18
459441 60 18
459627 58 26
459896 49 17
459914 46 10
460411 57 27
460475 39 18
460516 49 18
460538 51 26
460865 46 25
461031 95 30
461153 61 23
461461 52 13
461764 63 29
462496 60 24
462643 64 34
462932 46 18
463220 51 15
463241 56 18
463701 53 23
464323 7 50
464340 12 41
464754 44 17
465237 39 21
465945 66 35
466330 59 24
466365 36 24
466758 84 27
467014 57 28
467230 43 14
467301 42 25
467320 44 21
467353 56 20
467449 61 32
467605 46 32
467665 56 33
467692 57 26
467698 58 19
467938 44 32
467998 49 26
468379 44 29
468713 58 23
469178 85 34
469276 40 18
469969 43 36
469986 40 28
470171 59 30
470560 51 22
470909 71 31
471059 50 20
471222 44 12
471442 43 26
471575 47 21
471738 51 25
471761 45 22
472620 61 27
473351 68 29
473678 51 21
473699 53 24
474233 61 15
474317 44 29
474397 63 23
474542 66 33
474725 62 27
474860 61 37
474869 52 28
474899 56 27
475253 57 37
475298 50 23
475862 81 11
476085 86 11
476310 75 14
477005 52 23
477126 81 21
477279 47 12
477834 50 32
478235 48 42
478254 55 37
478960 48 23
479165 58 29
479402 61 23
479615 41 40
479643 53 33
479909 56 33
480485 33 15
480557 48 46
480692 31 25
480716 44 26
480734 35 30
480791 23 30
481058 49 29
482925 47 30
483017 62 35
483691 43 36
484010 49 36
484451 32 26
484844 60 54
485183 55 31
485503 44 34
485825 37 26
487098 28 34
487545 44 35
489634 62 36
489823 54 32
489833 59 35
489878 55 27
489919 42 24
490229 52 37
490577 61 39
490996 39 29
491212 35 27
491553 50 40
493226 60 32
493255 54 28
493348 30 26
493492 45 32
493552 65 40
493772 40 43
493818 41 37
494238 42 34
495267 42 22
495414 58 41
495453 69 48
495621 66 30
495681 63 49
495720 71 27
495908 48 32
495915 49 34
496041 41 32
496185 44 28
497091 42 25
497455 45 47
497938 61 36
497961 50 32
497979 51 31
497986 44 29
498073 46 29
498214 41 23
498481 36 29
498730 35 29
499366 62 24
499726 59 26
499909 55 36
500046 59 37
500314 72 37
500560 65 27
500725 53 52
501110 66 50
501229 54 35
501239 51 31
501293 45 38
501917 53 40
502031 62 30
502562 57 35
503231 57 23
503507 47 28
503710 44 38
504140 50 53
504941 52 32
505436 47 32
505474 38 28
505625 49 40
506045 56 43
507260 52 22
507270 56 31
508052 51 48
508388 56 29
508449 44 25
508690 68 35
508735 65 41
509347 47 40
509634 34 28
509852 49 33
510796 37 31
510933 47 24
510942 41 21
511227 50 34
511269 47 28
511997 47 40
512132 46 28
512375 60 23
512882 53 30
513254 50 33
513344 44 42
513356 41 40
513380 46 28
513388 51 26
513397 62 44
513408 51 31
513438 62 32
513461 69 48
513600 48 29
513626 38 24
513688 53 44
513714 58 41
513935 38 33
513948 39 31
513962 40 35
514674 44 43
514827 45 27
515598 67 40
515956 59 30
516024 58 31
516048 39 31
516105 48 28
516147 61 32
516236 42 19
516496 48 37
516763 48 29
516780 47 29
516986 53 27
517013 72 28
517087 53 32
517376 52 31
517512 46 21
517786 29 19
518143 27 20
519457 50 32
519608 51 35
519704 55 32
520185 47 24
520424 39 24
521569 43 31
521628 52 33
521690 47 34
522111 51 32
522228 54 34
522691 52 30
522703 53 30
523556 24 14
523625 29 21
523911 33 33
523998 32 48
524052 30 49
524076 26 34
524860 50 78
525192 32 52
525204 29 53
525426 44 53
525768 47 57
526692 39 55
526916 27 35
526997 40 48
527023 42 50
527319 44 47
527381 55 56
527435 41 42
527447 36 41
527838 48 34
528604 34 46
528641 31 48
528996 36 47
529456 33 47
529490 46 49
529495 50 55
529535 38 47
529544 34 49
529604 37 53
529613 34 48
530032 41 51
530106 54 65
530309 23 24
530344 27 30
531155 27 40
531383 31 42
531485 37 46
532085 25 41
533511 28 39
533767 28 42
537462 29 43
537693 37 45
538061 36 40
538666 37 53
539081 57 42
540199 42 54
540209 37 49
540369 34 50
540551 32 61
540746 26 51
542147 23 42
542565 44 49
543173 27 44
543363 37 61
544892 31 52
546498 47 51
546516 42 45
547100 34 41
547138 52 67
548786 49 66
548999 40 41
549008 36 39
549315 46 42
549553 36 43
549652 28 58
549698 23 50
549867 31 43
550363 41 57
550375 38 49
550402 43 42
550476 53 69
550567 36 45
550912 51 54
550955 42 44
551063 27 29
551073 32 29
551156 41 62
552363 34 51
552446 25 47
552464 33 44
552504 36 43
552516 41 47
552641 38 41
552704 36 48
552727 36 53
552905 33 57
553193 51 44
553250 50 54
553301 40 57
553748 42 42
553868 53 45
554056 42 49
554468 37 53
554508 42 54
556303 38 54
557877 46 27
558084 70 44
558320 63 43
558438 45 38
558758 36 41
558974 43 42
559066 51 38
559333 55 42
560187 34 44
560621 29 43
560992 65 53
561199 42 47
561284 49 37
561340 48 39
561394 62 47
561939 37 31
562061 49 44
562305 64 56
562420 32 44
562834 51 39
562900 42 35
563050 65 44
563100 55 39
563311 46 34
564163 45 45
564201 47 35
565070 44 41
565153 47 42
565232 41 35
565434 37 39
565549 48 48
566214 38 40
566231 40 38
567898 43 38
568219 44 30
568469 47 38
568594 46 32
568675 45 34
569596 65 36
569613 60 27
570017 67 38
570026 62 45
570065 55 40
570622 50 31
570645 55 33
570840 56 26
570941 56 46
571114 51 25
571228 56 34
571429 47 49
571648 46 42
571705 39 42
572431 38 26
572696 59 29
572707 48 28
572954 54 40
573462 59 29
574194 49 34
574344 60 46
574687 37 28
574708 46 28
574968 67 45
575020 52 30
575131 68 32
575161 69 25
575272 53 37
575398 50 30
575407 49 26
575954 42 39
576489 33 44
576868 44 38
576982 46 50
577003 48 39
578024 45 49
578635 26 32
578695 32 29
578711 35 39
579083 44 55
579119 33 43
579572 41 43
579785 46 52
579883 41 35
580023 59 56
580353 37 50
580378 37 48
580404 33 48
580715 30 54
580969 36 53
581003 37 42
581159 44 50
581284 29 31
581329 45 53
581422 38 18
581840 38 47
581990 47 50
582008 44 50
582452 38 48
582608 29 43
582665 50 64
582687 49 61
582728 48 54
583904 39 53
583970 34 39
583985 31 42
584264 24 47
584386 21 41
584444 44 49
584558 40 38
584586 46 49
584593 50 54
585225 41 52
585302 47 56
585362 45 49
585475 27 42
585533 38 50
585904 40 48
586125 38 38
586285 37 32
586780 55 41
587473 41 77
587747 57 61
587779 45 73
588118 35 63
588131 36 59
588325 33 35
588343 33 33
588428 47 33
589072 31 30
589290 56 50
589354 61 40
589368 56 40
589479 61 43
589563 44 37
589862 70 46
589959 49 49
591178 45 43
591184 50 39
591452 49 35
591460 49 37
591610 55 58
591615 59 57
592018 50 41
592117 50 34
593726 55 33
594258 57 41
594284 39 41
594497 49 51
594527 53 55
594800 63 52
594818 51 41
595049 86 75
596365 53 49
596543 43 36
596940 52 52
597754 51 46
598037 53 53
598103 53 47
598463 47 46
598545 56 41
598878 52 40
598948 65 41
599076 42 32
599133 55 53
599151 55 55
599396 57 44
599520 41 35
599565 42 39
599574 44 32
599616 35 30
599640 32 35
599685 41 37
599700 39 26
599904 49 34
599947 38 27
599997 51 41
600606 56 38
600630 50 36
600718 58 46
600801 48 33
601707 71 50
602304 39 40
602400 68 45
602589 24 22
602691 66 69
603600 45 35
603727 71 31
603897 56 35
604855 70 39
605073 37 16
605588 57 24
605699 56 39
605726 61 41
606212 60 36
606425 56 45
606713 42 34
606812 45 34
607343 37 32
607569 45 37
608235 35 45
608434 53 51
608922 55 56
609077 70 49
609391 44 50
609416 55 56
609755 54 59
609775 59 51
609935 46 32
610014 36 45
610062 37 36
610310 56 31
610540 57 42
610760 65 50
611152 40 44
611252 43 31
611803 55 42
611848 46 44
612037 56 35
612350 35 44
612654 54 51
612791 50 51
612803 49 51
612872 36 35
613151 68 56
613171 49 56
613178 44 58
613187 40 53
613205 24 53
613307 36 40
613772 53 52
613782 58 53
613864 51 60
614159 51 59
614202 33 41
614221 47 43
614255 62 67
615370 31 36
615544 56 41
615583 50 47
615694 30 36
615712 31 29
616128 46 51
616151 36 32
616288 49 61
616552 46 53
617067 18 16
617167 37 43
618528 28 30
618684 26 48
618781 55 63
618787 52 64
619192 45 40
619400 58 45
619568 42 52
619658 27 33
619716 33 31
619721 29 29
620204 38 38
620313 68 78
620477 39 35
620841 58 49
620864 47 59
620873 52 63
620964 37 31
620981 36 35
621140 55 57
621197 40 53
621302 46 42
621344 49 42
621775 52 42
621910 40 55
621920 33 53
621965 51 68
622118 71 63
622152 49 64
622266 20 33
622964 45 47
622985 46 53
623015 53 54
623102 40 40
624422 36 48
624440 48 50
624474 44 50
624524 40 42
624715 45 36
624722 44 40
624994 47 42
625099 61 58
625148 40 49
625173 40 54
625266 47 55
625297 53 69
625347 51 47
625907 46 54
625940 36 51
626065 42 56
626972 53 59
627060 61 49
627071 61 56
627089 54 54
627111 51 64
627555 48 74
627624 76 66
627726 29 47
627765 26 38
627921 58 47
628284 55 49
628437 48 32
628623 52 51
628648 33 36
628662 43 46
628869 47 40
629084 51 70
629310 65 60
630421 25 57
631049 39 63
631058 35 52
631082 27 59
631538 47 76
631778 27 60
632033 35 46
632048 28 45
632150 38 58
632223 42 68
632298 40 73
632394 9 26
632445 18 46
632454 20 43
632797 27 69
633037 29 55
633124 24 39
633403 40 73
633450 34 76
633463 31 71
633646 27 68
633831 39 70
633939 27 58
634680 22 47
635197 23 46
635228 20 42
635496 25 62
636369 21 70
636480 35 61
636549 32 78
637104 21 54
637326 33 66
637423 30 49
637518 38 62
637733 21 62
637868 21 67
639433 28 64
640541 34 89
641481 28 67
641726 28 61
642210 30 71
642518 29 73
642789 25 72
642845 32 82
642898 24 84
642917 23 82
643001 31 86
643096 26 78
643117 26 74
643166 29 77
643223 24 70
643942 35 56
644110 24 52
644444 31 81
644656 18 70
644830 29 67
644985 20 58
645333 16 59
646003 36 98
646854 16 68
646968 5 20
647766 7 56
648985 20 59
649252 25 78
649582 28 78
650041 17 65
650112 24 81
650199 18 68
651167 29 88
651269 27 49
651945 29 83
652146 37 89
652166 33 69
652767 28 89
652920 22 77
652988 26 71
653183 16 78
653414 25 97
653701 19 57
653981 28 69
654092 21 50
654103 20 55
654220 22 51
655897 12 66
656770 9 74
656779 7 59
657020 18 79
657143 14 84
658189 10 62
658204 8 64
658223 7 57
660776 5 38
661590 2 9
663422 3 22
663645 8 21
663664 9 26
663753 22 25
663817 13 13
663930 7 27
663990 6 14
664015 8 16
664057 7 17
664122 14 10
664245 2 10
665072 12 86
665138 10 82
665473 14 104
666057 4 34
667154 2 11
